0.0025, 1.33293, 111.799, 149993, 0.158834, 159.255, 126617, -0.538397
0.0075, 1.33293, 111.799, 149994, 0.158834, 159.255, 126617, -0.533737
0.0125, 1.33294, 111.797, 149994, 0.158834, 159.255, 126617, -0.528737
0.0175, 1.33294, 111.796, 149995, 0.158834, 159.255, 126617, -0.523737
0.0225, 1.33295, 111.795, 149996, 0.158834, 159.255, 126617, -0.518737
0.0275, 1.33295, 111.794, 149996, 0.158834, 159.255, 126617, -0.513737
0.0325, 1.33295, 111.794, 149996, 0.158834, 159.255, 126617, -0.508737
0.0375, 1.33295, 111.794, 149996, 0.158834, 159.255, 126617, -0.503737
0.0425, 1.33295, 111.794, 149996, 0.158834, 159.255, 126617, -0.498737
0.0475, 1.33295, 111.794, 149996, 0.158834, 159.255, 126617, -0.493737
0.0525, 1.33295, 111.795, 149995, 0.158834, 159.255, 126617, -0.488737
0.0575, 1.33294, 111.797, 149995, 0.158834, 159.255, 126617, -0.483737
0.0625, 1.33293, 111.798, 149994, 0.158834, 159.255, 126617, -0.478737
0.0675, 1.33293, 111.799, 149993, 0.158834, 159.255, 126617, -0.473737
0.0725, 1.33293, 111.8, 149993, 0.158834, 159.255, 126617, -0.468737
0.0775, 1.33293, 111.8, 149993, 0.158834, 159.255, 126617, -0.463737
0.0825, 1.33293, 111.8, 149993, 0.158834, 159.255, 126617, -0.458737
0.0875, 1.33293, 111.8, 149993, 0.158834, 159.255, 126617, -0.453737
0.0925, 1.33293, 111.8, 149993, 0.158834, 159.255, 126617, -0.448737
0.0975, 1.33294, 111.8, 149993, 0.158834, 159.255, 126617, -0.443737
0.1025, 1.33295, 111.799, 149993, 0.158834, 159.255, 126617, -0.438737
0.1075, 1.33295, 111.798, 149994, 0.158834, 159.255, 126617, -0.433737
0.1125, 1.33296, 111.797, 149995, 0.158834, 159.255, 126617, -0.428737
0.1175, 1.33297, 111.795, 149995, 0.158834, 159.255, 126617, -0.423737
0.1225, 1.33298, 111.793, 149996, 0.158834, 159.255, 126617, -0.418737
0.1275, 1.33298, 111.792, 149997, 0.158834, 159.255, 126617, -0.413737
0.1325, 1.33298, 111.791, 149997, 0.158834, 159.255, 126617, -0.408737
0.1375, 1.33298, 111.791, 149998, 0.158834, 159.255, 126617, -0.403737
0.1425, 1.33297, 111.791, 149998, 0.158834, 159.255, 126617, -0.398737
0.1475, 1.33295, 111.791, 149998, 0.158834, 159.255, 126617, -0.393737
0.1525, 1.33288, 111.792, 149997, 0.158834, 159.255, 126617, -0.388737
0.1575, 1.33271, 111.794, 149996, 0.158834, 159.255, 126617, -0.383737
0.1625, 1.33241, 111.795, 149996, 0.158834, 159.255, 126617, -0.378737
0.1675, 1.33204, 111.796, 149995, 0.158834, 159.255, 126617, -0.373737
0.1725, 1.33168, 111.797, 149995, 0.158834, 159.255, 126617, -0.368737
0.1775, 1.33139, 111.797, 149994, 0.158834, 159.255, 126617, -0.363737
0.1825, 1.33117, 111.798, 149994, 0.158834, 159.255, 126617, -0.358737
0.1875, 1.33101, 111.798, 149994, 0.158834, 159.255, 126617, -0.353737
0.1925, 1.33092, 111.798, 149994, 0.158834, 159.255, 126617, -0.348737
0.1975, 1.33088, 111.798, 149994, 0.158834, 159.255, 126617, -0.343737
0.2025, 1.33087, 111.798, 149994, 0.158834, 159.255, 126617, -0.338737
0.2075, 1.33087, 111.798, 149994, 0.158834, 159.255, 126617, -0.333737
0.2125, 1.33092, 111.798, 149994, 0.158834, 159.255, 126617, -0.328737
0.2175, 1.3311, 111.797, 149994, 0.158834, 159.255, 126617, -0.323737
0.2225, 1.33145, 111.796, 149995, 0.158834, 159.255, 126617, -0.318737
0.2275, 1.33183, 111.795, 149995, 0.158834, 159.255, 126617, -0.313737
0.2325, 1.33217, 111.794, 149996, 0.158834, 159.255, 126617, -0.308737
0.2375, 1.33244, 111.794, 149996, 0.158834, 159.255, 126617, -0.303737
0.2425, 1.33264, 111.793, 149996, 0.158834, 159.255, 126617, -0.298737
0.2475, 1.33278, 111.793, 149997, 0.158834, 159.255, 126617, -0.293737
0.2525, 1.33288, 111.793, 149997, 0.158834, 159.255, 126617, -0.288737
0.2575, 1.33294, 111.793, 149997, 0.158834, 159.255, 126617, -0.283737
0.2625, 1.33297, 111.794, 149997, 0.158834, 159.255, 126617, -0.278737
0.2675, 1.33299, 111.794, 149996, 0.158834, 159.255, 126617, -0.273737
0.2725, 1.33299, 111.795, 149996, 0.158834, 159.255, 126617, -0.268737
0.2775, 1.333, 111.796, 149995, 0.158834, 159.255, 126617, -0.263737
0.2825, 1.333, 111.796, 149995, 0.158834, 159.255, 126617, -0.258737
0.2875, 1.333, 111.796, 149995, 0.158834, 159.255, 126617, -0.253737
0.2925, 1.33301, 111.796, 149994, 0.158834, 159.255, 126617, -0.248737
0.2975, 1.33304, 111.796, 149994, 0.158834, 159.255, 126617, -0.243737
0.3025, 1.3331, 111.796, 149994, 0.158834, 159.255, 126617, -0.238737
0.3075, 1.33318, 111.796, 149994, 0.158834, 159.255, 126617, -0.233737
0.3125, 1.33325, 111.796, 149994, 0.158834, 159.255, 126617, -0.228737
0.3175, 1.33329, 111.796, 149995, 0.158834, 159.255, 126617, -0.223737
0.3225, 1.33332, 111.796, 149995, 0.158834, 159.255, 126617, -0.218737
0.3275, 1.33334, 111.796, 149995, 0.158834, 159.255, 126617, -0.213737
0.3325, 1.33334, 111.795, 149995, 0.158834, 159.255, 126617, -0.208737
0.3375, 1.33334, 111.794, 149996, 0.158834, 159.255, 126617, -0.203737
0.3425, 1.33332, 111.793, 149997, 0.158834, 159.255, 126617, -0.198737
0.3475, 1.33328, 111.791, 149998, 0.158834, 159.255, 126617, -0.193737
0.3525, 1.33323, 111.79, 149999, 0.158834, 159.255, 126617, -0.188737
0.3575, 1.3332, 111.789, 149999, 0.158834, 159.255, 126617, -0.183737
0.3625, 1.33318, 111.789, 149999, 0.158834, 159.255, 126617, -0.178737
0.3675, 1.33318, 111.789, 149999, 0.158834, 159.255, 126617, -0.173737
0.3725, 1.33317, 111.791, 149998, 0.158834, 159.255, 126617, -0.168737
0.3775, 1.33316, 111.798, 149994, 0.158834, 159.255, 126617, -0.163737
0.3825, 1.33312, 111.816, 149984, 0.158834, 159.255, 126617, -0.158737
0.3875, 1.33301, 111.861, 149960, 0.158834, 159.255, 126617, -0.153737
0.3925, 1.33272, 111.966, 149905, 0.158834, 159.255, 126617, -0.148738
0.3975, 1.33194, 112.214, 149774, 0.158834, 159.255, 126617, -0.143738
0.4025, 1.33004, 112.797, 149466, 0.158834, 159.255, 126617, -0.13874
0.4075, 1.32517, 114.269, 148691, 0.158834, 159.255, 126617, -0.133744
0.4125, 1.31555, 117.166, 147176, 0.158834, 159.255, 126617, -0.128752
0.4175, 1.30111, 121.521, 144922, 0.158834, 159.255, 126617, -0.123764
0.4225, 1.28329, 126.96, 142151, 0.158834, 159.255, 126617, -0.118781
0.4275, 1.26447, 132.762, 139246, 0.158834, 159.255, 126617, -0.113798
0.4325, 1.24676, 138.249, 136544, 0.158834, 159.255, 126617, -0.108815
0.4375, 1.23116, 143.131, 134178, 0.158834, 159.255, 126617, -0.103831
0.4425, 1.21791, 147.312, 132180, 0.158834, 159.255, 126617, -0.0988437
0.4475, 1.20711, 150.742, 130560, 0.158834, 159.255, 126617, -0.0938545
0.4525, 1.19872, 153.435, 129301, 0.158834, 159.255, 126617, -0.0888631
0.4575, 1.1925, 155.453, 128364, 0.158834, 159.255, 126617, -0.0838695
0.4625, 1.18817, 156.893, 127699, 0.158834, 159.255, 126617, -0.0788741
0.4675, 1.18535, 157.869, 127249, 0.158834, 159.255, 126617, -0.0738773
0.4725, 1.18366, 158.496, 126961, 0.158834, 159.255, 126617, -0.0688793
0.4775, 1.18272, 158.875, 126788, 0.158834, 159.255, 126617, -0.0638805
0.4825, 1.18221, 159.09, 126691, 0.158834, 159.255, 126617, -0.0588812
0.4875, 1.18188, 159.199, 126639, 0.158834, 159.255, 126617, -0.0538816
0.4925, 1.18159, 159.247, 126614, 0.158834, 159.255, 126617, -0.0488818
0.4975, 1.18135, 159.263, 126608, 0.158834, 159.255, 126617, -0.0438818
0.5025, 1.18114, 159.255, 126611, 0.158834, 159.255, 126617, -0.0388818
0.5075, 1.18092, 159.239, 126616, 0.158834, 159.255, 126617, -0.0338817
0.5125, 1.1807, 159.227, 126618, 0.158834, 159.255, 126617, -0.0288817
0.5175, 1.1805, 159.226, 126620, 0.158834, 159.255, 126617, -0.0238817
0.5225, 1.18034, 159.233, 126620, 0.158834, 159.255, 126617, -0.0188817
0.5275, 1.18022, 159.242, 126621, 0.158834, 159.255, 126617, -0.0138818
0.5325, 1.18014, 159.249, 126620, 0.158834, 159.255, 126617, -0.00888177
0.5375, 1.1801, 159.254, 126619, 0.158834, 159.255, 126617, -0.00388178
0.5425, 1.18009, 159.255, 126617, 0.158834, 159.255, 126617, 0.00111821
0.5475, 1.18009, 159.255, 126617, 0.158834, 159.253, 126617, 0.00611822
0.5525, 1.18009, 159.255, 126617, 0.158833, 159.25, 126616, 0.0111182
0.5575, 1.18009, 159.255, 126617, 0.158832, 159.246, 126615, 0.0161182
0.5625, 1.18009, 159.255, 126617, 0.15883, 159.243, 126615, 0.0211183
0.5675, 1.18009, 159.255, 126617, 0.158828, 159.24, 126614, 0.0261183
0.5725, 1.18009, 159.255, 126617, 0.158826, 159.234, 126613, 0.0311183
0.5775, 1.18009, 159.255, 126617, 0.158824, 159.224, 126611, 0.0361183
0.5825, 1.18009, 159.255, 126617, 0.158822, 159.213, 126609, 0.0411184
0.5875, 1.18009, 159.255, 126617, 0.158821, 159.203, 126608, 0.0461184
0.5925, 1.18009, 159.255, 126617, 0.15882, 159.195, 126606, 0.0511184
0.5975, 1.18009, 159.255, 126617, 0.158819, 159.188, 126605, 0.0561184
0.6025, 1.18009, 159.255, 126617, 0.158818, 159.181, 126603, 0.0611185
0.6075, 1.18009, 159.255, 126617, 0.158817, 159.174, 126602, 0.0661185
0.6125, 1.18009, 159.255, 126617, 0.158816, 159.169, 126601, 0.0711185
0.6175, 1.18009, 159.255, 126617, 0.158815, 159.166, 126601, 0.0761185
0.6225, 1.18009, 159.255, 126617, 0.158815, 159.165, 126600, 0.0811185
0.6275, 1.18009, 159.255, 126617, 0.158815, 159.165, 126600, 0.0861185
0.6325, 1.18009, 159.255, 126617, 0.158815, 159.167, 126601, 0.0911185
0.6375, 1.18009, 159.255, 126617, 0.158816, 159.176, 126602, 0.0961184
0.6425, 1.18009, 159.255, 126617, 0.158818, 159.196, 126606, 0.101118
0.6475, 1.18009, 159.255, 126617, 0.158822, 159.225, 126611, 0.106118
0.6525, 1.18009, 159.255, 126617, 0.158827, 159.261, 126618, 0.111118
0.6575, 1.18009, 159.255, 126617, 0.158832, 159.298, 126625, 0.116118
0.6625, 1.18009, 159.255, 126617, 0.158836, 159.332, 126631, 0.121118
0.6675, 1.18009, 159.255, 126617, 0.15884, 159.368, 126638, 0.126118
0.6725, 1.18009, 159.255, 126617, 0.158845, 159.408, 126645, 0.131118
0.6775, 1.18009, 159.255, 126617, 0.158852, 159.457, 126654, 0.136117
0.6825, 1.18009, 159.255, 126617, 0.158858, 159.511, 126664, 0.141117
0.6875, 1.18009, 159.255, 126617, 0.158865, 159.56, 126673, 0.146117
0.6925, 1.18009, 159.255, 126617, 0.15887, 159.599, 126680, 0.151117
0.6975, 1.18009, 159.255, 126617, 0.158873, 159.627, 126685, 0.156117
0.7025, 1.18009, 159.255, 126617, 0.158875, 159.643, 126688, 0.161117
0.7075, 1.18009, 159.255, 126617, 0.158876, 159.65, 126689, 0.166117
0.7125, 1.18009, 159.255, 126617, 0.158876, 159.652, 126689, 0.171117
0.7175, 1.18009, 159.255, 126617, 0.158875, 159.647, 126689, 0.176117
0.7225, 1.18009, 159.255, 126617, 0.158871, 159.617, 126683, 0.181117
0.7275, 1.18009, 159.255, 126617, 0.15886, 159.541, 126669, 0.186118
0.7325, 1.18009, 159.255, 126617, 0.158847, 159.448, 126652, 0.191118
0.7375, 1.18009, 159.255, 126617, 0.158832, 159.346, 126633, 0.196118
0.7425, 1.18009, 159.255, 126617, 0.158812, 159.207, 126608, 0.201119
0.7475, 1.18009, 159.255, 126617, 0.158782, 158.987, 126567, 0.20612
0.7525, 1.18009, 159.255, 126617, 0.158734, 158.64, 126504, 0.211121
0.7575, 1.18009, 159.255, 126617, 0.158667, 158.157, 126416, 0.216123
0.7625, 1.18009, 159.255, 126617, 0.158586, 157.577, 126309, 0.221125
0.7675, 1.18009, 159.255, 126617, 0.1585, 156.964, 126197, 0.226127
0.7725, 1.18009, 159.255, 126617, 0.158412, 156.327, 126081, 0.231129
0.7775, 1.18009, 159.255, 126617, 0.158304, 155.55, 125939, 0.236132
0.7825, 1.18009, 159.255, 126617, 0.158149, 154.421, 125734, 0.241137
0.7875, 1.18009, 159.255, 126617, 0.157929, 152.818, 125442, 0.246143
0.7925, 1.18009, 159.255, 126617, 0.15766, 150.861, 125086, 0.251149
0.7975, 1.18009, 159.255, 126617, 0.157344, 148.56, 124669, 0.256159
0.8025, 1.18009, 159.255, 126617, 0.15685, 144.89, 124006, 0.261179
0.8075, 1.18009, 159.255, 126617, 0.15569, 136.516, 122504, 0.266239
0.8125, 1.18009, 159.255, 126617, 0.152158, 110.553, 117939, 0.271357
0.8175, 1.18009, 159.255, 126617, 0.146903, 70.6466, 111190, 0.276458
0.8225, 1.18009, 159.255, 126617, 0.143073, 40.8876, 106361, 0.281519
0.8275, 1.18009, 159.255, 126617, 0.140892, 23.737, 103654, 0.286552
0.8325, 1.18009, 159.255, 126617, 0.139718, 14.4569, 102213, 0.291571
0.8375, 1.18009, 159.255, 126617, 0.139065, 9.27323, 101415, 0.296582
0.8425, 1.18009, 159.255, 126617, 0.138677, 6.18961, 100943, 0.301589
0.8475, 1.18009, 159.255, 126617, 0.138432, 4.24421, 100646, 0.306593
0.8525, 1.18009, 159.255, 126617, 0.138271, 2.96179, 100450, 0.311596
0.8575, 1.18009, 159.255, 126617, 0.138162, 2.09066, 100318, 0.316598
0.8625, 1.18009, 159.255, 126617, 0.138086, 1.48698, 100226, 0.3216
0.8675, 1.18009, 159.255, 126617, 0.138033, 1.06301, 100161, 0.326601
0.8725, 1.18009, 159.255, 126617, 0.137996, 0.762538, 100116, 0.331601
0.8775, 1.18009, 159.255, 126617, 0.137969, 0.548266, 100083, 0.336602
0.8825, 1.18009, 159.255, 126617, 0.137949, 0.394796, 100060, 0.341602
0.8875, 1.18009, 159.255, 126617, 0.137936, 0.284544, 100043, 0.346602
0.8925, 1.18009, 159.255, 126617, 0.137926, 0.205172, 100031, 0.351603
0.8975, 1.18009, 159.255, 126617, 0.137919, 0.147951, 100022, 0.356603
0.9025, 1.18009, 159.255, 126617, 0.137913, 0.10666, 100016, 0.361603
0.9075, 1.18009, 159.255, 126617, 0.13791, 0.0768487, 100012, 0.366603
0.9125, 1.18009, 159.255, 126617, 0.137907, 0.0553201, 100008, 0.371603
0.9175, 1.18009, 159.255, 126617, 0.137905, 0.0397732, 100006, 0.376603
0.9225, 1.18009, 159.255, 126617, 0.137904, 0.0285485, 100004, 0.381603
0.9275, 1.18009, 159.255, 126617, 0.137903, 0.0204479, 100003, 0.386603
0.9325, 1.18009, 159.255, 126617, 0.137902, 0.0146054, 100002, 0.391603
0.9375, 1.18009, 159.255, 126617, 0.137901, 0.0103947, 100002, 0.396603
0.9425, 1.18009, 159.255, 126617, 0.137901, 0.00736259, 100001, 0.401603
0.9475, 1.18009, 159.255, 126617, 0.137901, 0.00518088, 100001, 0.406603
0.9525, 1.18009, 159.255, 126617, 0.1379, 0.00361209, 100001, 0.411603
0.9575, 1.18009, 159.255, 126617, 0.1379, 0.00248438, 100000, 0.416603
0.9625, 1.18009, 159.255, 126617, 0.1379, 0.00167356, 100000, 0.421603
0.9675, 1.18009, 159.255, 126617, 0.1379, 0.00109006, 100000, 0.426603
0.9725, 1.18009, 159.255, 126617, 0.1379, 0.000669475, 100000, 0.431603
0.9775, 1.18009, 159.255, 126617, 0.1379, 0.00036561, 100000, 0.436603
0.9825, 1.18009, 159.255, 126617, 0.1379, 0.00014552, 100000, 0.441603
0.9875, 1.18009, 159.255, 126617, 0.1379, -1.40746e-05, 100000, 0.446603
0.9925, 1.18009, 159.255, 126617, 0.1379, -0.000131716, 100000, 0.451603
0.9975, 1.18009, 159.255, 126617, 0.1379, -0.000222179, 100000, 0.456603
