0.0025, 1.33195, 112.096, 149836, 0.1379, -0.000238532, 99999.9, -0.4975
0.0075, 1.33195, 112.097, 149836, 0.1379, -0.000238532, 99999.9, -0.492907
0.0125, 1.33198, 112.09, 149839, 0.1379, -0.000238532, 99999.9, -0.487907
0.0175, 1.33214, 112.043, 149864, 0.1379, -0.000238532, 99999.9, -0.482907
0.0225, 1.33241, 111.969, 149904, 0.1379, -0.000238532, 99999.9, -0.477907
0.0275, 1.33264, 111.909, 149935, 0.1379, -0.000238532, 99999.9, -0.472907
0.0325, 1.33275, 111.875, 149953, 0.1379, -0.000238532, 99999.9, -0.467907
0.0375, 1.33278, 111.86, 149962, 0.1379, -0.000238532, 99999.9, -0.462907
0.0425, 1.33277, 111.855, 149964, 0.1379, -0.000238532, 99999.9, -0.457907
0.0475, 1.33274, 111.855, 149964, 0.1379, -0.000238532, 99999.9, -0.452907
0.0525, 1.33265, 111.857, 149962, 0.1379, -0.000238532, 99999.9, -0.447907
0.0575, 1.33246, 111.857, 149962, 0.1379, -0.000238532, 99999.9, -0.442907
0.0625, 1.33199, 111.848, 149967, 0.1379, -0.000238532, 99999.9, -0.437907
0.0675, 1.3311, 111.837, 149975, 0.1379, -0.000238532, 99999.9, -0.432907
0.0725, 1.33003, 111.83, 149979, 0.1379, -0.000238532, 99999.9, -0.427906
0.0775, 1.3292, 111.825, 149982, 0.1379, -0.000238532, 99999.9, -0.422906
0.0825, 1.32875, 111.822, 149983, 0.1379, -0.000238532, 99999.9, -0.417906
0.0875, 1.32862, 111.821, 149984, 0.1379, -0.000238532, 99999.9, -0.412906
0.0925, 1.32877, 111.824, 149985, 0.1379, -0.000238532, 99999.9, -0.407906
0.0975, 1.32947, 111.831, 149988, 0.1379, -0.000238532, 99999.9, -0.402906
0.1025, 1.33063, 111.83, 149989, 0.1379, -0.000238532, 99999.9, -0.397906
0.1075, 1.33165, 111.809, 149980, 0.1379, -0.000238532, 99999.9, -0.392906
0.1125, 1.33225, 111.766, 149938, 0.1379, -0.000238532, 99999.9, -0.387906
0.1175, 1.33251, 111.572, 149838, 0.1379, -0.000238532, 99999.9, -0.382905
0.1225, 1.33113, 110.874, 149489, 0.1379, -0.000238532, 99999.9, -0.377901
0.1275, 1.32164, 108.029, 148015, 0.1379, -0.000238532, 99999.9, -0.372884
0.1325, 1.28184, 96.4943, 142032, 0.1379, -0.000238532, 99999.9, -0.367825
0.1375, 1.19706, 70.0396, 129167, 0.1379, -0.000238532, 99999.9, -0.362718
0.1425, 1.11037, 40.5076, 116092, 0.1379, -0.000238532, 99999.9, -0.357619
0.1475, 1.05422, 20.1974, 107780, 0.1379, -0.000238532, 99999.9, -0.352557
0.1525, 1.0242, 9.05665, 103432, 0.1379, -0.000238532, 99999.9, -0.347525
0.1575, 1.01006, 3.76766, 101417, 0.1379, -0.000238532, 99999.9, -0.34251
0.1625, 1.00395, 1.48077, 100555, 0.1379, -0.000238532, 99999.9, -0.337504
0.1675, 1.00148, 0.553822, 100207, 0.1379, -0.000238532, 99999.9, -0.332501
0.1725, 1.00053, 0.197443, 100074, 0.1379, -0.000238532, 99999.9, -0.3275
0.1775, 1.00018, 0.0670439, 100025, 0.1379, -0.000238532, 99999.9, -0.3225
0.1825, 1.00006, 0.0216474, 100008, 0.1379, -0.000238532, 99999.9, -0.3175
0.1875, 1.00002, 0.00663378, 100002, 0.1379, -0.000238532, 99999.9, -0.3125
0.1925, 1.00001, 0.0019258, 100001, 0.1379, -0.000238532, 99999.9, -0.3075
0.1975, 1, 0.000528648, 100000, 0.1379, -0.000238532, 99999.9, -0.3025
0.2025, 1, 0.00013698, 100000, 0.1379, -0.000238532, 99999.9, -0.2975
0.2075, 1, 3.34442e-05, 100000, 0.1379, -0.000238532, 99999.9, -0.2925
0.2125, 1, 7.68021e-06, 100000, 0.1379, -0.000238532, 99999.9, -0.2875
0.2175, 1, 1.65577e-06, 100000, 0.1379, -0.000238532, 99999.9, -0.2825
0.2225, 1, 3.34456e-07, 100000, 0.1379, -0.000238532, 99999.9, -0.2775
0.2275, 1, 6.31615e-08, 100000, 0.1379, -0.000238532, 99999.9, -0.2725
0.2325, 1, 1.11255e-08, 100000, 0.1379, -0.000238532, 99999.9, -0.2675
0.2375, 1, 1.82308e-09, 100000, 0.1379, -0.000238532, 99999.9, -0.2625
0.2425, 1, 2.7711e-10, 100000, 0.1379, -0.000238532, 99999.9, -0.2575
0.2475, 1, 3.89403e-11, 100000, 0.1379, -0.000238532, 99999.9, -0.2525
0.2525, 1, 5.06722e-12, 100000, 0.1379, -0.000238532, 99999.9, -0.2475
0.2575, 1, 5.92409e-13, 100000, 0.1379, -0.000238532, 99999.9, -0.2425
0.2625, 1, 5.28937e-14, 100000, 0.1379, -0.000238532, 99999.9, -0.2375
0.2675, 1, 0, 100000, 0.1379, -0.000238532, 99999.9, -0.2325
0.2725, 1, 0, 100000, 0.1379, -0.000238532, 99999.9, -0.2275
0.2775, 1, 0, 100000, 0.1379, -0.000238532, 99999.9, -0.2225
0.2825, 1, 0, 100000, 0.1379, -0.000238532, 99999.9, -0.2175
0.2875, 1, 0, 100000, 0.1379, -0.000238532, 99999.9, -0.2125
0.2925, 1, 0, 100000, 0.1379, -0.000238532, 99999.9, -0.2075
0.2975, 1, 0, 100000, 0.1379, -0.000238532, 99999.9, -0.2025
0.3025, 1, 0, 100000, 0.1379, -0.000238532, 99999.9, -0.1975
0.3075, 1, 0, 100000, 0.1379, -0.000238532, 99999.9, -0.1925
0.3125, 1, 0, 100000, 0.1379, -0.000238532, 99999.9, -0.1875
0.3175, 1, 0, 100000, 0.1379, -0.000238532, 99999.9, -0.1825
0.3225, 1, 0, 100000, 0.1379, -0.000238532, 99999.9, -0.1775
0.3275, 1, 0, 100000, 0.1379, -0.000238532, 99999.9, -0.1725
0.3325, 1, 0, 100000, 0.1379, -0.000238532, 99999.9, -0.1675
0.3375, 1, 0, 100000, 0.1379, -0.000238532, 99999.9, -0.1625
0.3425, 1, 1.48102e-13, 100000, 0.1379, -0.000238532, 99999.9, -0.1575
0.3475, 1, 6.13567e-13, 100000, 0.1379, -0.000238532, 99999.9, -0.1525
0.3525, 1, 2.3908e-12, 100000, 0.1379, -0.000238532, 99999.9, -0.1475
0.3575, 1, 8.92846e-12, 100000, 0.1379, -0.000238532, 99999.9, -0.1425
0.3625, 1, 3.1842e-11, 100000, 0.1379, -0.000238532, 99999.9, -0.1375
0.3675, 1, 1.08823e-10, 100000, 0.1379, -0.000238532, 99999.9, -0.1325
0.3725, 1, 3.56958e-10, 100000, 0.1379, -0.000238532, 99999.9, -0.1275
0.3775, 1, 1.12689e-09, 100000, 0.1379, -0.000238532, 99999.9, -0.1225
0.3825, 1, 3.43095e-09, 100000, 0.1379, -0.000238532, 99999.9, -0.1175
0.3875, 1, 1.00955e-08, 100000, 0.1379, -0.000238532, 99999.9, -0.1125
0.3925, 1, 2.87839e-08, 100000, 0.1379, -0.000238532, 99999.9, -0.1075
0.3975, 1, 7.96037e-08, 100000, 0.1379, -0.000238532, 99999.9, -0.1025
0.4025, 1, 2.14917e-07, 100000, 0.1379, -0.000238532, 99999.9, -0.0975
0.4075, 1, 5.65237e-07, 100000, 0.1379, -0.000238532, 99999.9, -0.0925
0.4125, 1, 1.44258e-06, 100000, 0.1379, -0.000238532, 99999.9, -0.0875
0.4175, 1, 2.82664e-06, 100000, 0.1379, -0.000238532, 99999.9, -0.0825
0.4225, 1, 4.27968e-06, 100000, 0.1379, -0.000238532, 99999.9, -0.0775
0.4275, 1, 5.43521e-06, 100000, 0.1379, -0.000238532, 99999.9, -0.0725
0.4325, 1, 6.22108e-06, 100000, 0.1379, -0.000238532, 99999.9, -0.0675
0.4375, 1, 6.69899e-06, 100000, 0.1379, -0.000238532, 99999.9, -0.0625
0.4425, 1, 6.95183e-06, 100000, 0.1379, -0.000238532, 99999.9, -0.0575
0.4475, 1, 7.06154e-06, 100000, 0.1379, -0.000238532, 99999.9, -0.0525
0.4525, 1, 7.09418e-06, 100000, 0.1379, -0.000238532, 99999.9, -0.0475
0.4575, 1, 7.09467e-06, 100000, 0.1379, -0.000238532, 99999.9, -0.0425
0.4625, 1, 7.06202e-06, 100000, 0.1379, -0.000238532, 99999.9, -0.0375
0.4675, 1, 6.99878e-06, 100000, 0.1379, -0.000238532, 99999.9, -0.0325
0.4725, 1, 6.94285e-06, 100000, 0.1379, -0.000238532, 99999.9, -0.0275
0.4775, 1, 6.90099e-06, 100000, 0.1379, -0.000238532, 99999.9, -0.0225
0.4825, 1, 6.83112e-06, 100000, 0.1379, -0.000238532, 99999.9, -0.0175
0.4875, 1, 6.5219e-06, 100000, 0.1379, -0.000238532, 99999.9, -0.0125
0.4925, 1, 3.64325e-06, 100000, 0.1379, -0.000238532, 99999.9, -0.00749999
0.4975, 1, -4.90362e-05, 100000, 0.1379, -0.000391852, 99999.9, -0.00249999
0.5025, 1, -0.000171795, 99999.9, 0.1379, -0.000428031, 99999.9, 0.00250001
0.5075, 0.999999, -0.000238532, 99999.9, 0.1379, -0.000430183, 99999.9, 0.00750001
0.5125, 0.999999, -0.000238532, 99999.9, 0.1379, -0.000430188, 99999.9, 0.0125
0.5175, 0.999999, -0.000238532, 99999.9, 0.1379, -0.000430189, 99999.9, 0.0175
0.5225, 0.999999, -0.000238532, 99999.9, 0.1379, -0.000430188, 99999.9, 0.0225
0.5275, 0.999999, -0.000238532, 99999.9, 0.1379, -0.000430185, 99999.9, 0.0275
0.5325, 0.999999, -0.000238532, 99999.9, 0.1379, -0.00043018, 99999.9, 0.0325
0.5375, 0.999999, -0.000238532, 99999.9, 0.1379, -0.000430172, 99999.9, 0.0375
0.5425, 0.999999, -0.000238532, 99999.9, 0.1379, -0.000430162, 99999.9, 0.0425
0.5475, 0.999999, -0.000238532, 99999.9, 0.1379, -0.000430149, 99999.9, 0.0475
0.5525, 0.999999, -0.000238532, 99999.9, 0.1379, -0.000430131, 99999.9, 0.0525
0.5575, 0.999999, -0.000238532, 99999.9, 0.1379, -0.00043011, 99999.9, 0.0575
0.5625, 0.999999, -0.000238532, 99999.9, 0.1379, -0.000430085, 99999.9, 0.0625
0.5675, 0.999999, -0.000238532, 99999.9, 0.1379, -0.00043006, 99999.9, 0.0675
0.5725, 0.999999, -0.000238532, 99999.9, 0.1379, -0.000430035, 99999.9, 0.0725
0.5775, 0.999999, -0.000238532, 99999.9, 0.1379, -0.000430013, 99999.9, 0.0775
0.5825, 0.999999, -0.000238532, 99999.9, 0.1379, -0.000429992, 99999.9, 0.0825
0.5875, 0.999999, -0.000238532, 99999.9, 0.1379, -0.000429972, 99999.9, 0.0875
0.5925, 0.999999, -0.000238532, 99999.9, 0.1379, -0.000429951, 99999.9, 0.0925
0.5975, 0.999999, -0.000238532, 99999.9, 0.1379, -0.000429929, 99999.9, 0.0975
0.6025, 0.999999, -0.000238532, 99999.9, 0.1379, -0.0004299, 99999.9, 0.1025
0.6075, 0.999999, -0.000238532, 99999.9, 0.1379, -0.000429866, 99999.9, 0.1075
0.6125, 0.999999, -0.000238532, 99999.9, 0.1379, -0.000429831, 99999.9, 0.1125
0.6175, 0.999999, -0.000238532, 99999.9, 0.1379, -0.000429804, 99999.9, 0.1175
0.6225, 0.999999, -0.000238532, 99999.9, 0.1379, -0.000429787, 99999.9, 0.1225
0.6275, 0.999999, -0.000238532, 99999.9, 0.1379, -0.000429781, 99999.9, 0.1275
0.6325, 0.999999, -0.000238532, 99999.9, 0.1379, -0.000429781, 99999.9, 0.1325
0.6375, 0.999999, -0.000238532, 99999.9, 0.1379, -0.000429796, 99999.9, 0.1375
0.6425, 0.999999, -0.000238532, 99999.9, 0.1379, -0.000429856, 99999.9, 0.1425
0.6475, 0.999999, -0.000238532, 99999.9, 0.1379, -0.00042994, 99999.9, 0.1475
0.6525, 0.999999, -0.000238532, 99999.9, 0.1379, -0.000430012, 99999.9, 0.1525
0.6575, 0.999999, -0.000238532, 99999.9, 0.1379, -0.000430063, 99999.9, 0.1575
0.6625, 0.999999, -0.000238532, 99999.9, 0.1379, -0.00043009, 99999.9, 0.1625
0.6675, 0.999999, -0.000238532, 99999.9, 0.1379, -0.000430097, 99999.9, 0.1675
0.6725, 0.999999, -0.000238532, 99999.9, 0.1379, -0.00043009, 99999.9, 0.1725
0.6775, 0.999999, -0.000238532, 99999.9, 0.1379, -0.000430034, 99999.9, 0.1775
0.6825, 0.999999, -0.000238532, 99999.9, 0.1379, -0.000429835, 99999.9, 0.1825
0.6875, 0.999999, -0.000238532, 99999.9, 0.1379, -0.000429287, 99999.9, 0.1875
0.6925, 0.999999, -0.000238532, 99999.9, 0.1379, -0.000427948, 99999.9, 0.1925
0.6975, 0.999999, -0.000238532, 99999.9, 0.1379, -0.000424797, 99999.9, 0.1975
0.7025, 0.999999, -0.000238532, 99999.9, 0.1379, -0.000417104, 99999.9, 0.2025
0.7075, 0.999999, -0.000238532, 99999.9, 0.1379, -0.000392575, 99999.9, 0.2075
0.7125, 0.999999, -0.000238532, 99999.9, 0.1379, -0.00031904, 100000, 0.2125
0.7175, 0.999999, -0.000238532, 99999.9, 0.1379, -0.000214396, 100000, 0.2175
0.7225, 0.999999, -0.000238532, 99999.9, 0.1379, -0.000125308, 100000, 0.2225
0.7275, 0.999999, -0.000238532, 99999.9, 0.1379, -6.4003e-05, 100000, 0.2275
0.7325, 0.999999, -0.000238532, 99999.9, 0.1379, -2.83139e-05, 100000, 0.2325
0.7375, 0.999999, -0.000238532, 99999.9, 0.1379, -1.07302e-05, 100000, 0.2375
0.7425, 0.999999, -0.000238532, 99999.9, 0.1379, -3.43456e-06, 100000, 0.2425
0.7475, 0.999999, -0.000238532, 99999.9, 0.1379, -9.11067e-07, 100000, 0.2475
0.7525, 0.999999, -0.000238532, 99999.9, 0.1379, -1.95031e-07, 100000, 0.2525
0.7575, 0.999999, -0.000238532, 99999.9, 0.1379, -3.23937e-08, 100000, 0.2575
0.7625, 0.999999, -0.000238532, 99999.9, 0.1379, -3.91912e-09, 100000, 0.2625
0.7675, 0.999999, -0.000238532, 99999.9, 0.1379, -3.07466e-10, 100000, 0.2675
0.7725, 0.999999, -0.000238532, 99999.9, 0.1379, -1.17371e-11, 100000, 0.2725
0.7775, 0.999999, -0.000238532, 99999.9, 0.1379, 7.67131e-14, 100000, 0.2775
0.7825, 0.999999, -0.000238532, 99999.9, 0.1379, 0, 100000, 0.2825
0.7875, 0.999999, -0.000238532, 99999.9, 0.1379, 0, 100000, 0.2875
0.7925, 0.999999, -0.000238532, 99999.9, 0.1379, 0, 100000, 0.2925
0.7975, 0.999999, -0.000238532, 99999.9, 0.1379, 0, 100000, 0.2975
0.8025, 0.999999, -0.000238532, 99999.9, 0.1379, 0, 100000, 0.3025
0.8075, 0.999999, -0.000238532, 99999.9, 0.1379, 0, 100000, 0.3075
0.8125, 0.999999, -0.000238532, 99999.9, 0.1379, 0, 100000, 0.3125
0.8175, 0.999999, -0.000238532, 99999.9, 0.1379, 0, 100000, 0.3175
0.8225, 0.999999, -0.000238532, 99999.9, 0.1379, 0, 100000, 0.3225
0.8275, 0.999999, -0.000238532, 99999.9, 0.1379, 0, 100000, 0.3275
0.8325, 0.999999, -0.000238532, 99999.9, 0.1379, 0, 100000, 0.3325
0.8375, 0.999999, -0.000238532, 99999.9, 0.1379, 0, 100000, 0.3375
0.8425, 0.999999, -0.000238532, 99999.9, 0.1379, 0, 100000, 0.3425
0.8475, 0.999999, -0.000238532, 99999.9, 0.1379, 0, 100000, 0.3475
0.8525, 0.999999, -0.000238532, 99999.9, 0.1379, 0, 100000, 0.3525
0.8575, 0.999999, -0.000238532, 99999.9, 0.1379, 0, 100000, 0.3575
0.8625, 0.999999, -0.000238532, 99999.9, 0.1379, 0, 100000, 0.3625
0.8675, 0.999999, -0.000238532, 99999.9, 0.1379, 0, 100000, 0.3675
0.8725, 0.999999, -0.000238532, 99999.9, 0.1379, 0, 100000, 0.3725
0.8775, 0.999999, -0.000238532, 99999.9, 0.1379, 0, 100000, 0.3775
0.8825, 0.999999, -0.000238532, 99999.9, 0.1379, 0, 100000, 0.3825
0.8875, 0.999999, -0.000238532, 99999.9, 0.1379, 0, 100000, 0.3875
0.8925, 0.999999, -0.000238532, 99999.9, 0.1379, 0, 100000, 0.3925
0.8975, 0.999999, -0.000238532, 99999.9, 0.1379, 0, 100000, 0.3975
0.9025, 0.999999, -0.000238532, 99999.9, 0.1379, 0, 100000, 0.4025
0.9075, 0.999999, -0.000238532, 99999.9, 0.1379, 0, 100000, 0.4075
0.9125, 0.999999, -0.000238532, 99999.9, 0.1379, 0, 100000, 0.4125
0.9175, 0.999999, -0.000238532, 99999.9, 0.1379, 0, 100000, 0.4175
0.9225, 0.999999, -0.000238532, 99999.9, 0.1379, 0, 100000, 0.4225
0.9275, 0.999999, -0.000238532, 99999.9, 0.1379, 0, 100000, 0.4275
0.9325, 0.999999, -0.000238532, 99999.9, 0.1379, 0, 100000, 0.4325
0.9375, 0.999999, -0.000238532, 99999.9, 0.1379, 0, 100000, 0.4375
0.9425, 0.999999, -0.000238532, 99999.9, 0.1379, 0, 100000, 0.4425
0.9475, 0.999999, -0.000238532, 99999.9, 0.1379, 0, 100000, 0.4475
0.9525, 0.999999, -0.000238532, 99999.9, 0.1379, 0, 100000, 0.4525
0.9575, 0.999999, -0.000238532, 99999.9, 0.1379, 0, 100000, 0.4575
0.9625, 0.999999, -0.000238532, 99999.9, 0.1379, 0, 100000, 0.4625
0.9675, 0.999999, -0.000238532, 99999.9, 0.1379, 0, 100000, 0.4675
0.9725, 0.999999, -0.000238532, 99999.9, 0.1379, 0, 100000, 0.4725
0.9775, 0.999999, -0.000238532, 99999.9, 0.1379, 0, 100000, 0.4775
0.9825, 0.999999, -0.000238532, 99999.9, 0.1379, 0, 100000, 0.4825
0.9875, 0.999999, -0.000238532, 99999.9, 0.1379, 0, 100000, 0.4875
0.9925, 0.999999, -0.000238532, 99999.9, 0.1379, 0, 100000, 0.4925
0.9975, 0.999999, -0.000238532, 99999.9, 0.1379, 0, 100000, 0.4975
