0.0025, 1.33293, 111.799, 149994, 0.158838, 159.278, 126621, -0.522883
0.0075, 1.33293, 111.799, 149993, 0.158838, 159.278, 126621, -0.518224
0.0125, 1.33293, 111.8, 149993, 0.158838, 159.278, 126621, -0.513224
0.0175, 1.33293, 111.8, 149993, 0.158838, 159.278, 126621, -0.508224
0.0225, 1.33293, 111.8, 149993, 0.158838, 159.278, 126621, -0.503224
0.0275, 1.33293, 111.8, 149993, 0.158838, 159.278, 126621, -0.498224
0.0325, 1.33293, 111.799, 149993, 0.158838, 159.278, 126621, -0.493224
0.0375, 1.33294, 111.798, 149994, 0.158838, 159.278, 126621, -0.488224
0.0425, 1.33294, 111.797, 149995, 0.158838, 159.278, 126621, -0.483224
0.0475, 1.33294, 111.795, 149995, 0.158838, 159.278, 126621, -0.478224
0.0525, 1.33295, 111.794, 149996, 0.158838, 159.278, 126621, -0.473224
0.0575, 1.33295, 111.794, 149996, 0.158838, 159.278, 126621, -0.468224
0.0625, 1.33295, 111.793, 149996, 0.158838, 159.278, 126621, -0.463224
0.0675, 1.33295, 111.793, 149996, 0.158838, 159.278, 126621, -0.458224
0.0725, 1.33295, 111.793, 149996, 0.158838, 159.278, 126621, -0.453224
0.0775, 1.33295, 111.794, 149996, 0.158838, 159.278, 126621, -0.448224
0.0825, 1.33295, 111.796, 149995, 0.158838, 159.278, 126621, -0.443224
0.0875, 1.33295, 111.797, 149994, 0.158838, 159.278, 126621, -0.438224
0.0925, 1.33295, 111.799, 149994, 0.158838, 159.278, 126621, -0.433224
0.0975, 1.33295, 111.8, 149993, 0.158838, 159.278, 126621, -0.428224
0.1025, 1.33295, 111.8, 149993, 0.158838, 159.278, 126621, -0.423224
0.1075, 1.33295, 111.801, 149993, 0.158838, 159.278, 126621, -0.418224
0.1125, 1.33296, 111.801, 149993, 0.158838, 159.278, 126621, -0.413224
0.1175, 1.33296, 111.801, 149993, 0.158838, 159.278, 126621, -0.408224
0.1225, 1.33296, 111.8, 149993, 0.158838, 159.278, 126621, -0.403224
0.1275, 1.33296, 111.8, 149993, 0.158838, 159.278, 126621, -0.398224
0.1325, 1.33295, 111.799, 149994, 0.158838, 159.278, 126621, -0.393224
0.1375, 1.33294, 111.797, 149994, 0.158838, 159.278, 126621, -0.388224
0.1425, 1.33288, 111.796, 149995, 0.158838, 159.278, 126621, -0.383224
0.1475, 1.33273, 111.794, 149996, 0.158838, 159.278, 126621, -0.378224
0.1525, 1.33243, 111.792, 149997, 0.158838, 159.278, 126621, -0.373224
0.1575, 1.33204, 111.791, 149997, 0.158838, 159.278, 126621, -0.368224
0.1625, 1.33167, 111.791, 149997, 0.158838, 159.278, 126621, -0.363224
0.1675, 1.33136, 111.79, 149998, 0.158838, 159.278, 126621, -0.358224
0.1725, 1.33112, 111.791, 149997, 0.158838, 159.278, 126621, -0.353224
0.1775, 1.33096, 111.792, 149997, 0.158838, 159.278, 126621, -0.348224
0.1825, 1.33086, 111.793, 149997, 0.158838, 159.278, 126621, -0.343224
0.1875, 1.33081, 111.794, 149996, 0.158838, 159.278, 126621, -0.338224
0.1925, 1.3308, 111.795, 149996, 0.158838, 159.278, 126621, -0.333224
0.1975, 1.3308, 111.796, 149995, 0.158838, 159.278, 126621, -0.328224
0.2025, 1.33087, 111.797, 149994, 0.158838, 159.278, 126621, -0.323224
0.2075, 1.33108, 111.798, 149994, 0.158838, 159.278, 126621, -0.318224
0.2125, 1.33147, 111.798, 149994, 0.158838, 159.278, 126621, -0.313224
0.2175, 1.33189, 111.798, 149994, 0.158838, 159.278, 126621, -0.308224
0.2225, 1.33224, 111.798, 149994, 0.158838, 159.278, 126621, -0.303224
0.2275, 1.33251, 111.798, 149994, 0.158838, 159.278, 126621, -0.298224
0.2325, 1.3327, 111.798, 149994, 0.158838, 159.278, 126621, -0.293224
0.2375, 1.33283, 111.798, 149994, 0.158838, 159.278, 126621, -0.288224
0.2425, 1.33292, 111.797, 149994, 0.158838, 159.278, 126621, -0.283224
0.2475, 1.33296, 111.797, 149994, 0.158838, 159.278, 126621, -0.278224
0.2525, 1.33299, 111.796, 149995, 0.158838, 159.278, 126621, -0.273224
0.2575, 1.333, 111.795, 149995, 0.158838, 159.278, 126621, -0.268224
0.2625, 1.333, 111.794, 149996, 0.158838, 159.278, 126621, -0.263224
0.2675, 1.33301, 111.793, 149996, 0.158838, 159.278, 126621, -0.258224
0.2725, 1.33301, 111.792, 149997, 0.158838, 159.278, 126621, -0.253224
0.2775, 1.33301, 111.792, 149997, 0.158838, 159.278, 126621, -0.248224
0.2825, 1.33301, 111.792, 149997, 0.158838, 159.278, 126621, -0.243224
0.2875, 1.33304, 111.793, 149997, 0.158838, 159.278, 126621, -0.238224
0.2925, 1.33311, 111.794, 149996, 0.158838, 159.278, 126621, -0.233224
0.2975, 1.3332, 111.795, 149996, 0.158838, 159.278, 126621, -0.228224
0.3025, 1.33327, 111.796, 149995, 0.158838, 159.278, 126621, -0.223224
0.3075, 1.33332, 111.796, 149995, 0.158838, 159.278, 126621, -0.218224
0.3125, 1.33335, 111.797, 149995, 0.158838, 159.278, 126621, -0.213224
0.3175, 1.33336, 111.797, 149995, 0.158838, 159.278, 126621, -0.208224
0.3225, 1.33337, 111.797, 149995, 0.158838, 159.278, 126621, -0.203224
0.3275, 1.33336, 111.797, 149995, 0.158838, 159.278, 126621, -0.198224
0.3325, 1.33332, 111.797, 149995, 0.158838, 159.278, 126621, -0.193224
0.3375, 1.33326, 111.797, 149995, 0.158838, 159.278, 126621, -0.188224
0.3425, 1.33319, 111.796, 149995, 0.158838, 159.278, 126621, -0.183224
0.3475, 1.33315, 111.796, 149995, 0.158838, 159.278, 126621, -0.178224
0.3525, 1.33312, 111.796, 149995, 0.158838, 159.278, 126621, -0.173224
0.3575, 1.33312, 111.796, 149995, 0.158838, 159.278, 126621, -0.168224
0.3625, 1.33312, 111.795, 149995, 0.158838, 159.278, 126621, -0.163224
0.3675, 1.33314, 111.793, 149996, 0.158838, 159.278, 126621, -0.158224
0.3725, 1.33321, 111.792, 149997, 0.158838, 159.278, 126621, -0.153224
0.3775, 1.33331, 111.79, 149998, 0.158838, 159.278, 126621, -0.148224
0.3825, 1.33339, 111.789, 149999, 0.158838, 159.278, 126621, -0.143224
0.3875, 1.33344, 111.788, 149999, 0.158838, 159.278, 126621, -0.138224
0.3925, 1.33347, 111.788, 149999, 0.158838, 159.278, 126621, -0.133224
0.3975, 1.33347, 111.789, 149999, 0.158838, 159.278, 126621, -0.128224
0.4025, 1.33346, 111.792, 149997, 0.158838, 159.278, 126621, -0.123224
0.4075, 1.33342, 111.801, 149993, 0.158838, 159.278, 126621, -0.118224
0.4125, 1.33331, 111.824, 149981, 0.158838, 159.278, 126621, -0.113224
0.4175, 1.33306, 111.877, 149952, 0.158838, 159.278, 126621, -0.108224
0.4225, 1.33254, 112.009, 149883, 0.158838, 159.278, 126621, -0.103224
0.4275, 1.33135, 112.335, 149711, 0.158838, 159.278, 126621, -0.0982252
0.4325, 1.32864, 113.119, 149296, 0.158838, 159.278, 126621, -0.0932272
0.4375, 1.32181, 115.145, 148232, 0.158838, 159.278, 126621, -0.0882325
0.4425, 1.3086, 119.111, 146167, 0.158838, 159.278, 126621, -0.0832435
0.4475, 1.28952, 124.917, 143188, 0.158838, 159.278, 126621, -0.0782604
0.4525, 1.26755, 131.712, 139769, 0.158838, 159.278, 126621, -0.073281
0.4575, 1.24653, 138.301, 136520, 0.158838, 159.278, 126621, -0.0683015
0.4625, 1.22854, 144.026, 133749, 0.158838, 159.278, 126621, -0.0633195
0.4675, 1.21398, 148.722, 131508, 0.158838, 159.278, 126621, -0.0583344
0.4725, 1.20285, 152.35, 129796, 0.158838, 159.278, 126621, -0.0533459
0.4775, 1.19477, 154.99, 128567, 0.158838, 159.278, 126621, -0.0483544
0.4825, 1.18918, 156.802, 127740, 0.158838, 159.278, 126621, -0.0433603
0.4875, 1.18544, 157.973, 127218, 0.158838, 159.278, 126621, -0.0383641
0.4925, 1.18297, 158.671, 126905, 0.158838, 159.278, 126621, -0.0333663
0.4975, 1.18135, 159.033, 126720, 0.158838, 159.278, 126621, -0.0283675
0.5025, 1.18036, 159.181, 126614, 0.158838, 159.278, 126621, -0.023368
0.5075, 1.17984, 159.228, 126562, 0.158838, 159.278, 126621, -0.0183682
0.5125, 1.17965, 159.24, 126545, 0.158838, 159.278, 126621, -0.0133683
0.5175, 1.17971, 159.255, 126561, 0.158838, 159.278, 126621, -0.00836835
0.5225, 1.17993, 159.281, 126601, 0.158838, 159.278, 126621, -0.00336846
0.5275, 1.18006, 159.283, 126620, 0.158839, 159.283, 126622, 0.00163153
0.5325, 1.18006, 159.278, 126621, 0.158844, 159.323, 126630, 0.00663141
0.5375, 1.18006, 159.278, 126621, 0.158848, 159.358, 126636, 0.0116313
0.5425, 1.18006, 159.278, 126621, 0.158851, 159.388, 126642, 0.0166312
0.5475, 1.18006, 159.278, 126621, 0.158855, 159.423, 126648, 0.0216311
0.5525, 1.18006, 159.278, 126621, 0.158861, 159.478, 126658, 0.0266309
0.5575, 1.18006, 159.278, 126621, 0.158868, 159.537, 126669, 0.0316307
0.5625, 1.18006, 159.278, 126621, 0.158874, 159.583, 126677, 0.0366306
0.5675, 1.18006, 159.278, 126621, 0.158878, 159.619, 126684, 0.0416305
0.5725, 1.18006, 159.278, 126621, 0.158882, 159.643, 126688, 0.0466305
0.5775, 1.18006, 159.278, 126621, 0.158883, 159.656, 126691, 0.0516305
0.5825, 1.18006, 159.278, 126621, 0.158884, 159.66, 126691, 0.0566305
0.5875, 1.18006, 159.278, 126621, 0.158884, 159.657, 126691, 0.0616305
0.5925, 1.18006, 159.278, 126621, 0.15888, 159.634, 126687, 0.0666307
0.5975, 1.18006, 159.278, 126621, 0.15887, 159.562, 126673, 0.071631
0.6025, 1.18006, 159.278, 126621, 0.158857, 159.467, 126656, 0.0766313
0.6075, 1.18006, 159.278, 126621, 0.158842, 159.363, 126637, 0.0816317
0.6125, 1.18006, 159.278, 126621, 0.158826, 159.244, 126615, 0.0866321
0.6175, 1.18006, 159.278, 126621, 0.158804, 159.086, 126586, 0.0916328
0.6225, 1.18006, 159.278, 126621, 0.158768, 158.832, 126540, 0.0966339
0.6275, 1.18006, 159.278, 126621, 0.158713, 158.428, 126466, 0.101636
0.6325, 1.18006, 159.278, 126621, 0.158635, 157.865, 126363, 0.106638
0.6375, 1.18006, 159.278, 126621, 0.158543, 157.193, 126240, 0.11164
0.6425, 1.18006, 159.278, 126621, 0.158447, 156.496, 126112, 0.116642
0.6475, 1.18006, 159.278, 126621, 0.158352, 155.813, 125988, 0.121644
0.6525, 1.18006, 159.278, 126621, 0.158247, 155.057, 125850, 0.126647
0.6575, 1.18006, 159.278, 126621, 0.158096, 153.959, 125650, 0.131652
0.6625, 1.18006, 159.278, 126621, 0.157848, 152.155, 125321, 0.13666
0.6675, 1.18006, 159.278, 126621, 0.157483, 149.489, 124837, 0.141669
0.6725, 1.18006, 159.278, 126621, 0.157042, 146.272, 124256, 0.146679
0.6775, 1.18006, 159.278, 126621, 0.156593, 142.987, 123664, 0.15169
0.6825, 1.18006, 159.278, 126621, 0.156069, 139.126, 122971, 0.156708
0.6875, 1.18006, 159.278, 126621, 0.155094, 132.005, 121701, 0.161749
0.6925, 1.18006, 159.278, 126621, 0.152874, 115.655, 118826, 0.166823
0.6975, 1.18006, 159.278, 126621, 0.149324, 88.9796, 114251, 0.171908
0.7025, 1.18006, 159.278, 126621, 0.145769, 61.7955, 109736, 0.176975
0.7075, 1.18006, 159.278, 126621, 0.143134, 41.3203, 106430, 0.182022
0.7125, 1.18006, 159.278, 126621, 0.141377, 27.5453, 104251, 0.187053
0.7175, 1.18006, 159.278, 126621, 0.140242, 18.5967, 102854, 0.192073
0.7225, 1.18006, 159.278, 126621, 0.139504, 12.7536, 101950, 0.197086
0.7275, 1.18006, 159.278, 126621, 0.139014, 8.86735, 101353, 0.202095
0.7325, 1.18006, 159.278, 126621, 0.138682, 6.23185, 100949, 0.207102
0.7375, 1.18006, 159.278, 126621, 0.138454, 4.41496, 100672, 0.212106
0.7425, 1.18006, 159.278, 126621, 0.138295, 3.14628, 100478, 0.217109
0.7475, 1.18006, 159.278, 126621, 0.138182, 2.25179, 100342, 0.222111
0.7525, 1.18006, 159.278, 126621, 0.138103, 1.61659, 100246, 0.227113
0.7575, 1.18006, 159.278, 126621, 0.138046, 1.16312, 100177, 0.232114
0.7625, 1.18006, 159.278, 126621, 0.138005, 0.838124, 100127, 0.237115
0.7675, 1.18006, 159.278, 126621, 0.137976, 0.604551, 100092, 0.242115
0.7725, 1.18006, 159.278, 126621, 0.137955, 0.436338, 100066, 0.247116
0.7775, 1.18006, 159.278, 126621, 0.137939, 0.31502, 100048, 0.252116
0.7825, 1.18006, 159.278, 126621, 0.137929, 0.227436, 100035, 0.257116
0.7875, 1.18006, 159.278, 126621, 0.137921, 0.164165, 100025, 0.262116
0.7925, 1.18006, 159.278, 126621, 0.137915, 0.118441, 100018, 0.267116
0.7975, 1.18006, 159.278, 126621, 0.137911, 0.0853918, 100013, 0.272116
0.8025, 1.18006, 159.278, 126621, 0.137908, 0.0615056, 100009, 0.277116
0.8075, 1.18006, 159.278, 126621, 0.137906, 0.044245, 100007, 0.282117
0.8125, 1.18006, 159.278, 126621, 0.137904, 0.0317766, 100005, 0.287117
0.8175, 1.18006, 159.278, 126621, 0.137903, 0.0227744, 100003, 0.292117
0.8225, 1.18006, 159.278, 126621, 0.137902, 0.0162792, 100002, 0.297117
0.8275, 1.18006, 159.278, 126621, 0.137901, 0.0115967, 100002, 0.302117
0.8325, 1.18006, 159.278, 126621, 0.137901, 0.00822417, 100001, 0.307117
0.8375, 1.18006, 159.278, 126621, 0.137901, 0.00579767, 100001, 0.312117
0.8425, 1.18006, 159.278, 126621, 0.137901, 0.00405344, 100001, 0.317117
0.8475, 1.18006, 159.278, 126621, 0.1379, 0.00280052, 100000, 0.322117
0.8525, 1.18006, 159.278, 126621, 0.1379, 0.00190067, 100000, 0.327117
0.8575, 1.18006, 159.278, 126621, 0.1379, 0.00125402, 100000, 0.332117
0.8625, 1.18006, 159.278, 126621, 0.1379, 0.000788621, 100000, 0.337117
0.8675, 1.18006, 159.278, 126621, 0.1379, 0.000452832, 100000, 0.342117
0.8725, 1.18006, 159.278, 126621, 0.1379, 0.000209754, 100000, 0.347117
0.8775, 1.18006, 159.278, 126621, 0.1379, 3.31477e-05, 100000, 0.352117
0.8825, 1.18006, 159.278, 126621, 0.1379, -9.55796e-05, 100000, 0.357117
0.8875, 1.18006, 159.278, 126621, 0.1379, -0.000189593, 100000, 0.362117
0.8925, 1.18006, 159.278, 126621, 0.1379, -0.000258245, 100000, 0.367117
0.8975, 1.18006, 159.278, 126621, 0.1379, -0.000308244, 100000, 0.372117
0.9025, 1.18006, 159.278, 126621, 0.1379, -0.000344463, 99999.9, 0.377117
0.9075, 1.18006, 159.278, 126621, 0.1379, -0.000370503, 99999.9, 0.382117
0.9125, 1.18006, 159.278, 126621, 0.1379, -0.000389053, 99999.9, 0.387117
0.9175, 1.18006, 159.278, 126621, 0.1379, -0.000402139, 99999.9, 0.392117
0.9225, 1.18006, 159.278, 126621, 0.1379, -0.000411281, 99999.9, 0.397117
0.9275, 1.18006, 159.278, 126621, 0.1379, -0.000417608, 99999.9, 0.402117
0.9325, 1.18006, 159.278, 126621, 0.1379, -0.000421945, 99999.9, 0.407117
0.9375, 1.18006, 159.278, 126621, 0.1379, -0.000424889, 99999.9, 0.412117
0.9425, 1.18006, 159.278, 126621, 0.1379, -0.000426863, 99999.9, 0.417117
0.9475, 1.18006, 159.278, 126621, 0.1379, -0.000428166, 99999.9, 0.422117
0.9525, 1.18006, 159.278, 126621, 0.1379, -0.00042901, 99999.9, 0.427117
0.9575, 1.18006, 159.278, 126621, 0.1379, -0.000429542, 99999.9, 0.432117
0.9625, 1.18006, 159.278, 126621, 0.1379, -0.000429866, 99999.9, 0.437117
0.9675, 1.18006, 159.278, 126621, 0.1379, -0.000430056, 99999.9, 0.442117
0.9725, 1.18006, 159.278, 126621, 0.1379, -0.00043016, 99999.9, 0.447117
0.9775, 1.18006, 159.278, 126621, 0.1379, -0.000430213, 99999.9, 0.452117
0.9825, 1.18006, 159.278, 126621, 0.1379, -0.000430235, 99999.9, 0.457117
0.9875, 1.18006, 159.278, 126621, 0.1379, -0.000430243, 99999.9, 0.462117
0.9925, 1.18006, 159.278, 126621, 0.1379, -0.000430242, 99999.9, 0.467117
0.9975, 1.18006, 159.278, 126621, 0.1379, -0.000430232, 99999.9, 0.472117
