0.0025, 1.33252, 111.928, 149925, 0.1379, -0.00023844, 99999.9, -0.4975
0.0075, 1.33223, 112.014, 149880, 0.1379, -0.00023844, 99999.9, -0.492907
0.0125, 1.33195, 112.096, 149837, 0.1379, -0.00023844, 99999.9, -0.487907
0.0175, 1.33186, 112.128, 149820, 0.1379, -0.00023844, 99999.9, -0.482908
0.0225, 1.33185, 112.134, 149816, 0.1379, -0.00023844, 99999.9, -0.477908
0.0275, 1.33191, 112.121, 149823, 0.1379, -0.00023844, 99999.9, -0.472908
0.0325, 1.33216, 112.061, 149855, 0.1379, -0.00023844, 99999.9, -0.467907
0.0375, 1.33246, 111.97, 149902, 0.1379, -0.00023844, 99999.9, -0.462907
0.0425, 1.33258, 111.899, 149941, 0.1379, -0.00023844, 99999.9, -0.457907
0.0475, 1.33256, 111.862, 149964, 0.1379, -0.00023844, 99999.9, -0.452907
0.0525, 1.33246, 111.847, 149973, 0.1379, -0.00023844, 99999.9, -0.447907
0.0575, 1.33209, 111.846, 149970, 0.1379, -0.00023844, 99999.9, -0.442907
0.0625, 1.3312, 111.858, 149961, 0.1379, -0.00023844, 99999.9, -0.437907
0.0675, 1.32992, 111.87, 149958, 0.1379, -0.00023844, 99999.9, -0.432907
0.0725, 1.32877, 111.875, 149964, 0.1379, -0.00023844, 99999.9, -0.427907
0.0775, 1.32816, 111.869, 149975, 0.1379, -0.00023844, 99999.9, -0.422907
0.0825, 1.328, 111.848, 149981, 0.1379, -0.00023844, 99999.9, -0.417907
0.0875, 1.32828, 111.799, 149970, 0.1379, -0.00023844, 99999.9, -0.412906
0.0925, 1.32879, 111.664, 149888, 0.1379, -0.00023844, 99999.9, -0.407906
0.0975, 1.32879, 111.139, 149604, 0.1379, -0.00023844, 99999.9, -0.402903
0.1025, 1.32467, 109.056, 148538, 0.1379, -0.00023844, 99999.9, -0.39789
0.1075, 1.29376, 99.6367, 143627, 0.1379, -0.00023844, 99999.9, -0.39284
0.1125, 1.21189, 74.7116, 131332, 0.1379, -0.00023844, 99999.9, -0.387734
0.1175, 1.11886, 43.5582, 117378, 0.1379, -0.00023844, 99999.9, -0.382627
0.1225, 1.057, 21.2582, 108199, 0.1379, -0.00023844, 99999.9, -0.377559
0.1275, 1.0243, 9.10535, 103450, 0.1379, -0.00023844, 99999.9, -0.372524
0.1325, 1.00945, 3.5407, 101331, 0.1379, -0.00023844, 99999.9, -0.367509
0.1375, 1.0034, 1.27407, 100478, 0.1379, -0.00023844, 99999.9, -0.362503
0.1425, 1.00114, 0.427219, 100160, 0.1379, -0.00023844, 99999.9, -0.357501
0.1475, 1.00036, 0.133586, 100050, 0.1379, -0.00023844, 99999.9, -0.3525
0.1525, 1.0001, 0.0388758, 100015, 0.1379, -0.00023844, 99999.9, -0.3475
0.1575, 1.00003, 0.0104992, 100004, 0.1379, -0.00023844, 99999.9, -0.3425
0.1625, 1.00001, 0.00262303, 100001, 0.1379, -0.00023844, 99999.9, -0.3375
0.1675, 1, 0.000604159, 100000, 0.1379, -0.00023844, 99999.9, -0.3325
0.1725, 1, 0.000127832, 100000, 0.1379, -0.00023844, 99999.9, -0.3275
0.1775, 1, 2.47503e-05, 100000, 0.1379, -0.00023844, 99999.9, -0.3225
0.1825, 1, 4.36601e-06, 100000, 0.1379, -0.00023844, 99999.9, -0.3175
0.1875, 1, 6.98262e-07, 100000, 0.1379, -0.00023844, 99999.9, -0.3125
0.1925, 1, 1.00672e-07, 100000, 0.1379, -0.00023844, 99999.9, -0.3075
0.1975, 1, 1.29973e-08, 100000, 0.1379, -0.00023844, 99999.9, -0.3025
0.2025, 1, 1.49061e-09, 100000, 0.1379, -0.00023844, 99999.9, -0.2975
0.2075, 1, 1.50377e-10, 100000, 0.1379, -0.00023844, 99999.9, -0.2925
0.2125, 1, 1.31811e-11, 100000, 0.1379, -0.00023844, 99999.9, -0.2875
0.2175, 1, 9.83823e-13, 100000, 0.1379, -0.00023844, 99999.9, -0.2825
0.2225, 1, 5.28937e-14, 100000, 0.1379, -0.00023844, 99999.9, -0.2775
0.2275, 1, 0, 100000, 0.1379, -0.00023844, 99999.9, -0.2725
0.2325, 1, 0, 100000, 0.1379, -0.00023844, 99999.9, -0.2675
0.2375, 1, 0, 100000, 0.1379, -0.00023844, 99999.9, -0.2625
0.2425, 1, 0, 100000, 0.1379, -0.00023844, 99999.9, -0.2575
0.2475, 1, 0, 100000, 0.1379, -0.00023844, 99999.9, -0.2525
0.2525, 1, 0, 100000, 0.1379, -0.00023844, 99999.9, -0.2475
0.2575, 1, 0, 100000, 0.1379, -0.00023844, 99999.9, -0.2425
0.2625, 1, 0, 100000, 0.1379, -0.00023844, 99999.9, -0.2375
0.2675, 1, 0, 100000, 0.1379, -0.00023844, 99999.9, -0.2325
0.2725, 1, 0, 100000, 0.1379, -0.00023844, 99999.9, -0.2275
0.2775, 1, 0, 100000, 0.1379, -0.00023844, 99999.9, -0.2225
0.2825, 1, 0, 100000, 0.1379, -0.00023844, 99999.9, -0.2175
0.2875, 1, 0, 100000, 0.1379, -0.00023844, 99999.9, -0.2125
0.2925, 1, 0, 100000, 0.1379, -0.00023844, 99999.9, -0.2075
0.2975, 1, 0, 100000, 0.1379, -0.00023844, 99999.9, -0.2025
0.3025, 1, 0, 100000, 0.1379, -0.00023844, 99999.9, -0.1975
0.3075, 1, 0, 100000, 0.1379, -0.00023844, 99999.9, -0.1925
0.3125, 1, 0, 100000, 0.1379, -0.00023844, 99999.9, -0.1875
0.3175, 1, 0, 100000, 0.1379, -0.00023844, 99999.9, -0.1825
0.3225, 1, 0, 100000, 0.1379, -0.00023844, 99999.9, -0.1775
0.3275, 1, 0, 100000, 0.1379, -0.00023844, 99999.9, -0.1725
0.3325, 1, 0, 100000, 0.1379, -0.00023844, 99999.9, -0.1675
0.3375, 1, 0, 100000, 0.1379, -0.00023844, 99999.9, -0.1625
0.3425, 1, 0, 100000, 0.1379, -0.00023844, 99999.9, -0.1575
0.3475, 1, 0, 100000, 0.1379, -0.00023844, 99999.9, -0.1525
0.3525, 1, 0, 100000, 0.1379, -0.00023844, 99999.9, -0.1475
0.3575, 1, 0, 100000, 0.1379, -0.00023844, 99999.9, -0.1425
0.3625, 1, 0, 100000, 0.1379, -0.00023844, 99999.9, -0.1375
0.3675, 1, 4.2315e-14, 100000, 0.1379, -0.00023844, 99999.9, -0.1325
0.3725, 1, 2.75047e-13, 100000, 0.1379, -0.00023844, 99999.9, -0.1275
0.3775, 1, 1.43871e-12, 100000, 0.1379, -0.00023844, 99999.9, -0.1225
0.3825, 1, 6.68576e-12, 100000, 0.1379, -0.00023844, 99999.9, -0.1175
0.3875, 1, 2.87107e-11, 100000, 0.1379, -0.00023844, 99999.9, -0.1125
0.3925, 1, 1.15213e-10, 100000, 0.1379, -0.00023844, 99999.9, -0.1075
0.3975, 1, 4.3449e-10, 100000, 0.1379, -0.00023844, 99999.9, -0.1025
0.4025, 1, 1.54419e-09, 100000, 0.1379, -0.00023844, 99999.9, -0.0975
0.4075, 1, 5.19042e-09, 100000, 0.1379, -0.00023844, 99999.9, -0.0925
0.4125, 1, 1.65632e-08, 100000, 0.1379, -0.00023844, 99999.9, -0.0875
0.4175, 1, 5.03753e-08, 100000, 0.1379, -0.00023844, 99999.9, -0.0825
0.4225, 1, 1.46948e-07, 100000, 0.1379, -0.00023844, 99999.9, -0.0775
0.4275, 1, 4.08223e-07, 100000, 0.1379, -0.00023844, 99999.9, -0.0725
0.4325, 1, 1.13466e-06, 100000, 0.1379, -0.00023844, 99999.9, -0.0675
0.4375, 1, 2.51645e-06, 100000, 0.1379, -0.00023844, 99999.9, -0.0625
0.4425, 1, 4.13458e-06, 100000, 0.1379, -0.00023844, 99999.9, -0.0575
0.4475, 1, 5.44742e-06, 100000, 0.1379, -0.00023844, 99999.9, -0.0525
0.4525, 1, 6.32003e-06, 100000, 0.1379, -0.00023844, 99999.9, -0.0475
0.4575, 1, 6.82673e-06, 100000, 0.1379, -0.00023844, 99999.9, -0.0425
0.4625, 1, 7.06666e-06, 100000, 0.1379, -0.00023844, 99999.9, -0.0375
0.4675, 1, 7.14261e-06, 100000, 0.1379, -0.00023844, 99999.9, -0.0325
0.4725, 1, 7.14657e-06, 100000, 0.1379, -0.00023844, 99999.9, -0.0275
0.4775, 1, 7.1136e-06, 100000, 0.1379, -0.00023844, 99999.9, -0.0225
0.4825, 1, 7.03e-06, 100000, 0.1379, -0.00023844, 99999.9, -0.0175
0.4875, 1, 6.66394e-06, 100000, 0.1379, -0.00023844, 99999.9, -0.0125
0.4925, 1, 3.73506e-06, 100000, 0.1379, -0.00023844, 99999.9, -0.00749999
0.4975, 1, -4.89625e-05, 100000, 0.1379, -0.000391759, 99999.9, -0.00249999
0.5025, 1, -0.000171701, 99999.9, 0.1379, -0.000427935, 99999.9, 0.00250001
0.5075, 0.999999, -0.00023844, 99999.9, 0.1379, -0.000430058, 99999.9, 0.00750001
0.5125, 0.999999, -0.00023844, 99999.9, 0.1379, -0.000430035, 99999.9, 0.0125
0.5175, 0.999999, -0.00023844, 99999.9, 0.1379, -0.000430012, 99999.9, 0.0175
0.5225, 0.999999, -0.00023844, 99999.9, 0.1379, -0.000429991, 99999.9, 0.0225
0.5275, 0.999999, -0.00023844, 99999.9, 0.1379, -0.000429971, 99999.9, 0.0275
0.5325, 0.999999, -0.00023844, 99999.9, 0.1379, -0.000429951, 99999.9, 0.0325
0.5375, 0.999999, -0.00023844, 99999.9, 0.1379, -0.000429929, 99999.9, 0.0375
0.5425, 0.999999, -0.00023844, 99999.9, 0.1379, -0.000429903, 99999.9, 0.0425
0.5475, 0.999999, -0.00023844, 99999.9, 0.1379, -0.000429871, 99999.9, 0.0475
0.5525, 0.999999, -0.00023844, 99999.9, 0.1379, -0.000429834, 99999.9, 0.0525
0.5575, 0.999999, -0.00023844, 99999.9, 0.1379, -0.000429803, 99999.9, 0.0575
0.5625, 0.999999, -0.00023844, 99999.9, 0.1379, -0.000429783, 99999.9, 0.0625
0.5675, 0.999999, -0.00023844, 99999.9, 0.1379, -0.000429775, 99999.9, 0.0675
0.5725, 0.999999, -0.00023844, 99999.9, 0.1379, -0.000429776, 99999.9, 0.0725
0.5775, 0.999999, -0.00023844, 99999.9, 0.1379, -0.000429796, 99999.9, 0.0775
0.5825, 0.999999, -0.00023844, 99999.9, 0.1379, -0.000429854, 99999.9, 0.0825
0.5875, 0.999999, -0.00023844, 99999.9, 0.1379, -0.00042993, 99999.9, 0.0875
0.5925, 0.999999, -0.00023844, 99999.9, 0.1379, -0.000430008, 99999.9, 0.0925
0.5975, 0.999999, -0.00023844, 99999.9, 0.1379, -0.000430069, 99999.9, 0.0975
0.6025, 0.999999, -0.00023844, 99999.9, 0.1379, -0.000430102, 99999.9, 0.1025
0.6075, 0.999999, -0.00023844, 99999.9, 0.1379, -0.00043011, 99999.9, 0.1075
0.6125, 0.999999, -0.00023844, 99999.9, 0.1379, -0.000430098, 99999.9, 0.1125
0.6175, 0.999999, -0.00023844, 99999.9, 0.1379, -0.000430009, 99999.9, 0.1175
0.6225, 0.999999, -0.00023844, 99999.9, 0.1379, -0.000429712, 99999.9, 0.1225
0.6275, 0.999999, -0.00023844, 99999.9, 0.1379, -0.000429066, 99999.9, 0.1275
0.6325, 0.999999, -0.00023844, 99999.9, 0.1379, -0.000427822, 99999.9, 0.1325
0.6375, 0.999999, -0.00023844, 99999.9, 0.1379, -0.000425108, 99999.9, 0.1375
0.6425, 0.999999, -0.00023844, 99999.9, 0.1379, -0.000418347, 99999.9, 0.1425
0.6475, 0.999999, -0.00023844, 99999.9, 0.1379, -0.000398289, 99999.9, 0.1475
0.6525, 0.999999, -0.00023844, 99999.9, 0.1379, -0.000332923, 99999.9, 0.1525
0.6575, 0.999999, -0.00023844, 99999.9, 0.1379, -0.000220635, 100000, 0.1575
0.6625, 0.999999, -0.00023844, 99999.9, 0.1379, -0.00012127, 100000, 0.1625
0.6675, 0.999999, -0.00023844, 99999.9, 0.1379, -5.57254e-05, 100000, 0.1675
0.6725, 0.999999, -0.00023844, 99999.9, 0.1379, -2.09886e-05, 100000, 0.1725
0.6775, 0.999999, -0.00023844, 99999.9, 0.1379, -6.31105e-06, 100000, 0.1775
0.6825, 0.999999, -0.00023844, 99999.9, 0.1379, -1.45741e-06, 100000, 0.1825
0.6875, 0.999999, -0.00023844, 99999.9, 0.1379, -2.4285e-07, 100000, 0.1875
0.6925, 0.999999, -0.00023844, 99999.9, 0.1379, -2.60075e-08, 100000, 0.1925
0.6975, 0.999999, -0.00023844, 99999.9, 0.1379, -1.34486e-09, 100000, 0.1975
0.7025, 0.999999, -0.00023844, 99999.9, 0.1379, 7.67131e-14, 100000, 0.2025
0.7075, 0.999999, -0.00023844, 99999.9, 0.1379, 0, 100000, 0.2075
0.7125, 0.999999, -0.00023844, 99999.9, 0.1379, 0, 100000, 0.2125
0.7175, 0.999999, -0.00023844, 99999.9, 0.1379, 0, 100000, 0.2175
0.7225, 0.999999, -0.00023844, 99999.9, 0.1379, 0, 100000, 0.2225
0.7275, 0.999999, -0.00023844, 99999.9, 0.1379, 0, 100000, 0.2275
0.7325, 0.999999, -0.00023844, 99999.9, 0.1379, 0, 100000, 0.2325
0.7375, 0.999999, -0.00023844, 99999.9, 0.1379, 0, 100000, 0.2375
0.7425, 0.999999, -0.00023844, 99999.9, 0.1379, 0, 100000, 0.2425
0.7475, 0.999999, -0.00023844, 99999.9, 0.1379, 0, 100000, 0.2475
0.7525, 0.999999, -0.00023844, 99999.9, 0.1379, 0, 100000, 0.2525
0.7575, 0.999999, -0.00023844, 99999.9, 0.1379, 0, 100000, 0.2575
0.7625, 0.999999, -0.00023844, 99999.9, 0.1379, 0, 100000, 0.2625
0.7675, 0.999999, -0.00023844, 99999.9, 0.1379, 0, 100000, 0.2675
0.7725, 0.999999, -0.00023844, 99999.9, 0.1379, 0, 100000, 0.2725
0.7775, 0.999999, -0.00023844, 99999.9, 0.1379, 0, 100000, 0.2775
0.7825, 0.999999, -0.00023844, 99999.9, 0.1379, 0, 100000, 0.2825
0.7875, 0.999999, -0.00023844, 99999.9, 0.1379, 0, 100000, 0.2875
0.7925, 0.999999, -0.00023844, 99999.9, 0.1379, 0, 100000, 0.2925
0.7975, 0.999999, -0.00023844, 99999.9, 0.1379, 0, 100000, 0.2975
0.8025, 0.999999, -0.00023844, 99999.9, 0.1379, 0, 100000, 0.3025
0.8075, 0.999999, -0.00023844, 99999.9, 0.1379, 0, 100000, 0.3075
0.8125, 0.999999, -0.00023844, 99999.9, 0.1379, 0, 100000, 0.3125
0.8175, 0.999999, -0.00023844, 99999.9, 0.1379, 0, 100000, 0.3175
0.8225, 0.999999, -0.00023844, 99999.9, 0.1379, 0, 100000, 0.3225
0.8275, 0.999999, -0.00023844, 99999.9, 0.1379, 0, 100000, 0.3275
0.8325, 0.999999, -0.00023844, 99999.9, 0.1379, 0, 100000, 0.3325
0.8375, 0.999999, -0.00023844, 99999.9, 0.1379, 0, 100000, 0.3375
0.8425, 0.999999, -0.00023844, 99999.9, 0.1379, 0, 100000, 0.3425
0.8475, 0.999999, -0.00023844, 99999.9, 0.1379, 0, 100000, 0.3475
0.8525, 0.999999, -0.00023844, 99999.9, 0.1379, 0, 100000, 0.3525
0.8575, 0.999999, -0.00023844, 99999.9, 0.1379, 0, 100000, 0.3575
0.8625, 0.999999, -0.00023844, 99999.9, 0.1379, 0, 100000, 0.3625
0.8675, 0.999999, -0.00023844, 99999.9, 0.1379, 0, 100000, 0.3675
0.8725, 0.999999, -0.00023844, 99999.9, 0.1379, 0, 100000, 0.3725
0.8775, 0.999999, -0.00023844, 99999.9, 0.1379, 0, 100000, 0.3775
0.8825, 0.999999, -0.00023844, 99999.9, 0.1379, 0, 100000, 0.3825
0.8875, 0.999999, -0.00023844, 99999.9, 0.1379, 0, 100000, 0.3875
0.8925, 0.999999, -0.00023844, 99999.9, 0.1379, 0, 100000, 0.3925
0.8975, 0.999999, -0.00023844, 99999.9, 0.1379, 0, 100000, 0.3975
0.9025, 0.999999, -0.00023844, 99999.9, 0.1379, 0, 100000, 0.4025
0.9075, 0.999999, -0.00023844, 99999.9, 0.1379, 0, 100000, 0.4075
0.9125, 0.999999, -0.00023844, 99999.9, 0.1379, 0, 100000, 0.4125
0.9175, 0.999999, -0.00023844, 99999.9, 0.1379, 0, 100000, 0.4175
0.9225, 0.999999, -0.00023844, 99999.9, 0.1379, 0, 100000, 0.4225
0.9275, 0.999999, -0.00023844, 99999.9, 0.1379, 0, 100000, 0.4275
0.9325, 0.999999, -0.00023844, 99999.9, 0.1379, 0, 100000, 0.4325
0.9375, 0.999999, -0.00023844, 99999.9, 0.1379, 0, 100000, 0.4375
0.9425, 0.999999, -0.00023844, 99999.9, 0.1379, 0, 100000, 0.4425
0.9475, 0.999999, -0.00023844, 99999.9, 0.1379, 0, 100000, 0.4475
0.9525, 0.999999, -0.00023844, 99999.9, 0.1379, 0, 100000, 0.4525
0.9575, 0.999999, -0.00023844, 99999.9, 0.1379, 0, 100000, 0.4575
0.9625, 0.999999, -0.00023844, 99999.9, 0.1379, 0, 100000, 0.4625
0.9675, 0.999999, -0.00023844, 99999.9, 0.1379, 0, 100000, 0.4675
0.9725, 0.999999, -0.00023844, 99999.9, 0.1379, 0, 100000, 0.4725
0.9775, 0.999999, -0.00023844, 99999.9, 0.1379, 0, 100000, 0.4775
0.9825, 0.999999, -0.00023844, 99999.9, 0.1379, 0, 100000, 0.4825
0.9875, 0.999999, -0.00023844, 99999.9, 0.1379, 0, 100000, 0.4875
0.9925, 0.999999, -0.00023844, 99999.9, 0.1379, 0, 100000, 0.4925
0.9975, 0.999999, -0.00023844, 99999.9, 0.1379, 0, 100000, 0.4975
