0.0025, 1.33294, 111.796, 149995, 0.158803, 159.023, 126575, -0.509775
0.0075, 1.33294, 111.796, 149995, 0.158803, 159.023, 126575, -0.505116
0.0125, 1.33294, 111.796, 149995, 0.158803, 159.023, 126575, -0.500116
0.0175, 1.33294, 111.797, 149994, 0.158803, 159.023, 126575, -0.495116
0.0225, 1.33294, 111.798, 149994, 0.158803, 159.023, 126575, -0.490116
0.0275, 1.33293, 111.799, 149993, 0.158803, 159.023, 126575, -0.485116
0.0325, 1.33293, 111.8, 149993, 0.158803, 159.023, 126575, -0.480116
0.0375, 1.33293, 111.8, 149993, 0.158803, 159.023, 126575, -0.475116
0.0425, 1.33293, 111.8, 149993, 0.158803, 159.023, 126575, -0.470116
0.0475, 1.33293, 111.8, 149993, 0.158803, 159.023, 126575, -0.465116
0.0525, 1.33293, 111.8, 149993, 0.158803, 159.023, 126575, -0.460116
0.0575, 1.33293, 111.799, 149993, 0.158803, 159.023, 126575, -0.455116
0.0625, 1.33294, 111.798, 149994, 0.158803, 159.023, 126575, -0.450116
0.0675, 1.33294, 111.796, 149995, 0.158803, 159.023, 126575, -0.445116
0.0725, 1.33295, 111.795, 149996, 0.158803, 159.023, 126575, -0.440116
0.0775, 1.33296, 111.794, 149996, 0.158803, 159.023, 126575, -0.435116
0.0825, 1.33296, 111.793, 149996, 0.158803, 159.023, 126575, -0.430116
0.0875, 1.33297, 111.793, 149997, 0.158803, 159.023, 126575, -0.425116
0.0925, 1.33298, 111.793, 149997, 0.158803, 159.023, 126575, -0.420116
0.0975, 1.33298, 111.793, 149996, 0.158803, 159.023, 126575, -0.415116
0.1025, 1.33298, 111.794, 149996, 0.158803, 159.023, 126575, -0.410116
0.1075, 1.33297, 111.796, 149995, 0.158803, 159.023, 126575, -0.405116
0.1125, 1.33297, 111.798, 149994, 0.158803, 159.023, 126575, -0.400116
0.1175, 1.33296, 111.799, 149993, 0.158803, 159.023, 126575, -0.395116
0.1225, 1.33296, 111.8, 149993, 0.158803, 159.023, 126575, -0.390116
0.1275, 1.33294, 111.801, 149992, 0.158803, 159.023, 126575, -0.385116
0.1325, 1.3329, 111.801, 149992, 0.158803, 159.023, 126575, -0.380116
0.1375, 1.33278, 111.8, 149992, 0.158803, 159.023, 126575, -0.375116
0.1425, 1.33253, 111.8, 149993, 0.158803, 159.023, 126575, -0.370116
0.1475, 1.33215, 111.8, 149993, 0.158803, 159.023, 126575, -0.365116
0.1525, 1.33174, 111.799, 149993, 0.158803, 159.023, 126575, -0.360116
0.1575, 1.33139, 111.798, 149994, 0.158803, 159.023, 126575, -0.355116
0.1625, 1.33111, 111.798, 149995, 0.158803, 159.023, 126575, -0.350116
0.1675, 1.33092, 111.796, 149995, 0.158803, 159.023, 126575, -0.345116
0.1725, 1.3308, 111.795, 149996, 0.158803, 159.023, 126575, -0.340116
0.1775, 1.33075, 111.793, 149997, 0.158803, 159.023, 126575, -0.335116
0.1825, 1.33073, 111.792, 149997, 0.158803, 159.023, 126575, -0.330116
0.1875, 1.33073, 111.79, 149998, 0.158803, 159.023, 126575, -0.325116
0.1925, 1.33079, 111.79, 149998, 0.158803, 159.023, 126575, -0.320116
0.1975, 1.331, 111.79, 149998, 0.158803, 159.023, 126575, -0.315116
0.2025, 1.33139, 111.792, 149997, 0.158803, 159.023, 126575, -0.310116
0.2075, 1.33184, 111.793, 149996, 0.158803, 159.023, 126575, -0.305116
0.2125, 1.33222, 111.794, 149995, 0.158803, 159.023, 126575, -0.300116
0.2175, 1.33251, 111.796, 149995, 0.158803, 159.023, 126575, -0.295116
0.2225, 1.33272, 111.797, 149994, 0.158803, 159.023, 126575, -0.290116
0.2275, 1.33286, 111.797, 149994, 0.158803, 159.023, 126575, -0.285116
0.2325, 1.33295, 111.798, 149994, 0.158803, 159.023, 126575, -0.280116
0.2375, 1.33299, 111.798, 149994, 0.158803, 159.023, 126575, -0.275116
0.2425, 1.33301, 111.798, 149994, 0.158803, 159.023, 126575, -0.270116
0.2475, 1.33302, 111.798, 149994, 0.158803, 159.023, 126575, -0.265116
0.2525, 1.33301, 111.798, 149994, 0.158803, 159.023, 126575, -0.260116
0.2575, 1.33299, 111.798, 149994, 0.158803, 159.023, 126575, -0.255116
0.2625, 1.33298, 111.798, 149994, 0.158803, 159.023, 126575, -0.250116
0.2675, 1.33298, 111.798, 149994, 0.158803, 159.023, 126575, -0.245116
0.2725, 1.33298, 111.797, 149994, 0.158803, 159.023, 126575, -0.240116
0.2775, 1.333, 111.797, 149995, 0.158803, 159.023, 126575, -0.235116
0.2825, 1.33306, 111.795, 149995, 0.158803, 159.023, 126575, -0.230116
0.2875, 1.33317, 111.794, 149996, 0.158803, 159.023, 126575, -0.225116
0.2925, 1.33327, 111.793, 149997, 0.158803, 159.023, 126575, -0.220116
0.2975, 1.33334, 111.793, 149997, 0.158803, 159.023, 126575, -0.215116
0.3025, 1.33339, 111.792, 149997, 0.158803, 159.023, 126575, -0.210116
0.3075, 1.3334, 111.792, 149997, 0.158803, 159.023, 126575, -0.205116
0.3125, 1.33341, 111.792, 149997, 0.158803, 159.023, 126575, -0.200116
0.3175, 1.3334, 111.793, 149996, 0.158803, 159.023, 126575, -0.195116
0.3225, 1.33336, 111.794, 149995, 0.158803, 159.023, 126575, -0.190116
0.3275, 1.33328, 111.796, 149995, 0.158803, 159.023, 126575, -0.185116
0.3325, 1.33319, 111.796, 149995, 0.158803, 159.023, 126575, -0.180116
0.3375, 1.33313, 111.797, 149994, 0.158803, 159.023, 126575, -0.175116
0.3425, 1.3331, 111.797, 149994, 0.158803, 159.023, 126575, -0.170116
0.3475, 1.33308, 111.797, 149995, 0.158803, 159.023, 126575, -0.165116
0.3525, 1.33308, 111.797, 149995, 0.158803, 159.023, 126575, -0.160116
0.3575, 1.3331, 111.797, 149995, 0.158803, 159.023, 126575, -0.155116
0.3625, 1.33316, 111.797, 149995, 0.158803, 159.023, 126575, -0.150116
0.3675, 1.33326, 111.797, 149995, 0.158803, 159.023, 126575, -0.145116
0.3725, 1.33336, 111.797, 149995, 0.158803, 159.023, 126575, -0.140116
0.3775, 1.33343, 111.797, 149995, 0.158803, 159.023, 126575, -0.135116
0.3825, 1.33348, 111.796, 149995, 0.158803, 159.023, 126575, -0.130116
0.3875, 1.33349, 111.796, 149995, 0.158803, 159.023, 126575, -0.125116
0.3925, 1.3335, 111.794, 149996, 0.158803, 159.023, 126575, -0.120116
0.3975, 1.33349, 111.792, 149998, 0.158803, 159.023, 126575, -0.115116
0.4025, 1.33343, 111.789, 149998, 0.158803, 159.023, 126575, -0.110116
0.4075, 1.33331, 111.788, 149999, 0.158803, 159.023, 126575, -0.105116
0.4125, 1.33319, 111.788, 149999, 0.158803, 159.023, 126575, -0.100116
0.4175, 1.33312, 111.788, 149999, 0.158803, 159.023, 126575, -0.0951161
0.4225, 1.33308, 111.789, 149999, 0.158803, 159.023, 126575, -0.0901161
0.4275, 1.33307, 111.79, 149998, 0.158803, 159.023, 126575, -0.0851161
0.4325, 1.33306, 111.797, 149994, 0.158803, 159.023, 126575, -0.0801161
0.4375, 1.33303, 111.819, 149982, 0.158803, 159.023, 126575, -0.0751162
0.4425, 1.33291, 111.876, 149952, 0.158803, 159.023, 126575, -0.0701163
0.4475, 1.33252, 112.021, 149876, 0.158803, 159.023, 126575, -0.0651167
0.4525, 1.33139, 112.388, 149682, 0.158803, 159.023, 126575, -0.0601176
0.4575, 1.32838, 113.313, 149194, 0.158803, 159.023, 126575, -0.05512
0.4625, 1.32021, 115.784, 147898, 0.158803, 159.023, 126575, -0.0501263
0.4675, 1.30349, 120.865, 145267, 0.158803, 159.023, 126575, -0.0451404
0.4725, 1.27934, 128.296, 141482, 0.158803, 159.023, 126575, -0.0401622
0.4775, 1.2528, 136.458, 137375, 0.158803, 159.023, 126575, -0.0351872
0.4825, 1.22882, 143.712, 133770, 0.158803, 159.023, 126575, -0.0302103
0.4875, 1.21052, 149.478, 131098, 0.158803, 159.023, 126575, -0.025229
0.4925, 1.19836, 153.804, 129366, 0.158803, 159.023, 126575, -0.020243
0.4975, 1.19073, 156.727, 128261, 0.158803, 159.023, 126575, -0.0152523
0.5025, 1.18532, 158.255, 127430, 0.158803, 159.023, 126575, -0.010257
0.5075, 1.18146, 158.779, 126832, 0.158803, 159.024, 126575, -0.00525847
0.5125, 1.17986, 158.946, 126593, 0.158798, 158.989, 126569, -0.000259025
0.5175, 1.17976, 159.023, 126575, 0.158747, 158.617, 126500, 0.00474235
0.5225, 1.17976, 159.023, 126575, 0.158681, 158.141, 126413, 0.00974409
0.5275, 1.17976, 159.023, 126575, 0.158598, 157.542, 126304, 0.0147462
0.5325, 1.17976, 159.023, 126575, 0.158496, 156.808, 126170, 0.0197487
0.5375, 1.17976, 159.023, 126575, 0.158383, 156.001, 126022, 0.0247511
0.5425, 1.17976, 159.023, 126575, 0.158277, 155.236, 125882, 0.0297534
0.5475, 1.17976, 159.023, 126575, 0.158171, 154.475, 125744, 0.0347563
0.5525, 1.17976, 159.023, 126575, 0.158023, 153.393, 125547, 0.0397615
0.5575, 1.17976, 159.023, 126575, 0.157757, 151.454, 125194, 0.04477
0.5625, 1.17976, 159.023, 126575, 0.157351, 148.491, 124657, 0.0497807
0.5675, 1.17976, 159.023, 126575, 0.156851, 144.835, 123997, 0.0547928
0.5725, 1.17976, 159.023, 126575, 0.156308, 140.851, 123280, 0.0598052
0.5775, 1.17976, 159.023, 126575, 0.155757, 136.809, 122557, 0.0648182
0.5825, 1.17976, 159.023, 126575, 0.15514, 132.274, 121749, 0.0698374
0.5875, 1.17976, 159.023, 126575, 0.154144, 124.94, 120452, 0.0748724
0.5925, 1.17976, 159.023, 126575, 0.152348, 111.62, 118125, 0.0799277
0.5975, 1.17976, 159.023, 126575, 0.149725, 91.9352, 114751, 0.0849917
0.6025, 1.17976, 159.023, 126575, 0.146971, 70.981, 111245, 0.0900488
0.6075, 1.17976, 159.023, 126575, 0.144639, 53.0049, 108306, 0.095095
0.6125, 1.17976, 159.023, 126575, 0.142807, 38.7469, 106020, 0.10013
0.6175, 1.17976, 159.023, 126575, 0.141433, 27.9843, 104319, 0.105157
0.6225, 1.17976, 159.023, 126575, 0.140433, 20.102, 103088, 0.110176
0.6275, 1.17976, 159.023, 126575, 0.139714, 14.4183, 102207, 0.11519
0.6325, 1.17976, 159.023, 126575, 0.1392, 10.3462, 101580, 0.120199
0.6375, 1.17976, 159.023, 126575, 0.138833, 7.43317, 101133, 0.125206
0.6425, 1.17976, 159.023, 126575, 0.138571, 5.34783, 100814, 0.130212
0.6475, 1.17976, 159.023, 126575, 0.138383, 3.85263, 100586, 0.135215
0.6525, 1.17976, 159.023, 126575, 0.138248, 2.77861, 100422, 0.140218
0.6575, 1.17976, 159.023, 126575, 0.138151, 2.0058, 100305, 0.14522
0.6625, 1.17976, 159.023, 126575, 0.138082, 1.4489, 100220, 0.150221
0.6675, 1.17976, 159.023, 126575, 0.138031, 1.0471, 100159, 0.155222
0.6725, 1.17976, 159.023, 126575, 0.137995, 0.756929, 100115, 0.160223
0.6775, 1.17976, 159.023, 126575, 0.137969, 0.54722, 100083, 0.165223
0.6825, 1.17976, 159.023, 126575, 0.13795, 0.395586, 100060, 0.170224
0.6875, 1.17976, 159.023, 126575, 0.137936, 0.285907, 100043, 0.175224
0.6925, 1.17976, 159.023, 126575, 0.137926, 0.20656, 100031, 0.180224
0.6975, 1.17976, 159.023, 126575, 0.137919, 0.149155, 100023, 0.185224
0.7025, 1.17976, 159.023, 126575, 0.137913, 0.107628, 100016, 0.190224
0.7075, 1.17976, 159.023, 126575, 0.13791, 0.0775918, 100012, 0.195224
0.7125, 1.17976, 159.023, 126575, 0.137907, 0.0558739, 100008, 0.200224
0.7175, 1.17976, 159.023, 126575, 0.137905, 0.0401767, 100006, 0.205224
0.7225, 1.17976, 159.023, 126575, 0.137904, 0.0288367, 100004, 0.210224
0.7275, 1.17976, 159.023, 126575, 0.137903, 0.0206496, 100003, 0.215224
0.7325, 1.17976, 159.023, 126575, 0.137902, 0.0147434, 100002, 0.220224
0.7375, 1.17976, 159.023, 126575, 0.137901, 0.0104865, 100002, 0.225225
0.7425, 1.17976, 159.023, 126575, 0.137901, 0.00742182, 100001, 0.230225
0.7475, 1.17976, 159.023, 126575, 0.137901, 0.00521798, 100001, 0.235225
0.7525, 1.17976, 159.023, 126575, 0.1379, 0.00363498, 100001, 0.240225
0.7575, 1.17976, 159.023, 126575, 0.1379, 0.00249887, 100000, 0.245225
0.7625, 1.17976, 159.023, 126575, 0.1379, 0.0016837, 100000, 0.250225
0.7675, 1.17976, 159.023, 126575, 0.1379, 0.00109837, 100000, 0.255225
0.7725, 1.17976, 159.023, 126575, 0.1379, 0.000677268, 100000, 0.260225
0.7775, 1.17976, 159.023, 126575, 0.1379, 0.000373357, 100000, 0.265225
0.7825, 1.17976, 159.023, 126575, 0.1379, 0.000153092, 100000, 0.270225
0.7875, 1.17976, 159.023, 126575, 0.1379, -7.29522e-06, 100000, 0.275225
0.7925, 1.17976, 159.023, 126575, 0.1379, -0.000124572, 100000, 0.280225
0.7975, 1.17976, 159.023, 126575, 0.1379, -0.000210544, 100000, 0.285225
0.8025, 1.17976, 159.023, 126575, 0.1379, -0.000273548, 100000, 0.290225
0.8075, 1.17976, 159.023, 126575, 0.1379, -0.000319543, 100000, 0.295225
0.8125, 1.17976, 159.023, 126575, 0.1379, -0.000352867, 99999.9, 0.300225
0.8175, 1.17976, 159.023, 126575, 0.1379, -0.000376755, 99999.9, 0.305225
0.8225, 1.17976, 159.023, 126575, 0.1379, -0.000393671, 99999.9, 0.310225
0.8275, 1.17976, 159.023, 126575, 0.1379, -0.000405503, 99999.9, 0.315225
0.8325, 1.17976, 159.023, 126575, 0.1379, -0.00041369, 99999.9, 0.320225
0.8375, 1.17976, 159.023, 126575, 0.1379, -0.000419306, 99999.9, 0.325225
0.8425, 1.17976, 159.023, 126575, 0.1379, -0.000423128, 99999.9, 0.330225
0.8475, 1.17976, 159.023, 126575, 0.1379, -0.000425708, 99999.9, 0.335225
0.8525, 1.17976, 159.023, 126575, 0.1379, -0.000427429, 99999.9, 0.340225
0.8575, 1.17976, 159.023, 126575, 0.1379, -0.000428557, 99999.9, 0.345225
0.8625, 1.17976, 159.023, 126575, 0.1379, -0.000429279, 99999.9, 0.350225
0.8675, 1.17976, 159.023, 126575, 0.1379, -0.000429724, 99999.9, 0.355225
0.8725, 1.17976, 159.023, 126575, 0.1379, -0.000429988, 99999.9, 0.360225
0.8775, 1.17976, 159.023, 126575, 0.1379, -0.000430134, 99999.9, 0.365225
0.8825, 1.17976, 159.023, 126575, 0.1379, -0.000430209, 99999.9, 0.370225
0.8875, 1.17976, 159.023, 126575, 0.1379, -0.000430243, 99999.9, 0.375225
0.8925, 1.17976, 159.023, 126575, 0.1379, -0.000430254, 99999.9, 0.380225
0.8975, 1.17976, 159.023, 126575, 0.1379, -0.000430255, 99999.9, 0.385225
0.9025, 1.17976, 159.023, 126575, 0.1379, -0.000430249, 99999.9, 0.390225
0.9075, 1.17976, 159.023, 126575, 0.1379, -0.00043023, 99999.9, 0.395225
0.9125, 1.17976, 159.023, 126575, 0.1379, -0.000430212, 99999.9, 0.400225
0.9175, 1.17976, 159.023, 126575, 0.1379, -0.000430199, 99999.9, 0.405225
0.9225, 1.17976, 159.023, 126575, 0.1379, -0.000430189, 99999.9, 0.410225
0.9275, 1.17976, 159.023, 126575, 0.1379, -0.000430182, 99999.9, 0.415225
0.9325, 1.17976, 159.023, 126575, 0.1379, -0.000430176, 99999.9, 0.420225
0.9375, 1.17976, 159.023, 126575, 0.1379, -0.000430171, 99999.9, 0.425225
0.9425, 1.17976, 159.023, 126575, 0.1379, -0.000430168, 99999.9, 0.430225
0.9475, 1.17976, 159.023, 126575, 0.1379, -0.000430166, 99999.9, 0.435225
0.9525, 1.17976, 159.023, 126575, 0.1379, -0.000430164, 99999.9, 0.440225
0.9575, 1.17976, 159.023, 126575, 0.1379, -0.000430163, 99999.9, 0.445225
0.9625, 1.17976, 159.023, 126575, 0.1379, -0.000430162, 99999.9, 0.450225
0.9675, 1.17976, 159.023, 126575, 0.1379, -0.000430161, 99999.9, 0.455225
0.9725, 1.17976, 159.023, 126575, 0.1379, -0.000430161, 99999.9, 0.460225
0.9775, 1.17976, 159.023, 126575, 0.1379, -0.000430161, 99999.9, 0.465225
0.9825, 1.17976, 159.023, 126575, 0.1379, -0.00043016, 99999.9, 0.470225
0.9875, 1.17976, 159.023, 126575, 0.1379, -0.00043016, 99999.9, 0.475225
0.9925, 1.17976, 159.023, 126575, 0.1379, -0.00043016, 99999.9, 0.480225
0.9975, 1.17976, 159.023, 126575, 0.1379, -0.00043016, 99999.9, 0.485225
