0.0025, 1.33294, 111.796, 149995, 0.158869, 159.501, 126662, -0.512683
0.0075, 1.33294, 111.796, 149995, 0.158869, 159.501, 126662, -0.508023
0.0125, 1.33294, 111.797, 149994, 0.158869, 159.501, 126662, -0.503023
0.0175, 1.33294, 111.798, 149994, 0.158869, 159.501, 126662, -0.498023
0.0225, 1.33293, 111.799, 149993, 0.158869, 159.501, 126662, -0.493023
0.0275, 1.33293, 111.8, 149993, 0.158869, 159.501, 126662, -0.488023
0.0325, 1.33293, 111.8, 149993, 0.158869, 159.501, 126662, -0.483023
0.0375, 1.33293, 111.8, 149993, 0.158869, 159.501, 126662, -0.478023
0.0425, 1.33293, 111.8, 149993, 0.158869, 159.501, 126662, -0.473023
0.0475, 1.33293, 111.8, 149993, 0.158869, 159.501, 126662, -0.468023
0.0525, 1.33293, 111.799, 149993, 0.158869, 159.501, 126662, -0.463023
0.0575, 1.33294, 111.798, 149994, 0.158869, 159.501, 126662, -0.458023
0.0625, 1.33294, 111.796, 149995, 0.158869, 159.501, 126662, -0.453023
0.0675, 1.33295, 111.795, 149996, 0.158869, 159.501, 126662, -0.448023
0.0725, 1.33295, 111.794, 149996, 0.158869, 159.501, 126662, -0.443023
0.0775, 1.33296, 111.793, 149996, 0.158869, 159.501, 126662, -0.438023
0.0825, 1.33296, 111.793, 149997, 0.158869, 159.501, 126662, -0.433023
0.0875, 1.33297, 111.793, 149997, 0.158869, 159.501, 126662, -0.428023
0.0925, 1.33297, 111.793, 149996, 0.158869, 159.501, 126662, -0.423023
0.0975, 1.33297, 111.794, 149996, 0.158869, 159.501, 126662, -0.418023
0.1025, 1.33297, 111.796, 149995, 0.158869, 159.501, 126662, -0.413023
0.1075, 1.33297, 111.798, 149994, 0.158869, 159.501, 126662, -0.408023
0.1125, 1.33296, 111.799, 149993, 0.158869, 159.501, 126662, -0.403023
0.1175, 1.33296, 111.8, 149993, 0.158869, 159.501, 126662, -0.398023
0.1225, 1.33296, 111.801, 149992, 0.158869, 159.501, 126662, -0.393023
0.1275, 1.33295, 111.801, 149992, 0.158869, 159.501, 126662, -0.388023
0.1325, 1.33292, 111.801, 149992, 0.158869, 159.501, 126662, -0.383023
0.1375, 1.33284, 111.8, 149993, 0.158869, 159.501, 126662, -0.378023
0.1425, 1.33264, 111.799, 149993, 0.158869, 159.501, 126662, -0.373023
0.1475, 1.3323, 111.799, 149993, 0.158869, 159.501, 126662, -0.368023
0.1525, 1.3319, 111.798, 149994, 0.158869, 159.501, 126662, -0.363023
0.1575, 1.33152, 111.797, 149994, 0.158869, 159.501, 126662, -0.358023
0.1625, 1.33122, 111.796, 149995, 0.158869, 159.501, 126662, -0.353023
0.1675, 1.33101, 111.794, 149996, 0.158869, 159.501, 126662, -0.348023
0.1725, 1.33086, 111.793, 149997, 0.158869, 159.501, 126662, -0.343023
0.1775, 1.33079, 111.792, 149998, 0.158869, 159.501, 126662, -0.338023
0.1825, 1.33075, 111.791, 149998, 0.158869, 159.501, 126662, -0.333023
0.1875, 1.33075, 111.79, 149998, 0.158869, 159.501, 126662, -0.328023
0.1925, 1.33077, 111.791, 149998, 0.158869, 159.501, 126662, -0.323023
0.1975, 1.3309, 111.792, 149997, 0.158869, 159.501, 126662, -0.318023
0.2025, 1.33122, 111.794, 149996, 0.158869, 159.501, 126662, -0.313023
0.2075, 1.33166, 111.795, 149996, 0.158869, 159.501, 126662, -0.308023
0.2125, 1.33207, 111.796, 149995, 0.158869, 159.501, 126662, -0.303023
0.2175, 1.33239, 111.797, 149994, 0.158869, 159.501, 126662, -0.298023
0.2225, 1.33263, 111.797, 149994, 0.158869, 159.501, 126662, -0.293023
0.2275, 1.3328, 111.798, 149994, 0.158869, 159.501, 126662, -0.288023
0.2325, 1.33291, 111.798, 149994, 0.158869, 159.501, 126662, -0.283023
0.2375, 1.33297, 111.798, 149994, 0.158869, 159.501, 126662, -0.278023
0.2425, 1.333, 111.798, 149994, 0.158869, 159.501, 126662, -0.273023
0.2475, 1.33301, 111.798, 149994, 0.158869, 159.501, 126662, -0.268023
0.2525, 1.33301, 111.798, 149994, 0.158869, 159.501, 126662, -0.263023
0.2575, 1.333, 111.798, 149994, 0.158869, 159.501, 126662, -0.258023
0.2625, 1.33299, 111.798, 149994, 0.158869, 159.501, 126662, -0.253023
0.2675, 1.33298, 111.797, 149995, 0.158869, 159.501, 126662, -0.248023
0.2725, 1.33298, 111.797, 149995, 0.158869, 159.501, 126662, -0.243023
0.2775, 1.333, 111.796, 149995, 0.158869, 159.501, 126662, -0.238023
0.2825, 1.33304, 111.794, 149996, 0.158869, 159.501, 126662, -0.233023
0.2875, 1.33313, 111.793, 149997, 0.158869, 159.501, 126662, -0.228023
0.2925, 1.33324, 111.793, 149997, 0.158869, 159.501, 126662, -0.223023
0.2975, 1.33332, 111.792, 149997, 0.158869, 159.501, 126662, -0.218023
0.3025, 1.33337, 111.792, 149997, 0.158869, 159.501, 126662, -0.213023
0.3075, 1.33339, 111.793, 149997, 0.158869, 159.501, 126662, -0.208023
0.3125, 1.3334, 111.794, 149996, 0.158869, 159.501, 126662, -0.203023
0.3175, 1.3334, 111.794, 149996, 0.158869, 159.501, 126662, -0.198023
0.3225, 1.33337, 111.795, 149995, 0.158869, 159.501, 126662, -0.193023
0.3275, 1.33331, 111.796, 149994, 0.158869, 159.501, 126662, -0.188023
0.3325, 1.33322, 111.796, 149994, 0.158869, 159.501, 126662, -0.183023
0.3375, 1.33316, 111.797, 149994, 0.158869, 159.501, 126662, -0.178023
0.3425, 1.33311, 111.797, 149995, 0.158869, 159.501, 126662, -0.173023
0.3475, 1.3331, 111.796, 149995, 0.158869, 159.501, 126662, -0.168023
0.3525, 1.33309, 111.796, 149995, 0.158869, 159.501, 126662, -0.163023
0.3575, 1.3331, 111.796, 149995, 0.158869, 159.501, 126662, -0.158023
0.3625, 1.33313, 111.797, 149995, 0.158869, 159.501, 126662, -0.153023
0.3675, 1.33322, 111.797, 149995, 0.158869, 159.501, 126662, -0.148023
0.3725, 1.33333, 111.797, 149995, 0.158869, 159.501, 126662, -0.143023
0.3775, 1.33341, 111.796, 149995, 0.158869, 159.501, 126662, -0.138023
0.3825, 1.33346, 111.795, 149996, 0.158869, 159.501, 126662, -0.133023
0.3875, 1.33349, 111.793, 149996, 0.158869, 159.501, 126662, -0.128023
0.3925, 1.3335, 111.792, 149998, 0.158869, 159.501, 126662, -0.123023
0.3975, 1.33349, 111.791, 149999, 0.158869, 159.501, 126662, -0.118023
0.4025, 1.33346, 111.789, 149999, 0.158869, 159.501, 126662, -0.113023
0.4075, 1.33336, 111.788, 149999, 0.158869, 159.501, 126662, -0.108023
0.4125, 1.33324, 111.788, 149999, 0.158869, 159.501, 126662, -0.103023
0.4175, 1.33315, 111.789, 149998, 0.158869, 159.501, 126662, -0.098023
0.4225, 1.3331, 111.792, 149997, 0.158869, 159.501, 126662, -0.093023
0.4275, 1.33305, 111.8, 149993, 0.158869, 159.501, 126662, -0.0880231
0.4325, 1.33297, 111.823, 149981, 0.158869, 159.501, 126662, -0.0830231
0.4375, 1.33277, 111.886, 149947, 0.158869, 159.501, 126662, -0.0780233
0.4425, 1.33227, 112.047, 149862, 0.158869, 159.501, 126662, -0.0730237
0.4475, 1.33099, 112.452, 149648, 0.158869, 159.501, 126662, -0.0680247
0.4525, 1.32778, 113.437, 149128, 0.158869, 159.501, 126662, -0.0630273
0.4575, 1.31923, 116.042, 147761, 0.158869, 159.501, 126662, -0.058034
0.4625, 1.30252, 121.124, 145126, 0.158869, 159.501, 126662, -0.0530482
0.4675, 1.27904, 128.355, 141455, 0.158869, 159.501, 126662, -0.0480695
0.4725, 1.25397, 136.22, 137559, 0.158869, 159.501, 126662, -0.0430937
0.4775, 1.23168, 143.182, 134153, 0.158869, 159.501, 126662, -0.0381157
0.4825, 1.21368, 148.659, 131470, 0.158869, 159.501, 126662, -0.0331332
0.4875, 1.20013, 152.707, 129507, 0.158869, 159.501, 126662, -0.0281462
0.4925, 1.19107, 155.608, 128225, 0.158869, 159.501, 126662, -0.0231557
0.4975, 1.18594, 157.605, 127504, 0.158869, 159.501, 126662, -0.0181623
0.5025, 1.18333, 158.803, 127126, 0.158869, 159.501, 126662, -0.0131661
0.5075, 1.18178, 159.327, 126886, 0.158869, 159.501, 126662, -0.00816768
0.5125, 1.18077, 159.457, 126728, 0.158869, 159.501, 126662, -0.00316799
0.5175, 1.18036, 159.483, 126667, 0.158867, 159.49, 126660, 0.00183196
0.5225, 1.18034, 159.501, 126662, 0.158851, 159.373, 126639, 0.00683237
0.5275, 1.18034, 159.501, 126662, 0.158832, 159.24, 126614, 0.0118328
0.5325, 1.18034, 159.501, 126662, 0.158812, 159.104, 126590, 0.0168333
0.5375, 1.18034, 159.501, 126662, 0.158785, 158.918, 126556, 0.0218342
0.5425, 1.18034, 159.501, 126662, 0.158735, 158.563, 126490, 0.0268358
0.5475, 1.18034, 159.501, 126662, 0.158659, 158.017, 126391, 0.0318377
0.5525, 1.18034, 159.501, 126662, 0.158571, 157.384, 126275, 0.0368399
0.5575, 1.18034, 159.501, 126662, 0.158468, 156.633, 126138, 0.0418423
0.5625, 1.18034, 159.501, 126662, 0.158363, 155.867, 125998, 0.0468445
0.5675, 1.18034, 159.501, 126662, 0.158262, 155.133, 125864, 0.0518469
0.5725, 1.18034, 159.501, 126662, 0.158147, 154.302, 125712, 0.0568505
0.5775, 1.18034, 159.501, 126662, 0.157967, 152.988, 125473, 0.0618566
0.5825, 1.18034, 159.501, 126662, 0.157662, 150.767, 125069, 0.0668657
0.5875, 1.18034, 159.501, 126662, 0.157226, 147.581, 124492, 0.071877
0.5925, 1.18034, 159.501, 126662, 0.15671, 143.804, 123811, 0.0768889
0.5975, 1.18034, 159.501, 126662, 0.15618, 139.916, 123112, 0.0819009
0.6025, 1.18034, 159.501, 126662, 0.15563, 135.885, 122392, 0.0869161
0.6075, 1.18034, 159.501, 126662, 0.154857, 130.222, 121385, 0.0919433
0.6125, 1.18034, 159.501, 126662, 0.153429, 119.665, 119526, 0.0969918
0.6175, 1.18034, 159.501, 126662, 0.151011, 101.628, 116402, 0.102059
0.6225, 1.18034, 159.501, 126662, 0.148007, 78.9199, 112563, 0.107124
0.6275, 1.18034, 159.501, 126662, 0.145327, 58.342, 109172, 0.112176
0.6325, 1.18034, 159.501, 126662, 0.143231, 42.064, 106548, 0.117216
0.6375, 1.18034, 159.501, 126662, 0.141687, 29.9763, 104632, 0.122246
0.6425, 1.18034, 159.501, 126662, 0.140583, 21.2868, 103272, 0.127266
0.6475, 1.18034, 159.501, 126662, 0.139803, 15.1279, 102317, 0.132281
0.6525, 1.18034, 159.501, 126662, 0.139255, 10.7787, 101646, 0.137291
0.6575, 1.18034, 159.501, 126662, 0.138867, 7.70295, 101174, 0.142299
0.6625, 1.18034, 159.501, 126662, 0.138593, 5.52029, 100841, 0.147304
0.6675, 1.18034, 159.501, 126662, 0.138397, 3.96548, 100603, 0.152308
0.6725, 1.18034, 159.501, 126662, 0.138258, 2.85401, 100434, 0.15731
0.6775, 1.18034, 159.501, 126662, 0.138158, 2.05708, 100313, 0.162312
0.6825, 1.18034, 159.501, 126662, 0.138086, 1.4843, 100225, 0.167314
0.6875, 1.18034, 159.501, 126662, 0.138034, 1.07182, 100163, 0.172315
0.6925, 1.18034, 159.501, 126662, 0.137997, 0.774346, 100118, 0.177316
0.6975, 1.18034, 159.501, 126662, 0.13797, 0.559581, 100085, 0.182316
0.7025, 1.18034, 159.501, 126662, 0.137951, 0.404405, 100061, 0.187316
0.7075, 1.18034, 159.501, 126662, 0.137937, 0.292225, 100044, 0.192317
0.7125, 1.18034, 159.501, 126662, 0.137926, 0.2111, 100032, 0.197317
0.7175, 1.18034, 159.501, 126662, 0.137919, 0.152424, 100023, 0.202317
0.7225, 1.18034, 159.501, 126662, 0.137914, 0.109985, 100017, 0.207317
0.7275, 1.18034, 159.501, 126662, 0.13791, 0.0792937, 100012, 0.212317
0.7325, 1.18034, 159.501, 126662, 0.137907, 0.0571033, 100009, 0.217317
0.7375, 1.18034, 159.501, 126662, 0.137905, 0.0410651, 100006, 0.222317
0.7425, 1.18034, 159.501, 126662, 0.137904, 0.0294788, 100004, 0.227317
0.7475, 1.18034, 159.501, 126662, 0.137903, 0.0211138, 100003, 0.232317
0.7525, 1.18034, 159.501, 126662, 0.137902, 0.0150789, 100002, 0.237317
0.7575, 1.18034, 159.501, 126662, 0.137901, 0.010729, 100002, 0.242317
0.7625, 1.18034, 159.501, 126662, 0.137901, 0.00759707, 100001, 0.247317
0.7675, 1.18034, 159.501, 126662, 0.137901, 0.00534459, 100001, 0.252317
0.7725, 1.18034, 159.501, 126662, 0.1379, 0.00372637, 100001, 0.257317
0.7775, 1.18034, 159.501, 126662, 0.1379, 0.00256475, 100000, 0.262317
0.7825, 1.18034, 159.501, 126662, 0.1379, 0.00173107, 100000, 0.267317
0.7875, 1.18034, 159.501, 126662, 0.1379, 0.00113234, 100000, 0.272317
0.7925, 1.18034, 159.501, 126662, 0.1379, 0.000701561, 100000, 0.277317
0.7975, 1.18034, 159.501, 126662, 0.1379, 0.000390685, 100000, 0.282317
0.8025, 1.18034, 159.501, 126662, 0.1379, 0.000165438, 100000, 0.287317
0.8075, 1.18034, 159.501, 126662, 0.1379, 1.51092e-06, 100000, 0.292317
0.8125, 1.18034, 159.501, 126662, 0.1379, -0.000118263, 100000, 0.297317
0.8175, 1.18034, 159.501, 126662, 0.1379, -0.000205984, 100000, 0.302317
0.8225, 1.18034, 159.501, 126662, 0.1379, -0.000270213, 100000, 0.307317
0.8275, 1.18034, 159.501, 126662, 0.1379, -0.000317074, 100000, 0.312317
0.8325, 1.18034, 159.501, 126662, 0.1379, -0.000351023, 99999.9, 0.317317
0.8375, 1.18034, 159.501, 126662, 0.1379, -0.000375378, 99999.9, 0.322317
0.8425, 1.18034, 159.501, 126662, 0.1379, -0.000392651, 99999.9, 0.327317
0.8475, 1.18034, 159.501, 126662, 0.1379, -0.000404761, 99999.9, 0.332317
0.8525, 1.18034, 159.501, 126662, 0.1379, -0.000413162, 99999.9, 0.337317
0.8575, 1.18034, 159.501, 126662, 0.1379, -0.000418936, 99999.9, 0.342317
0.8625, 1.18034, 159.501, 126662, 0.1379, -0.000422872, 99999.9, 0.347317
0.8675, 1.18034, 159.501, 126662, 0.1379, -0.000425532, 99999.9, 0.352317
0.8725, 1.18034, 159.501, 126662, 0.1379, -0.000427308, 99999.9, 0.357317
0.8775, 1.18034, 159.501, 126662, 0.1379, -0.000428474, 99999.9, 0.362317
0.8825, 1.18034, 159.501, 126662, 0.1379, -0.000429221, 99999.9, 0.367317
0.8875, 1.18034, 159.501, 126662, 0.1379, -0.000429685, 99999.9, 0.372317
0.8925, 1.18034, 159.501, 126662, 0.1379, -0.000429962, 99999.9, 0.377317
0.8975, 1.18034, 159.501, 126662, 0.1379, -0.000430117, 99999.9, 0.382317
0.9025, 1.18034, 159.501, 126662, 0.1379, -0.000430199, 99999.9, 0.387317
0.9075, 1.18034, 159.501, 126662, 0.1379, -0.000430236, 99999.9, 0.392317
0.9125, 1.18034, 159.501, 126662, 0.1379, -0.00043025, 99999.9, 0.397317
0.9175, 1.18034, 159.501, 126662, 0.1379, -0.000430253, 99999.9, 0.402317
0.9225, 1.18034, 159.501, 126662, 0.1379, -0.000430248, 99999.9, 0.407317
0.9275, 1.18034, 159.501, 126662, 0.1379, -0.000430231, 99999.9, 0.412317
0.9325, 1.18034, 159.501, 126662, 0.1379, -0.000430213, 99999.9, 0.417317
0.9375, 1.18034, 159.501, 126662, 0.1379, -0.0004302, 99999.9, 0.422317
0.9425, 1.18034, 159.501, 126662, 0.1379, -0.00043019, 99999.9, 0.427317
0.9475, 1.18034, 159.501, 126662, 0.1379, -0.000430182, 99999.9, 0.432317
0.9525, 1.18034, 159.501, 126662, 0.1379, -0.000430176, 99999.9, 0.437317
0.9575, 1.18034, 159.501, 126662, 0.1379, -0.000430172, 99999.9, 0.442317
0.9625, 1.18034, 159.501, 126662, 0.1379, -0.000430168, 99999.9, 0.447317
0.9675, 1.18034, 159.501, 126662, 0.1379, -0.000430166, 99999.9, 0.452317
0.9725, 1.18034, 159.501, 126662, 0.1379, -0.000430164, 99999.9, 0.457317
0.9775, 1.18034, 159.501, 126662, 0.1379, -0.000430163, 99999.9, 0.462317
0.9825, 1.18034, 159.501, 126662, 0.1379, -0.000430162, 99999.9, 0.467317
0.9875, 1.18034, 159.501, 126662, 0.1379, -0.000430161, 99999.9, 0.472317
0.9925, 1.18034, 159.501, 126662, 0.1379, -0.000430161, 99999.9, 0.477317
0.9975, 1.18034, 159.501, 126662, 0.1379, -0.000430161, 99999.9, 0.482317
