0.0025, 1.33292, 111.804, 149991, 0.138568, 5.31974, 100810, -0.497558
0.0075, 1.33292, 111.802, 149992, 0.138568, 5.31974, 100810, -0.492962
0.0125, 1.33293, 111.8, 149993, 0.138568, 5.31974, 100810, -0.487962
0.0175, 1.33294, 111.798, 149994, 0.138568, 5.31974, 100810, -0.482962
0.0225, 1.33294, 111.797, 149995, 0.138568, 5.31974, 100810, -0.477962
0.0275, 1.33294, 111.796, 149995, 0.138568, 5.31974, 100810, -0.472962
0.0325, 1.33295, 111.795, 149995, 0.138568, 5.31974, 100810, -0.467962
0.0375, 1.33295, 111.795, 149996, 0.138568, 5.31974, 100810, -0.462962
0.0425, 1.33295, 111.795, 149996, 0.138568, 5.31974, 100810, -0.457962
0.0475, 1.33294, 111.795, 149995, 0.138568, 5.31974, 100810, -0.452962
0.0525, 1.33294, 111.796, 149995, 0.138568, 5.31974, 100810, -0.447962
0.0575, 1.33294, 111.798, 149994, 0.138568, 5.31974, 100810, -0.442962
0.0625, 1.33294, 111.799, 149993, 0.138568, 5.31974, 100810, -0.437962
0.0675, 1.33294, 111.8, 149993, 0.138568, 5.31974, 100810, -0.432962
0.0725, 1.33294, 111.801, 149992, 0.138568, 5.31974, 100810, -0.427962
0.0775, 1.33295, 111.801, 149992, 0.138568, 5.31974, 100810, -0.422962
0.0825, 1.33295, 111.801, 149992, 0.138568, 5.31974, 100810, -0.417962
0.0875, 1.33296, 111.8, 149993, 0.138568, 5.31974, 100810, -0.412962
0.0925, 1.33296, 111.8, 149993, 0.138568, 5.31974, 100810, -0.407962
0.0975, 1.33297, 111.798, 149994, 0.138568, 5.31974, 100810, -0.402962
0.1025, 1.33297, 111.797, 149994, 0.138568, 5.31974, 100810, -0.397962
0.1075, 1.33297, 111.795, 149995, 0.138568, 5.31974, 100810, -0.392962
0.1125, 1.33297, 111.794, 149996, 0.138568, 5.31974, 100810, -0.387962
0.1175, 1.33295, 111.793, 149997, 0.138568, 5.31974, 100810, -0.382962
0.1225, 1.3329, 111.792, 149997, 0.138568, 5.31974, 100810, -0.377962
0.1275, 1.33273, 111.792, 149997, 0.138568, 5.31974, 100810, -0.372962
0.1325, 1.33238, 111.793, 149996, 0.138568, 5.31974, 100810, -0.367962
0.1375, 1.33193, 111.795, 149996, 0.138568, 5.31974, 100810, -0.362962
0.1425, 1.33149, 111.796, 149995, 0.138568, 5.31974, 100810, -0.357962
0.1475, 1.33113, 111.798, 149994, 0.138568, 5.31974, 100810, -0.352962
0.1525, 1.33087, 111.799, 149993, 0.138568, 5.31974, 100810, -0.347962
0.1575, 1.33069, 111.8, 149993, 0.138568, 5.31974, 100810, -0.342962
0.1625, 1.3306, 111.8, 149992, 0.138568, 5.31974, 100810, -0.337962
0.1675, 1.33057, 111.8, 149992, 0.138568, 5.31974, 100810, -0.332962
0.1725, 1.33057, 111.8, 149992, 0.138568, 5.31974, 100810, -0.327962
0.1775, 1.33061, 111.8, 149993, 0.138568, 5.31974, 100810, -0.322962
0.1825, 1.33079, 111.8, 149993, 0.138568, 5.31974, 100810, -0.317962
0.1875, 1.33121, 111.799, 149993, 0.138568, 5.31974, 100810, -0.312962
0.1925, 1.33171, 111.799, 149994, 0.138568, 5.31974, 100810, -0.307962
0.1975, 1.33217, 111.798, 149994, 0.138568, 5.31974, 100810, -0.302962
0.2025, 1.33252, 111.797, 149995, 0.138568, 5.31974, 100810, -0.297962
0.2075, 1.33277, 111.795, 149996, 0.138568, 5.31974, 100810, -0.292962
0.2125, 1.33294, 111.793, 149997, 0.138568, 5.31974, 100810, -0.287962
0.2175, 1.33304, 111.792, 149997, 0.138568, 5.31974, 100810, -0.282962
0.2225, 1.33309, 111.79, 149998, 0.138568, 5.31974, 100810, -0.277962
0.2275, 1.3331, 111.79, 149998, 0.138568, 5.31974, 100810, -0.272962
0.2325, 1.3331, 111.79, 149998, 0.138568, 5.31974, 100810, -0.267962
0.2375, 1.33307, 111.79, 149998, 0.138568, 5.31974, 100810, -0.262962
0.2425, 1.33301, 111.792, 149997, 0.138568, 5.31974, 100810, -0.257962
0.2475, 1.33296, 111.794, 149996, 0.138568, 5.31974, 100810, -0.252962
0.2525, 1.33294, 111.796, 149995, 0.138568, 5.31974, 100810, -0.247962
0.2575, 1.33293, 111.797, 149994, 0.138568, 5.31974, 100810, -0.242962
0.2625, 1.33294, 111.798, 149993, 0.138568, 5.31974, 100810, -0.237962
0.2675, 1.33298, 111.798, 149993, 0.138568, 5.31974, 100810, -0.232962
0.2725, 1.3331, 111.798, 149993, 0.138568, 5.31974, 100810, -0.227962
0.2775, 1.33323, 111.798, 149994, 0.138568, 5.31974, 100810, -0.222962
0.2825, 1.33334, 111.798, 149994, 0.138568, 5.31974, 100810, -0.217962
0.2875, 1.3334, 111.798, 149994, 0.138568, 5.31974, 100810, -0.212962
0.2925, 1.33344, 111.798, 149994, 0.138568, 5.31974, 100810, -0.207962
0.2975, 1.33345, 111.798, 149994, 0.138568, 5.31974, 100810, -0.202962
0.3025, 1.33345, 111.798, 149994, 0.138568, 5.31974, 100810, -0.197962
0.3075, 1.33342, 111.798, 149994, 0.138568, 5.31974, 100810, -0.192962
0.3125, 1.33333, 111.797, 149995, 0.138568, 5.31974, 100810, -0.187962
0.3175, 1.33322, 111.797, 149995, 0.138568, 5.31974, 100810, -0.182962
0.3225, 1.33312, 111.795, 149996, 0.138568, 5.31974, 100810, -0.177962
0.3275, 1.33307, 111.794, 149997, 0.138568, 5.31974, 100810, -0.172962
0.3325, 1.33304, 111.792, 149997, 0.138568, 5.31974, 100810, -0.167962
0.3375, 1.33303, 111.791, 149997, 0.138568, 5.31974, 100810, -0.162962
0.3425, 1.33304, 111.791, 149997, 0.138568, 5.31974, 100810, -0.157962
0.3475, 1.3331, 111.791, 149997, 0.138568, 5.31974, 100810, -0.152962
0.3525, 1.33323, 111.792, 149996, 0.138568, 5.31974, 100810, -0.147962
0.3575, 1.33336, 111.794, 149995, 0.138568, 5.31974, 100810, -0.142962
0.3625, 1.33345, 111.796, 149995, 0.138568, 5.31974, 100810, -0.137962
0.3675, 1.33351, 111.797, 149994, 0.138568, 5.31974, 100810, -0.132962
0.3725, 1.33355, 111.798, 149994, 0.138568, 5.31974, 100810, -0.127962
0.3775, 1.33356, 111.798, 149994, 0.138568, 5.31974, 100810, -0.122962
0.3825, 1.33355, 111.798, 149995, 0.138568, 5.31974, 100810, -0.117962
0.3875, 1.33351, 111.797, 149995, 0.138568, 5.31974, 100810, -0.112962
0.3925, 1.33338, 111.796, 149995, 0.138568, 5.31974, 100810, -0.107962
0.3975, 1.33318, 111.796, 149995, 0.138568, 5.31974, 100810, -0.102962
0.4025, 1.33303, 111.796, 149995, 0.138568, 5.31974, 100810, -0.0979618
0.4075, 1.33295, 111.796, 149994, 0.138568, 5.31974, 100810, -0.0929618
0.4125, 1.33293, 111.797, 149994, 0.138568, 5.31974, 100810, -0.0879618
0.4175, 1.33294, 111.797, 149994, 0.138568, 5.31974, 100810, -0.0829618
0.4225, 1.33303, 111.797, 149995, 0.138568, 5.31974, 100810, -0.0779618
0.4275, 1.33321, 111.796, 149997, 0.138568, 5.31974, 100810, -0.0729618
0.4325, 1.33339, 111.794, 149998, 0.138568, 5.31974, 100810, -0.0679618
0.4375, 1.3335, 111.789, 149998, 0.138568, 5.31974, 100810, -0.0629618
0.4425, 1.33356, 111.781, 149995, 0.138568, 5.31974, 100810, -0.0579617
0.4475, 1.33357, 111.761, 149987, 0.138568, 5.31974, 100810, -0.0529616
0.4525, 1.33336, 111.693, 149950, 0.138568, 5.31974, 100810, -0.0479612
0.4575, 1.33236, 111.443, 149812, 0.138568, 5.31974, 100810, -0.0429599
0.4625, 1.32916, 110.573, 149346, 0.138568, 5.31974, 100810, -0.0379551
0.4675, 1.31675, 106.878, 147414, 0.138568, 5.31974, 100810, -0.032934
0.4725, 1.27192, 93.4802, 140521, 0.138568, 5.31974, 100810, -0.0278684
0.4775, 1.18723, 66.6811, 127620, 0.138568, 5.31974, 100810, -0.0227641
0.4825, 1.10716, 39.4316, 115579, 0.138568, 5.31974, 100810, -0.017675
0.4875, 1.05483, 20.8984, 107855, 0.138568, 5.31974, 100810, -0.0126183
0.4925, 1.02459, 10.4422, 103487, 0.138568, 5.31974, 100810, -0.00758764
0.4975, 1.00964, 5.98273, 101359, 0.138567, 5.31608, 100809, -0.00257486
0.5025, 1.00578, 5.21163, 100815, 0.138545, 5.1422, 100783, 0.00242753
0.5075, 1.00574, 5.31974, 100810, 0.138371, 3.75734, 100571, 0.00743144
0.5125, 1.00574, 5.31974, 100810, 0.138243, 2.73852, 100416, 0.0124343
0.5175, 1.00574, 5.31974, 100810, 0.13815, 1.99225, 100303, 0.0174364
0.5225, 1.00574, 5.31974, 100810, 0.138081, 1.44735, 100220, 0.0224379
0.5275, 1.00574, 5.31974, 100810, 0.138032, 1.05036, 100159, 0.027439
0.5325, 1.00574, 5.31974, 100810, 0.137995, 0.761605, 100116, 0.0324398
0.5375, 1.00574, 5.31974, 100810, 0.137969, 0.551826, 100084, 0.0374404
0.5425, 1.00574, 5.31974, 100810, 0.13795, 0.399557, 100061, 0.0424409
0.5475, 1.00574, 5.31974, 100810, 0.137936, 0.28911, 100044, 0.0474412
0.5525, 1.00574, 5.31974, 100810, 0.137926, 0.209045, 100032, 0.0524414
0.5575, 1.00574, 5.31974, 100810, 0.137919, 0.151035, 100023, 0.0574415
0.5625, 1.00574, 5.31974, 100810, 0.137914, 0.109024, 100017, 0.0624417
0.5675, 1.00574, 5.31974, 100810, 0.13791, 0.0786164, 100012, 0.0674418
0.5725, 1.00574, 5.31974, 100810, 0.137907, 0.0566183, 100009, 0.0724418
0.5775, 1.00574, 5.31974, 100810, 0.137905, 0.0407132, 100006, 0.0774419
0.5825, 1.00574, 5.31974, 100810, 0.137904, 0.0292209, 100004, 0.0824419
0.5875, 1.00574, 5.31974, 100810, 0.137903, 0.0209228, 100003, 0.0874419
0.5925, 1.00574, 5.31974, 100810, 0.137902, 0.014936, 100002, 0.0924419
0.5975, 1.00574, 5.31974, 100810, 0.137901, 0.0106208, 100002, 0.0974419
0.6025, 1.00574, 5.31974, 100810, 0.137901, 0.00751389, 100001, 0.102442
0.6075, 1.00574, 5.31974, 100810, 0.137901, 0.00527998, 100001, 0.107442
0.6125, 1.00574, 5.31974, 100810, 0.1379, 0.00367609, 100001, 0.112442
0.6175, 1.00574, 5.31974, 100810, 0.1379, 0.00252608, 100000, 0.117442
0.6225, 1.00574, 5.31974, 100810, 0.1379, 0.00170219, 100000, 0.122442
0.6275, 1.00574, 5.31974, 100810, 0.1379, 0.00111184, 100000, 0.127442
0.6325, 1.00574, 5.31974, 100810, 0.1379, 0.000688089, 100000, 0.132442
0.6375, 1.00574, 5.31974, 100810, 0.1379, 0.000382778, 100000, 0.137442
0.6425, 1.00574, 5.31974, 100810, 0.1379, 0.000161559, 100000, 0.142442
0.6475, 1.00574, 5.31974, 100810, 0.1379, 2.33404e-07, 100000, 0.147442
0.6525, 1.00574, 5.31974, 100810, 0.1379, -0.000118094, 100000, 0.152442
0.6575, 1.00574, 5.31974, 100810, 0.1379, -0.000205226, 100000, 0.157442
0.6625, 1.00574, 5.31974, 100810, 0.1379, -0.000269483, 100000, 0.162442
0.6675, 1.00574, 5.31974, 100810, 0.1379, -0.000316773, 100000, 0.167442
0.6725, 1.00574, 5.31974, 100810, 0.1379, -0.000351308, 99999.9, 0.172442
0.6775, 1.00574, 5.31974, 100810, 0.1379, -0.000376161, 99999.9, 0.177442
0.6825, 1.00574, 5.31974, 100810, 0.1379, -0.000393682, 99999.9, 0.182442
0.6875, 1.00574, 5.31974, 100810, 0.1379, -0.000405772, 99999.9, 0.187442
0.6925, 1.00574, 5.31974, 100810, 0.1379, -0.000413982, 99999.9, 0.192442
0.6975, 1.00574, 5.31974, 100810, 0.1379, -0.000419522, 99999.9, 0.197442
0.7025, 1.00574, 5.31974, 100810, 0.1379, -0.000423268, 99999.9, 0.202442
0.7075, 1.00574, 5.31974, 100810, 0.1379, -0.000425807, 99999.9, 0.207442
0.7125, 1.00574, 5.31974, 100810, 0.1379, -0.000427519, 99999.9, 0.212442
0.7175, 1.00574, 5.31974, 100810, 0.1379, -0.000428651, 99999.9, 0.217442
0.7225, 1.00574, 5.31974, 100810, 0.1379, -0.000429375, 99999.9, 0.222442
0.7275, 1.00574, 5.31974, 100810, 0.1379, -0.000429814, 99999.9, 0.227442
0.7325, 1.00574, 5.31974, 100810, 0.1379, -0.000430062, 99999.9, 0.232442
0.7375, 1.00574, 5.31974, 100810, 0.1379, -0.000430191, 99999.9, 0.237442
0.7425, 1.00574, 5.31974, 100810, 0.1379, -0.000430249, 99999.9, 0.242442
0.7475, 1.00574, 5.31974, 100810, 0.1379, -0.000430271, 99999.9, 0.247442
0.7525, 1.00574, 5.31974, 100810, 0.1379, -0.000430275, 99999.9, 0.252442
0.7575, 1.00574, 5.31974, 100810, 0.1379, -0.000430271, 99999.9, 0.257442
0.7625, 1.00574, 5.31974, 100810, 0.1379, -0.000430251, 99999.9, 0.262442
0.7675, 1.00574, 5.31974, 100810, 0.1379, -0.000430231, 99999.9, 0.267442
0.7725, 1.00574, 5.31974, 100810, 0.1379, -0.000430214, 99999.9, 0.272442
0.7775, 1.00574, 5.31974, 100810, 0.1379, -0.000430201, 99999.9, 0.277442
0.7825, 1.00574, 5.31974, 100810, 0.1379, -0.000430191, 99999.9, 0.282442
0.7875, 1.00574, 5.31974, 100810, 0.1379, -0.000430183, 99999.9, 0.287442
0.7925, 1.00574, 5.31974, 100810, 0.1379, -0.000430176, 99999.9, 0.292442
0.7975, 1.00574, 5.31974, 100810, 0.1379, -0.000430172, 99999.9, 0.297442
0.8025, 1.00574, 5.31974, 100810, 0.1379, -0.000430168, 99999.9, 0.302442
0.8075, 1.00574, 5.31974, 100810, 0.1379, -0.000430166, 99999.9, 0.307442
0.8125, 1.00574, 5.31974, 100810, 0.1379, -0.000430164, 99999.9, 0.312442
0.8175, 1.00574, 5.31974, 100810, 0.1379, -0.000430163, 99999.9, 0.317442
0.8225, 1.00574, 5.31974, 100810, 0.1379, -0.000430162, 99999.9, 0.322442
0.8275, 1.00574, 5.31974, 100810, 0.1379, -0.000430161, 99999.9, 0.327442
0.8325, 1.00574, 5.31974, 100810, 0.1379, -0.000430161, 99999.9, 0.332442
0.8375, 1.00574, 5.31974, 100810, 0.1379, -0.000430161, 99999.9, 0.337442
0.8425, 1.00574, 5.31974, 100810, 0.1379, -0.00043016, 99999.9, 0.342442
0.8475, 1.00574, 5.31974, 100810, 0.1379, -0.00043016, 99999.9, 0.347442
0.8525, 1.00574, 5.31974, 100810, 0.1379, -0.00043016, 99999.9, 0.352442
0.8575, 1.00574, 5.31974, 100810, 0.1379, -0.00043016, 99999.9, 0.357442
0.8625, 1.00574, 5.31974, 100810, 0.1379, -0.00043016, 99999.9, 0.362442
0.8675, 1.00574, 5.31974, 100810, 0.1379, -0.00043016, 99999.9, 0.367442
0.8725, 1.00574, 5.31974, 100810, 0.1379, -0.00043016, 99999.9, 0.372442
0.8775, 1.00574, 5.31974, 100810, 0.1379, -0.00043016, 99999.9, 0.377442
0.8825, 1.00574, 5.31974, 100810, 0.1379, -0.00043016, 99999.9, 0.382442
0.8875, 1.00574, 5.31974, 100810, 0.1379, -0.00043016, 99999.9, 0.387442
0.8925, 1.00574, 5.31974, 100810, 0.1379, -0.00043016, 99999.9, 0.392442
0.8975, 1.00574, 5.31974, 100810, 0.1379, -0.00043016, 99999.9, 0.397442
0.9025, 1.00574, 5.31974, 100810, 0.1379, -0.00043016, 99999.9, 0.402442
0.9075, 1.00574, 5.31974, 100810, 0.1379, -0.00043016, 99999.9, 0.407442
0.9125, 1.00574, 5.31974, 100810, 0.1379, -0.00043016, 99999.9, 0.412442
0.9175, 1.00574, 5.31974, 100810, 0.1379, -0.00043016, 99999.9, 0.417442
0.9225, 1.00574, 5.31974, 100810, 0.1379, -0.00043016, 99999.9, 0.422442
0.9275, 1.00574, 5.31974, 100810, 0.1379, -0.00043016, 99999.9, 0.427442
0.9325, 1.00574, 5.31974, 100810, 0.1379, -0.00043016, 99999.9, 0.432442
0.9375, 1.00574, 5.31974, 100810, 0.1379, -0.00043016, 99999.9, 0.437442
0.9425, 1.00574, 5.31974, 100810, 0.1379, -0.00043016, 99999.9, 0.442442
0.9475, 1.00574, 5.31974, 100810, 0.1379, -0.00043016, 99999.9, 0.447442
0.9525, 1.00574, 5.31974, 100810, 0.1379, -0.00043016, 99999.9, 0.452442
0.9575, 1.00574, 5.31974, 100810, 0.1379, -0.00043016, 99999.9, 0.457442
0.9625, 1.00574, 5.31974, 100810, 0.1379, -0.00043016, 99999.9, 0.462442
0.9675, 1.00574, 5.31974, 100810, 0.1379, -0.00043016, 99999.9, 0.467442
0.9725, 1.00574, 5.31974, 100810, 0.1379, -0.00043016, 99999.9, 0.472442
0.9775, 1.00574, 5.31974, 100810, 0.1379, -0.00043016, 99999.9, 0.477442
0.9825, 1.00574, 5.31974, 100810, 0.1379, -0.00043016, 99999.9, 0.482442
0.9875, 1.00574, 5.31974, 100810, 0.1379, -0.00043016, 99999.9, 0.487442
0.9925, 1.00574, 5.31974, 100810, 0.1379, -0.00043016, 99999.9, 0.492442
0.9975, 1.00574, 5.31974, 100810, 0.1379, -0.00043016, 99999.9, 0.497442
