0.0025, 1.33293, 111.8, 149993, 0.158824, 159.181, 126603, -0.52967
0.0075, 1.33293, 111.8, 149993, 0.158824, 159.181, 126603, -0.525011
0.0125, 1.33293, 111.8, 149993, 0.158824, 159.181, 126603, -0.520011
0.0175, 1.33293, 111.8, 149993, 0.158824, 159.181, 126603, -0.515011
0.0225, 1.33293, 111.799, 149993, 0.158824, 159.181, 126603, -0.510011
0.0275, 1.33294, 111.797, 149994, 0.158824, 159.181, 126603, -0.505011
0.0325, 1.33294, 111.796, 149995, 0.158824, 159.181, 126603, -0.500011
0.0375, 1.33295, 111.795, 149996, 0.158824, 159.181, 126603, -0.495011
0.0425, 1.33295, 111.794, 149996, 0.158824, 159.181, 126603, -0.490011
0.0475, 1.33295, 111.794, 149996, 0.158824, 159.181, 126603, -0.485011
0.0525, 1.33295, 111.793, 149996, 0.158824, 159.181, 126603, -0.480011
0.0575, 1.33295, 111.793, 149996, 0.158824, 159.181, 126603, -0.475011
0.0625, 1.33295, 111.794, 149996, 0.158824, 159.181, 126603, -0.470011
0.0675, 1.33295, 111.795, 149996, 0.158824, 159.181, 126603, -0.465011
0.0725, 1.33294, 111.796, 149995, 0.158824, 159.181, 126603, -0.460011
0.0775, 1.33294, 111.798, 149994, 0.158824, 159.181, 126603, -0.455011
0.0825, 1.33294, 111.799, 149993, 0.158824, 159.181, 126603, -0.450011
0.0875, 1.33294, 111.8, 149993, 0.158824, 159.181, 126603, -0.445011
0.0925, 1.33294, 111.8, 149993, 0.158824, 159.181, 126603, -0.440011
0.0975, 1.33294, 111.8, 149993, 0.158824, 159.181, 126603, -0.435011
0.1025, 1.33295, 111.801, 149993, 0.158824, 159.181, 126603, -0.430011
0.1075, 1.33295, 111.8, 149993, 0.158824, 159.181, 126603, -0.425011
0.1125, 1.33296, 111.8, 149993, 0.158824, 159.181, 126603, -0.420011
0.1175, 1.33296, 111.799, 149993, 0.158824, 159.181, 126603, -0.415011
0.1225, 1.33297, 111.798, 149994, 0.158824, 159.181, 126603, -0.410011
0.1275, 1.33297, 111.797, 149995, 0.158824, 159.181, 126603, -0.405011
0.1325, 1.33297, 111.795, 149995, 0.158824, 159.181, 126603, -0.400011
0.1375, 1.33296, 111.794, 149996, 0.158824, 159.181, 126603, -0.395011
0.1425, 1.33294, 111.793, 149997, 0.158824, 159.181, 126603, -0.390011
0.1475, 1.33288, 111.791, 149998, 0.158824, 159.181, 126603, -0.385011
0.1525, 1.33271, 111.79, 149998, 0.158824, 159.181, 126603, -0.380011
0.1575, 1.33239, 111.79, 149998, 0.158824, 159.181, 126603, -0.375011
0.1625, 1.332, 111.791, 149997, 0.158824, 159.181, 126603, -0.370011
0.1675, 1.33164, 111.792, 149997, 0.158824, 159.181, 126603, -0.365011
0.1725, 1.33134, 111.793, 149996, 0.158824, 159.181, 126603, -0.360011
0.1775, 1.33111, 111.794, 149995, 0.158824, 159.181, 126603, -0.355011
0.1825, 1.33096, 111.795, 149995, 0.158824, 159.181, 126603, -0.350011
0.1875, 1.33087, 111.796, 149994, 0.158824, 159.181, 126603, -0.345011
0.1925, 1.33083, 111.797, 149994, 0.158824, 159.181, 126603, -0.340011
0.1975, 1.33083, 111.798, 149994, 0.158824, 159.181, 126603, -0.335011
0.2025, 1.33084, 111.798, 149994, 0.158824, 159.181, 126603, -0.330011
0.2075, 1.33091, 111.798, 149994, 0.158824, 159.181, 126603, -0.325011
0.2125, 1.33113, 111.798, 149994, 0.158824, 159.181, 126603, -0.320011
0.2175, 1.33151, 111.798, 149994, 0.158824, 159.181, 126603, -0.315011
0.2225, 1.33191, 111.798, 149994, 0.158824, 159.181, 126603, -0.310011
0.2275, 1.33224, 111.798, 149994, 0.158824, 159.181, 126603, -0.305011
0.2325, 1.3325, 111.798, 149994, 0.158824, 159.181, 126603, -0.300011
0.2375, 1.33269, 111.797, 149995, 0.158824, 159.181, 126603, -0.295011
0.2425, 1.33282, 111.796, 149995, 0.158824, 159.181, 126603, -0.290011
0.2475, 1.33291, 111.795, 149996, 0.158824, 159.181, 126603, -0.285011
0.2525, 1.33296, 111.794, 149996, 0.158824, 159.181, 126603, -0.280011
0.2575, 1.33299, 111.793, 149996, 0.158824, 159.181, 126603, -0.275011
0.2625, 1.333, 111.793, 149997, 0.158824, 159.181, 126603, -0.270011
0.2675, 1.33301, 111.792, 149997, 0.158824, 159.181, 126603, -0.265011
0.2725, 1.33301, 111.792, 149997, 0.158824, 159.181, 126603, -0.260011
0.2775, 1.33301, 111.793, 149996, 0.158824, 159.181, 126603, -0.255011
0.2825, 1.33301, 111.793, 149996, 0.158824, 159.181, 126603, -0.250011
0.2875, 1.33301, 111.794, 149995, 0.158824, 159.181, 126603, -0.245011
0.2925, 1.33304, 111.795, 149995, 0.158824, 159.181, 126603, -0.240011
0.2975, 1.33311, 111.796, 149995, 0.158824, 159.181, 126603, -0.235011
0.3025, 1.3332, 111.796, 149995, 0.158824, 159.181, 126603, -0.230011
0.3075, 1.33326, 111.797, 149995, 0.158824, 159.181, 126603, -0.225011
0.3125, 1.33331, 111.797, 149995, 0.158824, 159.181, 126603, -0.220011
0.3175, 1.33334, 111.797, 149995, 0.158824, 159.181, 126603, -0.215011
0.3225, 1.33335, 111.797, 149995, 0.158824, 159.181, 126603, -0.210011
0.3275, 1.33335, 111.797, 149995, 0.158824, 159.181, 126603, -0.205011
0.3325, 1.33334, 111.797, 149995, 0.158824, 159.181, 126603, -0.200011
0.3375, 1.33331, 111.797, 149995, 0.158824, 159.181, 126603, -0.195011
0.3425, 1.33325, 111.796, 149995, 0.158824, 159.181, 126603, -0.190011
0.3475, 1.3332, 111.796, 149995, 0.158824, 159.181, 126603, -0.185011
0.3525, 1.33317, 111.794, 149996, 0.158824, 159.181, 126603, -0.180011
0.3575, 1.33315, 111.793, 149997, 0.158824, 159.181, 126603, -0.175011
0.3625, 1.33315, 111.791, 149997, 0.158824, 159.181, 126603, -0.170011
0.3675, 1.33315, 111.79, 149998, 0.158824, 159.181, 126603, -0.165011
0.3725, 1.33318, 111.789, 149999, 0.158824, 159.181, 126603, -0.160011
0.3775, 1.33325, 111.787, 149999, 0.158824, 159.181, 126603, -0.155011
0.3825, 1.33333, 111.788, 149999, 0.158824, 159.181, 126603, -0.150011
0.3875, 1.33338, 111.79, 149997, 0.158824, 159.181, 126603, -0.145011
0.3925, 1.33339, 111.796, 149994, 0.158824, 159.181, 126603, -0.140011
0.3975, 1.33336, 111.811, 149987, 0.158824, 159.181, 126603, -0.135011
0.4025, 1.33327, 111.846, 149969, 0.158824, 159.181, 126603, -0.130011
0.4075, 1.333, 111.931, 149923, 0.158824, 159.181, 126603, -0.125011
0.4125, 1.3323, 112.14, 149813, 0.158824, 159.181, 126603, -0.120011
0.4175, 1.33058, 112.647, 149545, 0.158824, 159.181, 126603, -0.115013
0.4225, 1.32636, 113.892, 148890, 0.158824, 159.181, 126603, -0.110016
0.4275, 1.31696, 116.675, 147432, 0.158824, 159.181, 126603, -0.105024
0.4325, 1.30177, 121.218, 145079, 0.158824, 159.181, 126603, -0.100037
0.4375, 1.28248, 127.086, 142089, 0.158824, 159.181, 126603, -0.095054
0.4425, 1.26197, 133.415, 138925, 0.158824, 159.181, 126603, -0.0900734
0.4475, 1.24296, 139.342, 136014, 0.158824, 159.181, 126603, -0.0850918
0.4525, 1.22666, 144.497, 133524, 0.158824, 159.181, 126603, -0.080108
0.4575, 1.21331, 148.778, 131487, 0.158824, 159.181, 126603, -0.0751215
0.4625, 1.20295, 152.157, 129898, 0.158824, 159.181, 126603, -0.0701322
0.4675, 1.19536, 154.686, 128720, 0.158824, 159.181, 126603, -0.0651403
0.4725, 1.19008, 156.476, 127892, 0.158824, 159.181, 126603, -0.0601461
0.4775, 1.18656, 157.669, 127339, 0.158824, 159.181, 126603, -0.0551499
0.4825, 1.18426, 158.417, 126990, 0.158824, 159.181, 126603, -0.0501524
0.4875, 1.18275, 158.859, 126783, 0.158824, 159.181, 126603, -0.0451538
0.4925, 1.18174, 159.106, 126672, 0.158824, 159.181, 126603, -0.0401546
0.4975, 1.18106, 159.231, 126620, 0.158824, 159.181, 126603, -0.035155
0.5025, 1.18063, 159.287, 126602, 0.158824, 159.181, 126603, -0.0301552
0.5075, 1.18041, 159.303, 126604, 0.158824, 159.181, 126603, -0.0251553
0.5125, 1.18029, 159.285, 126612, 0.158824, 159.181, 126603, -0.0201552
0.5175, 1.18019, 159.248, 126617, 0.158824, 159.181, 126603, -0.0151551
0.5225, 1.18009, 159.211, 126614, 0.158824, 159.181, 126603, -0.010155
0.5275, 1.18001, 159.186, 126606, 0.158824, 159.18, 126603, -0.0051549
0.5325, 1.17999, 159.181, 126604, 0.158824, 159.179, 126603, -0.000154874
0.5375, 1.17999, 159.181, 126603, 0.158823, 159.171, 126602, 0.00484515
0.5425, 1.17999, 159.181, 126603, 0.158822, 159.165, 126601, 0.00984516
0.5475, 1.17999, 159.181, 126603, 0.158821, 159.163, 126600, 0.0148452
0.5525, 1.17999, 159.181, 126603, 0.158819, 159.163, 126600, 0.0198451
0.5575, 1.17999, 159.181, 126603, 0.158819, 159.166, 126601, 0.0248451
0.5625, 1.17999, 159.181, 126603, 0.158818, 159.171, 126602, 0.0298451
0.5675, 1.17999, 159.181, 126603, 0.158818, 159.181, 126603, 0.0348451
0.5725, 1.17999, 159.181, 126603, 0.158821, 159.201, 126607, 0.039845
0.5775, 1.17999, 159.181, 126603, 0.158826, 159.237, 126614, 0.0448448
0.5825, 1.17999, 159.181, 126603, 0.158831, 159.277, 126621, 0.0498447
0.5875, 1.17999, 159.181, 126603, 0.158836, 159.314, 126628, 0.0548446
0.5925, 1.17999, 159.181, 126603, 0.158841, 159.348, 126634, 0.0598445
0.5975, 1.17999, 159.181, 126603, 0.158845, 159.382, 126640, 0.0648444
0.6025, 1.17999, 159.181, 126603, 0.158851, 159.421, 126648, 0.0698442
0.6075, 1.17999, 159.181, 126603, 0.158858, 159.472, 126657, 0.0748441
0.6125, 1.17999, 159.181, 126603, 0.158865, 159.527, 126667, 0.0798439
0.6175, 1.17999, 159.181, 126603, 0.158871, 159.576, 126676, 0.0848438
0.6225, 1.17999, 159.181, 126603, 0.158876, 159.613, 126683, 0.0898437
0.6275, 1.17999, 159.181, 126603, 0.158879, 159.638, 126687, 0.0948437
0.6325, 1.17999, 159.181, 126603, 0.158881, 159.651, 126690, 0.0998437
0.6375, 1.17999, 159.181, 126603, 0.158882, 159.655, 126690, 0.104844
0.6425, 1.17999, 159.181, 126603, 0.158882, 159.655, 126690, 0.109844
0.6475, 1.17999, 159.181, 126603, 0.158879, 159.641, 126688, 0.114844
0.6525, 1.17999, 159.181, 126603, 0.158871, 159.585, 126677, 0.119844
0.6575, 1.17999, 159.181, 126603, 0.158858, 159.493, 126661, 0.124844
0.6625, 1.17999, 159.181, 126603, 0.158843, 159.394, 126642, 0.129845
0.6675, 1.17999, 159.181, 126603, 0.158828, 159.283, 126622, 0.134845
0.6725, 1.17999, 159.181, 126603, 0.158806, 159.129, 126594, 0.139846
0.6775, 1.17999, 159.181, 126603, 0.158772, 158.883, 126549, 0.144847
0.6825, 1.17999, 159.181, 126603, 0.158718, 158.496, 126478, 0.149848
0.6875, 1.17999, 159.181, 126603, 0.158644, 157.959, 126380, 0.15485
0.6925, 1.17999, 159.181, 126603, 0.158556, 157.322, 126263, 0.159852
0.6975, 1.17999, 159.181, 126603, 0.158465, 156.663, 126143, 0.164854
0.7025, 1.17999, 159.181, 126603, 0.158375, 156.006, 126023, 0.169857
0.7075, 1.17999, 159.181, 126603, 0.15827, 155.237, 125882, 0.17486
0.7125, 1.17999, 159.181, 126603, 0.15811, 154.081, 125672, 0.179865
0.7175, 1.17999, 159.181, 126603, 0.15786, 152.26, 125340, 0.184872
0.7225, 1.17999, 159.181, 126603, 0.15752, 149.79, 124892, 0.18988
0.7275, 1.17999, 159.181, 126603, 0.157142, 147.029, 124392, 0.194889
0.7325, 1.17999, 159.181, 126603, 0.156722, 143.945, 123836, 0.199903
0.7375, 1.17999, 159.181, 126603, 0.156028, 138.853, 122922, 0.204931
0.7425, 1.17999, 159.181, 126603, 0.154365, 126.742, 120770, 0.210003
0.7475, 1.17999, 159.181, 126603, 0.150607, 98.7694, 115913, 0.215104
0.7525, 1.17999, 159.181, 126603, 0.146316, 66.0521, 110433, 0.220185
0.7575, 1.17999, 159.181, 126603, 0.143183, 41.7178, 106493, 0.225238
0.7625, 1.17999, 159.181, 126603, 0.141221, 26.3287, 104060, 0.230271
0.7675, 1.17999, 159.181, 126603, 0.140046, 17.049, 102614, 0.235291
0.7725, 1.17999, 159.181, 126603, 0.139329, 11.3686, 101737, 0.240303
0.7775, 1.17999, 159.181, 126603, 0.138875, 7.76374, 101184, 0.245311
0.7825, 1.17999, 159.181, 126603, 0.138577, 5.39444, 100821, 0.250317
0.7875, 1.17999, 159.181, 126603, 0.138376, 3.79377, 100577, 0.255321
0.7925, 1.17999, 159.181, 126603, 0.138237, 2.69055, 100409, 0.260323
0.7975, 1.17999, 159.181, 126603, 0.138141, 1.91935, 100292, 0.265325
0.8025, 1.17999, 159.181, 126603, 0.138072, 1.37482, 100209, 0.270326
0.8075, 1.17999, 159.181, 126603, 0.138024, 0.987581, 100150, 0.275327
0.8125, 1.17999, 159.181, 126603, 0.137989, 0.710802, 100108, 0.280328
0.8175, 1.17999, 159.181, 126603, 0.137964, 0.512256, 100078, 0.285329
0.8225, 1.17999, 159.181, 126603, 0.137946, 0.369462, 100056, 0.290329
0.8275, 1.17999, 159.181, 126603, 0.137933, 0.26658, 100040, 0.295329
0.8325, 1.17999, 159.181, 126603, 0.137924, 0.19236, 100029, 0.300329
0.8375, 1.17999, 159.181, 126603, 0.137917, 0.138775, 100021, 0.305329
0.8425, 1.17999, 159.181, 126603, 0.137913, 0.100069, 100015, 0.31033
0.8475, 1.17999, 159.181, 126603, 0.137909, 0.0721041, 100011, 0.31533
0.8525, 1.17999, 159.181, 126603, 0.137907, 0.0518997, 100008, 0.32033
0.8575, 1.17999, 159.181, 126603, 0.137905, 0.0373049, 100006, 0.32533
0.8625, 1.17999, 159.181, 126603, 0.137903, 0.0267661, 100004, 0.33033
0.8675, 1.17999, 159.181, 126603, 0.137902, 0.0191602, 100003, 0.33533
0.8725, 1.17999, 159.181, 126603, 0.137902, 0.0136749, 100002, 0.34033
0.8775, 1.17999, 159.181, 126603, 0.137901, 0.00972235, 100001, 0.34533
0.8825, 1.17999, 159.181, 126603, 0.137901, 0.00687684, 100001, 0.35033
0.8875, 1.17999, 159.181, 126603, 0.137901, 0.00483017, 100001, 0.35533
0.8925, 1.17999, 159.181, 126603, 0.1379, 0.00335915, 100001, 0.36033
0.8975, 1.17999, 159.181, 126603, 0.1379, 0.00230223, 100000, 0.36533
0.9025, 1.17999, 159.181, 126603, 0.1379, 0.00154264, 100000, 0.37033
0.9075, 1.17999, 159.181, 126603, 0.1379, 0.000996166, 100000, 0.37533
0.9125, 1.17999, 159.181, 126603, 0.1379, 0.000602251, 100000, 0.38033
0.9175, 1.17999, 159.181, 126603, 0.1379, 0.000317538, 100000, 0.38533
0.9225, 1.17999, 159.181, 126603, 0.1379, 0.000111104, 100000, 0.39033
0.9275, 1.17999, 159.181, 126603, 0.1379, -3.90278e-05, 100000, 0.39533
0.9325, 1.17999, 159.181, 126603, 0.1379, -0.000148454, 100000, 0.40033
0.9375, 1.17999, 159.181, 126603, 0.1379, -0.000228265, 100000, 0.40533
0.9425, 1.17999, 159.181, 126603, 0.1379, -0.000286392, 100000, 0.41033
0.9475, 1.17999, 159.181, 126603, 0.1379, -0.00032857, 100000, 0.41533
0.9525, 1.17999, 159.181, 126603, 0.1379, -0.000358998, 99999.9, 0.42033
0.9575, 1.17999, 159.181, 126603, 0.1379, -0.000380783, 99999.9, 0.42533
0.9625, 1.17999, 159.181, 126603, 0.1379, -0.000396246, 99999.9, 0.43033
0.9675, 1.17999, 159.181, 126603, 0.1379, -0.000407123, 99999.9, 0.43533
0.9725, 1.17999, 159.181, 126603, 0.1379, -0.000414703, 99999.9, 0.44033
0.9775, 1.17999, 159.181, 126603, 0.1379, -0.000419936, 99999.9, 0.44533
0.9825, 1.17999, 159.181, 126603, 0.1379, -0.000423512, 99999.9, 0.45033
0.9875, 1.17999, 159.181, 126603, 0.1379, -0.000425927, 99999.9, 0.45533
0.9925, 1.17999, 159.181, 126603, 0.1379, -0.000427552, 99999.9, 0.46033
0.9975, 1.17999, 159.181, 126603, 0.1379, -0.000428659, 99999.9, 0.46533
