0.0025, 1.33216, 112.033, 149870, 0.1379, -0.000238523, 99999.9, -0.4975
0.0075, 1.332, 112.082, 149844, 0.1379, -0.000238523, 99999.9, -0.492907
0.0125, 1.33189, 112.116, 149826, 0.1379, -0.000238523, 99999.9, -0.487908
0.0175, 1.33188, 112.12, 149824, 0.1379, -0.000238523, 99999.9, -0.482908
0.0225, 1.33195, 112.101, 149833, 0.1379, -0.000238523, 99999.9, -0.477907
0.0275, 1.3322, 112.037, 149867, 0.1379, -0.000238523, 99999.9, -0.472907
0.0325, 1.33252, 111.954, 149911, 0.1379, -0.000238523, 99999.9, -0.467907
0.0375, 1.33268, 111.894, 149943, 0.1379, -0.000238523, 99999.9, -0.462907
0.0425, 1.33271, 111.862, 149960, 0.1379, -0.000238523, 99999.9, -0.457907
0.0475, 1.33267, 111.85, 149967, 0.1379, -0.000238523, 99999.9, -0.452907
0.0525, 1.33254, 111.85, 149967, 0.1379, -0.000238523, 99999.9, -0.447907
0.0575, 1.33223, 111.861, 149962, 0.1379, -0.000238523, 99999.9, -0.442907
0.0625, 1.33154, 111.868, 149960, 0.1379, -0.000238523, 99999.9, -0.437907
0.0675, 1.33041, 111.861, 149963, 0.1379, -0.000238523, 99999.9, -0.432907
0.0725, 1.32929, 111.847, 149969, 0.1379, -0.000238523, 99999.9, -0.427907
0.0775, 1.32859, 111.837, 149977, 0.1379, -0.000238523, 99999.9, -0.422907
0.0825, 1.32833, 111.834, 149984, 0.1379, -0.000238523, 99999.9, -0.417907
0.0875, 1.32844, 111.834, 149988, 0.1379, -0.000238523, 99999.9, -0.412906
0.0925, 1.32904, 111.818, 149988, 0.1379, -0.000238523, 99999.9, -0.407906
0.0975, 1.32998, 111.778, 149959, 0.1379, -0.000238523, 99999.9, -0.402906
0.1025, 1.33068, 111.633, 149862, 0.1379, -0.000238523, 99999.9, -0.397905
0.1075, 1.33042, 111.044, 149559, 0.1379, -0.000238523, 99999.9, -0.392902
0.1125, 1.32419, 108.643, 148328, 0.1379, -0.000238523, 99999.9, -0.387888
0.1175, 1.28903, 98.3491, 142967, 0.1379, -0.000238523, 99999.9, -0.382834
0.1225, 1.20559, 72.7851, 130435, 0.1379, -0.000238523, 99999.9, -0.377727
0.1275, 1.11541, 42.3247, 116857, 0.1379, -0.000238523, 99999.9, -0.372624
0.1325, 1.05603, 20.8807, 108050, 0.1379, -0.000238523, 99999.9, -0.367558
0.1375, 1.02442, 9.14582, 103466, 0.1379, -0.000238523, 99999.9, -0.362525
0.1425, 1.00981, 3.67417, 101382, 0.1379, -0.000238523, 99999.9, -0.35751
0.1475, 1.00368, 1.37928, 100517, 0.1379, -0.000238523, 99999.9, -0.352504
0.1525, 1.0013, 0.487352, 100182, 0.1379, -0.000238523, 99999.9, -0.347501
0.1575, 1.00043, 0.162288, 100061, 0.1379, -0.000238523, 99999.9, -0.3425
0.1625, 1.00014, 0.0508646, 100019, 0.1379, -0.000238523, 99999.9, -0.3375
0.1675, 1.00004, 0.0149717, 100006, 0.1379, -0.000238523, 99999.9, -0.3325
0.1725, 1.00001, 0.00412845, 100002, 0.1379, -0.000238523, 99999.9, -0.3275
0.1775, 1, 0.00106382, 100000, 0.1379, -0.000238523, 99999.9, -0.3225
0.1825, 1, 0.000255515, 100000, 0.1379, -0.000238523, 99999.9, -0.3175
0.1875, 1, 5.70543e-05, 100000, 0.1379, -0.000238523, 99999.9, -0.3125
0.1925, 1, 1.18108e-05, 100000, 0.1379, -0.000238523, 99999.9, -0.3075
0.1975, 1, 2.25984e-06, 100000, 0.1379, -0.000238523, 99999.9, -0.3025
0.2025, 1, 3.98335e-07, 100000, 0.1379, -0.000238523, 99999.9, -0.2975
0.2075, 1, 6.44422e-08, 100000, 0.1379, -0.000238523, 99999.9, -0.2925
0.2125, 1, 9.52811e-09, 100000, 0.1379, -0.000238523, 99999.9, -0.2875
0.2175, 1, 1.28125e-09, 100000, 0.1379, -0.000238523, 99999.9, -0.2825
0.2225, 1, 1.55825e-10, 100000, 0.1379, -0.000238523, 99999.9, -0.2775
0.2275, 1, 1.70318e-11, 100000, 0.1379, -0.000238523, 99999.9, -0.2725
0.2325, 1, 1.62913e-12, 100000, 0.1379, -0.000238523, 99999.9, -0.2675
0.2375, 1, 1.48102e-13, 100000, 0.1379, -0.000238523, 99999.9, -0.2625
0.2425, 1, 0, 100000, 0.1379, -0.000238523, 99999.9, -0.2575
0.2475, 1, 0, 100000, 0.1379, -0.000238523, 99999.9, -0.2525
0.2525, 1, 0, 100000, 0.1379, -0.000238523, 99999.9, -0.2475
0.2575, 1, 0, 100000, 0.1379, -0.000238523, 99999.9, -0.2425
0.2625, 1, 0, 100000, 0.1379, -0.000238523, 99999.9, -0.2375
0.2675, 1, 0, 100000, 0.1379, -0.000238523, 99999.9, -0.2325
0.2725, 1, 0, 100000, 0.1379, -0.000238523, 99999.9, -0.2275
0.2775, 1, 0, 100000, 0.1379, -0.000238523, 99999.9, -0.2225
0.2825, 1, 0, 100000, 0.1379, -0.000238523, 99999.9, -0.2175
0.2875, 1, 0, 100000, 0.1379, -0.000238523, 99999.9, -0.2125
0.2925, 1, 0, 100000, 0.1379, -0.000238523, 99999.9, -0.2075
0.2975, 1, 0, 100000, 0.1379, -0.000238523, 99999.9, -0.2025
0.3025, 1, 0, 100000, 0.1379, -0.000238523, 99999.9, -0.1975
0.3075, 1, 0, 100000, 0.1379, -0.000238523, 99999.9, -0.1925
0.3125, 1, 0, 100000, 0.1379, -0.000238523, 99999.9, -0.1875
0.3175, 1, 0, 100000, 0.1379, -0.000238523, 99999.9, -0.1825
0.3225, 1, 0, 100000, 0.1379, -0.000238523, 99999.9, -0.1775
0.3275, 1, 0, 100000, 0.1379, -0.000238523, 99999.9, -0.1725
0.3325, 1, 0, 100000, 0.1379, -0.000238523, 99999.9, -0.1675
0.3375, 1, 0, 100000, 0.1379, -0.000238523, 99999.9, -0.1625
0.3425, 1, 0, 100000, 0.1379, -0.000238523, 99999.9, -0.1575
0.3475, 1, 0, 100000, 0.1379, -0.000238523, 99999.9, -0.1525
0.3525, 1, 0, 100000, 0.1379, -0.000238523, 99999.9, -0.1475
0.3575, 1, 8.46299e-14, 100000, 0.1379, -0.000238523, 99999.9, -0.1425
0.3625, 1, 4.2315e-13, 100000, 0.1379, -0.000238523, 99999.9, -0.1375
0.3675, 1, 1.95707e-12, 100000, 0.1379, -0.000238523, 99999.9, -0.1325
0.3725, 1, 8.14563e-12, 100000, 0.1379, -0.000238523, 99999.9, -0.1275
0.3775, 1, 3.1842e-11, 100000, 0.1379, -0.000238523, 99999.9, -0.1225
0.3825, 1, 1.18207e-10, 100000, 0.1379, -0.000238523, 99999.9, -0.1175
0.3875, 1, 4.16443e-10, 100000, 0.1379, -0.000238523, 99999.9, -0.1125
0.3925, 1, 1.39764e-09, 100000, 0.1379, -0.000238523, 99999.9, -0.1075
0.3975, 1, 4.47979e-09, 100000, 0.1379, -0.000238523, 99999.9, -0.1025
0.4025, 1, 1.37521e-08, 100000, 0.1379, -0.000238523, 99999.9, -0.0975
0.4075, 1, 4.05633e-08, 100000, 0.1379, -0.000238523, 99999.9, -0.0925
0.4125, 1, 1.15333e-07, 100000, 0.1379, -0.000238523, 99999.9, -0.0875
0.4175, 1, 3.16749e-07, 100000, 0.1379, -0.000238523, 99999.9, -0.0825
0.4225, 1, 8.63878e-07, 100000, 0.1379, -0.000238523, 99999.9, -0.0775
0.4275, 1, 2.03633e-06, 100000, 0.1379, -0.000238523, 99999.9, -0.0725
0.4325, 1, 3.59986e-06, 100000, 0.1379, -0.000238523, 99999.9, -0.0675
0.4375, 1, 4.99513e-06, 100000, 0.1379, -0.000238523, 99999.9, -0.0625
0.4425, 1, 5.98732e-06, 100000, 0.1379, -0.000238523, 99999.9, -0.0575
0.4475, 1, 6.60501e-06, 100000, 0.1379, -0.000238523, 99999.9, -0.0525
0.4525, 1, 6.93777e-06, 100000, 0.1379, -0.000238523, 99999.9, -0.0475
0.4575, 1, 7.0849e-06, 100000, 0.1379, -0.000238523, 99999.9, -0.0425
0.4625, 1, 7.12903e-06, 100000, 0.1379, -0.000238523, 99999.9, -0.0375
0.4675, 1, 7.12957e-06, 100000, 0.1379, -0.000238523, 99999.9, -0.0325
0.4725, 1, 7.09262e-06, 100000, 0.1379, -0.000238523, 99999.9, -0.0275
0.4775, 1, 7.02726e-06, 100000, 0.1379, -0.000238523, 99999.9, -0.0225
0.4825, 1, 6.92566e-06, 100000, 0.1379, -0.000238523, 99999.9, -0.0175
0.4875, 1, 6.56844e-06, 100000, 0.1379, -0.000238523, 99999.9, -0.0125
0.4925, 1, 3.65589e-06, 100000, 0.1379, -0.000238523, 99999.9, -0.00749999
0.4975, 1, -4.90351e-05, 100000, 0.1379, -0.000391842, 99999.9, -0.00249999
0.5025, 1, -0.000171786, 99999.9, 0.1379, -0.00042802, 99999.9, 0.00250001
0.5075, 0.999999, -0.000238523, 99999.9, 0.1379, -0.000430158, 99999.9, 0.00750001
0.5125, 0.999999, -0.000238523, 99999.9, 0.1379, -0.000430146, 99999.9, 0.0125
0.5175, 0.999999, -0.000238523, 99999.9, 0.1379, -0.000430128, 99999.9, 0.0175
0.5225, 0.999999, -0.000238523, 99999.9, 0.1379, -0.000430106, 99999.9, 0.0225
0.5275, 0.999999, -0.000238523, 99999.9, 0.1379, -0.000430081, 99999.9, 0.0275
0.5325, 0.999999, -0.000238523, 99999.9, 0.1379, -0.000430055, 99999.9, 0.0325
0.5375, 0.999999, -0.000238523, 99999.9, 0.1379, -0.00043003, 99999.9, 0.0375
0.5425, 0.999999, -0.000238523, 99999.9, 0.1379, -0.000430008, 99999.9, 0.0425
0.5475, 0.999999, -0.000238523, 99999.9, 0.1379, -0.000429987, 99999.9, 0.0475
0.5525, 0.999999, -0.000238523, 99999.9, 0.1379, -0.000429967, 99999.9, 0.0525
0.5575, 0.999999, -0.000238523, 99999.9, 0.1379, -0.000429947, 99999.9, 0.0575
0.5625, 0.999999, -0.000238523, 99999.9, 0.1379, -0.000429924, 99999.9, 0.0625
0.5675, 0.999999, -0.000238523, 99999.9, 0.1379, -0.000429896, 99999.9, 0.0675
0.5725, 0.999999, -0.000238523, 99999.9, 0.1379, -0.000429861, 99999.9, 0.0725
0.5775, 0.999999, -0.000238523, 99999.9, 0.1379, -0.000429826, 99999.9, 0.0775
0.5825, 0.999999, -0.000238523, 99999.9, 0.1379, -0.000429798, 99999.9, 0.0825
0.5875, 0.999999, -0.000238523, 99999.9, 0.1379, -0.000429783, 99999.9, 0.0875
0.5925, 0.999999, -0.000238523, 99999.9, 0.1379, -0.000429777, 99999.9, 0.0925
0.5975, 0.999999, -0.000238523, 99999.9, 0.1379, -0.00042978, 99999.9, 0.0975
0.6025, 0.999999, -0.000238523, 99999.9, 0.1379, -0.000429803, 99999.9, 0.1025
0.6075, 0.999999, -0.000238523, 99999.9, 0.1379, -0.00042987, 99999.9, 0.1075
0.6125, 0.999999, -0.000238523, 99999.9, 0.1379, -0.000429951, 99999.9, 0.1125
0.6175, 0.999999, -0.000238523, 99999.9, 0.1379, -0.000430024, 99999.9, 0.1175
0.6225, 0.999999, -0.000238523, 99999.9, 0.1379, -0.000430075, 99999.9, 0.1225
0.6275, 0.999999, -0.000238523, 99999.9, 0.1379, -0.0004301, 99999.9, 0.1275
0.6325, 0.999999, -0.000238523, 99999.9, 0.1379, -0.000430104, 99999.9, 0.1325
0.6375, 0.999999, -0.000238523, 99999.9, 0.1379, -0.000430087, 99999.9, 0.1375
0.6425, 0.999999, -0.000238523, 99999.9, 0.1379, -0.000429993, 99999.9, 0.1425
0.6475, 0.999999, -0.000238523, 99999.9, 0.1379, -0.000429694, 99999.9, 0.1475
0.6525, 0.999999, -0.000238523, 99999.9, 0.1379, -0.000428946, 99999.9, 0.1525
0.6575, 0.999999, -0.000238523, 99999.9, 0.1379, -0.000427449, 99999.9, 0.1575
0.6625, 0.999999, -0.000238523, 99999.9, 0.1379, -0.00042411, 99999.9, 0.1625
0.6675, 0.999999, -0.000238523, 99999.9, 0.1379, -0.000415285, 99999.9, 0.1675
0.6725, 0.999999, -0.000238523, 99999.9, 0.1379, -0.000387319, 99999.9, 0.1725
0.6775, 0.999999, -0.000238523, 99999.9, 0.1379, -0.00030627, 100000, 0.1775
0.6825, 0.999999, -0.000238523, 99999.9, 0.1379, -0.000196653, 100000, 0.1825
0.6875, 0.999999, -0.000238523, 99999.9, 0.1379, -0.000107776, 100000, 0.1875
0.6925, 0.999999, -0.000238523, 99999.9, 0.1379, -5.03171e-05, 100000, 0.1925
0.6975, 0.999999, -0.000238523, 99999.9, 0.1379, -1.97188e-05, 100000, 0.1975
0.7025, 0.999999, -0.000238523, 99999.9, 0.1379, -6.36474e-06, 100000, 0.2025
0.7075, 0.999999, -0.000238523, 99999.9, 0.1379, -1.64816e-06, 100000, 0.2075
0.7125, 0.999999, -0.000238523, 99999.9, 0.1379, -3.29333e-07, 100000, 0.2125
0.7175, 0.999999, -0.000238523, 99999.9, 0.1379, -4.76929e-08, 100000, 0.2175
0.7225, 0.999999, -0.000238523, 99999.9, 0.1379, -4.4568e-09, 100000, 0.2225
0.7275, 0.999999, -0.000238523, 99999.9, 0.1379, -2.01756e-10, 100000, 0.2275
0.7325, 0.999999, -0.000238523, 99999.9, 0.1379, 7.67131e-14, 100000, 0.2325
0.7375, 0.999999, -0.000238523, 99999.9, 0.1379, 0, 100000, 0.2375
0.7425, 0.999999, -0.000238523, 99999.9, 0.1379, 0, 100000, 0.2425
0.7475, 0.999999, -0.000238523, 99999.9, 0.1379, 0, 100000, 0.2475
0.7525, 0.999999, -0.000238523, 99999.9, 0.1379, 0, 100000, 0.2525
0.7575, 0.999999, -0.000238523, 99999.9, 0.1379, 0, 100000, 0.2575
0.7625, 0.999999, -0.000238523, 99999.9, 0.1379, 0, 100000, 0.2625
0.7675, 0.999999, -0.000238523, 99999.9, 0.1379, 0, 100000, 0.2675
0.7725, 0.999999, -0.000238523, 99999.9, 0.1379, 0, 100000, 0.2725
0.7775, 0.999999, -0.000238523, 99999.9, 0.1379, 0, 100000, 0.2775
0.7825, 0.999999, -0.000238523, 99999.9, 0.1379, 0, 100000, 0.2825
0.7875, 0.999999, -0.000238523, 99999.9, 0.1379, 0, 100000, 0.2875
0.7925, 0.999999, -0.000238523, 99999.9, 0.1379, 0, 100000, 0.2925
0.7975, 0.999999, -0.000238523, 99999.9, 0.1379, 0, 100000, 0.2975
0.8025, 0.999999, -0.000238523, 99999.9, 0.1379, 0, 100000, 0.3025
0.8075, 0.999999, -0.000238523, 99999.9, 0.1379, 0, 100000, 0.3075
0.8125, 0.999999, -0.000238523, 99999.9, 0.1379, 0, 100000, 0.3125
0.8175, 0.999999, -0.000238523, 99999.9, 0.1379, 0, 100000, 0.3175
0.8225, 0.999999, -0.000238523, 99999.9, 0.1379, 0, 100000, 0.3225
0.8275, 0.999999, -0.000238523, 99999.9, 0.1379, 0, 100000, 0.3275
0.8325, 0.999999, -0.000238523, 99999.9, 0.1379, 0, 100000, 0.3325
0.8375, 0.999999, -0.000238523, 99999.9, 0.1379, 0, 100000, 0.3375
0.8425, 0.999999, -0.000238523, 99999.9, 0.1379, 0, 100000, 0.3425
0.8475, 0.999999, -0.000238523, 99999.9, 0.1379, 0, 100000, 0.3475
0.8525, 0.999999, -0.000238523, 99999.9, 0.1379, 0, 100000, 0.3525
0.8575, 0.999999, -0.000238523, 99999.9, 0.1379, 0, 100000, 0.3575
0.8625, 0.999999, -0.000238523, 99999.9, 0.1379, 0, 100000, 0.3625
0.8675, 0.999999, -0.000238523, 99999.9, 0.1379, 0, 100000, 0.3675
0.8725, 0.999999, -0.000238523, 99999.9, 0.1379, 0, 100000, 0.3725
0.8775, 0.999999, -0.000238523, 99999.9, 0.1379, 0, 100000, 0.3775
0.8825, 0.999999, -0.000238523, 99999.9, 0.1379, 0, 100000, 0.3825
0.8875, 0.999999, -0.000238523, 99999.9, 0.1379, 0, 100000, 0.3875
0.8925, 0.999999, -0.000238523, 99999.9, 0.1379, 0, 100000, 0.3925
0.8975, 0.999999, -0.000238523, 99999.9, 0.1379, 0, 100000, 0.3975
0.9025, 0.999999, -0.000238523, 99999.9, 0.1379, 0, 100000, 0.4025
0.9075, 0.999999, -0.000238523, 99999.9, 0.1379, 0, 100000, 0.4075
0.9125, 0.999999, -0.000238523, 99999.9, 0.1379, 0, 100000, 0.4125
0.9175, 0.999999, -0.000238523, 99999.9, 0.1379, 0, 100000, 0.4175
0.9225, 0.999999, -0.000238523, 99999.9, 0.1379, 0, 100000, 0.4225
0.9275, 0.999999, -0.000238523, 99999.9, 0.1379, 0, 100000, 0.4275
0.9325, 0.999999, -0.000238523, 99999.9, 0.1379, 0, 100000, 0.4325
0.9375, 0.999999, -0.000238523, 99999.9, 0.1379, 0, 100000, 0.4375
0.9425, 0.999999, -0.000238523, 99999.9, 0.1379, 0, 100000, 0.4425
0.9475, 0.999999, -0.000238523, 99999.9, 0.1379, 0, 100000, 0.4475
0.9525, 0.999999, -0.000238523, 99999.9, 0.1379, 0, 100000, 0.4525
0.9575, 0.999999, -0.000238523, 99999.9, 0.1379, 0, 100000, 0.4575
0.9625, 0.999999, -0.000238523, 99999.9, 0.1379, 0, 100000, 0.4625
0.9675, 0.999999, -0.000238523, 99999.9, 0.1379, 0, 100000, 0.4675
0.9725, 0.999999, -0.000238523, 99999.9, 0.1379, 0, 100000, 0.4725
0.9775, 0.999999, -0.000238523, 99999.9, 0.1379, 0, 100000, 0.4775
0.9825, 0.999999, -0.000238523, 99999.9, 0.1379, 0, 100000, 0.4825
0.9875, 0.999999, -0.000238523, 99999.9, 0.1379, 0, 100000, 0.4875
0.9925, 0.999999, -0.000238523, 99999.9, 0.1379, 0, 100000, 0.4925
0.9975, 0.999999, -0.000238523, 99999.9, 0.1379, 0, 100000, 0.4975
