0.0025, 1.33293, 111.799, 149993, 0.158835, 159.256, 126617, -0.538882
0.0075, 1.33294, 111.798, 149994, 0.158835, 159.256, 126617, -0.534222
0.0125, 1.33294, 111.797, 149994, 0.158835, 159.256, 126617, -0.529222
0.0175, 1.33294, 111.796, 149995, 0.158835, 159.256, 126617, -0.524222
0.0225, 1.33295, 111.795, 149996, 0.158835, 159.256, 126617, -0.519222
0.0275, 1.33295, 111.794, 149996, 0.158835, 159.256, 126617, -0.514222
0.0325, 1.33295, 111.794, 149996, 0.158835, 159.256, 126617, -0.509222
0.0375, 1.33295, 111.794, 149996, 0.158835, 159.256, 126617, -0.504222
0.0425, 1.33295, 111.794, 149996, 0.158835, 159.256, 126617, -0.499222
0.0475, 1.33295, 111.794, 149996, 0.158835, 159.256, 126617, -0.494222
0.0525, 1.33294, 111.795, 149995, 0.158835, 159.256, 126617, -0.489222
0.0575, 1.33294, 111.797, 149995, 0.158835, 159.256, 126617, -0.484222
0.0625, 1.33293, 111.798, 149994, 0.158835, 159.256, 126617, -0.479222
0.0675, 1.33293, 111.799, 149993, 0.158835, 159.256, 126617, -0.474222
0.0725, 1.33293, 111.8, 149993, 0.158835, 159.256, 126617, -0.469222
0.0775, 1.33293, 111.8, 149993, 0.158835, 159.256, 126617, -0.464222
0.0825, 1.33293, 111.8, 149993, 0.158835, 159.256, 126617, -0.459222
0.0875, 1.33293, 111.8, 149993, 0.158835, 159.256, 126617, -0.454222
0.0925, 1.33293, 111.8, 149993, 0.158835, 159.256, 126617, -0.449222
0.0975, 1.33294, 111.8, 149993, 0.158835, 159.256, 126617, -0.444222
0.1025, 1.33295, 111.799, 149993, 0.158835, 159.256, 126617, -0.439222
0.1075, 1.33295, 111.798, 149994, 0.158835, 159.256, 126617, -0.434222
0.1125, 1.33296, 111.796, 149995, 0.158835, 159.256, 126617, -0.429222
0.1175, 1.33297, 111.795, 149996, 0.158835, 159.256, 126617, -0.424222
0.1225, 1.33298, 111.793, 149996, 0.158835, 159.256, 126617, -0.419222
0.1275, 1.33298, 111.792, 149997, 0.158835, 159.256, 126617, -0.414222
0.1325, 1.33298, 111.791, 149998, 0.158835, 159.256, 126617, -0.409222
0.1375, 1.33298, 111.791, 149998, 0.158835, 159.256, 126617, -0.404222
0.1425, 1.33297, 111.791, 149998, 0.158835, 159.256, 126617, -0.399222
0.1475, 1.33295, 111.791, 149998, 0.158835, 159.256, 126617, -0.394222
0.1525, 1.33289, 111.792, 149997, 0.158835, 159.256, 126617, -0.389222
0.1575, 1.33273, 111.794, 149996, 0.158835, 159.256, 126617, -0.384222
0.1625, 1.33243, 111.795, 149995, 0.158835, 159.256, 126617, -0.379222
0.1675, 1.33206, 111.796, 149995, 0.158835, 159.256, 126617, -0.374222
0.1725, 1.3317, 111.797, 149995, 0.158835, 159.256, 126617, -0.369222
0.1775, 1.33141, 111.797, 149994, 0.158835, 159.256, 126617, -0.364222
0.1825, 1.33118, 111.798, 149994, 0.158835, 159.256, 126617, -0.359222
0.1875, 1.33102, 111.798, 149994, 0.158835, 159.256, 126617, -0.354222
0.1925, 1.33093, 111.798, 149994, 0.158835, 159.256, 126617, -0.349222
0.1975, 1.33088, 111.798, 149994, 0.158835, 159.256, 126617, -0.344222
0.2025, 1.33087, 111.798, 149994, 0.158835, 159.256, 126617, -0.339222
0.2075, 1.33088, 111.798, 149994, 0.158835, 159.256, 126617, -0.334222
0.2125, 1.33092, 111.797, 149994, 0.158835, 159.256, 126617, -0.329222
0.2175, 1.33109, 111.797, 149994, 0.158835, 159.256, 126617, -0.324222
0.2225, 1.33142, 111.796, 149995, 0.158835, 159.256, 126617, -0.319222
0.2275, 1.33181, 111.795, 149995, 0.158835, 159.256, 126617, -0.314222
0.2325, 1.33215, 111.794, 149996, 0.158835, 159.256, 126617, -0.309222
0.2375, 1.33242, 111.793, 149996, 0.158835, 159.256, 126617, -0.304222
0.2425, 1.33262, 111.793, 149996, 0.158835, 159.256, 126617, -0.299222
0.2475, 1.33277, 111.793, 149997, 0.158835, 159.256, 126617, -0.294222
0.2525, 1.33287, 111.793, 149997, 0.158835, 159.256, 126617, -0.289222
0.2575, 1.33293, 111.793, 149997, 0.158835, 159.256, 126617, -0.284222
0.2625, 1.33297, 111.794, 149996, 0.158835, 159.256, 126617, -0.279222
0.2675, 1.33298, 111.794, 149996, 0.158835, 159.256, 126617, -0.274222
0.2725, 1.33299, 111.795, 149996, 0.158835, 159.256, 126617, -0.269222
0.2775, 1.333, 111.796, 149995, 0.158835, 159.256, 126617, -0.264222
0.2825, 1.333, 111.796, 149995, 0.158835, 159.256, 126617, -0.259222
0.2875, 1.333, 111.796, 149995, 0.158835, 159.256, 126617, -0.254222
0.2925, 1.33301, 111.796, 149994, 0.158835, 159.256, 126617, -0.249222
0.2975, 1.33304, 111.796, 149994, 0.158835, 159.256, 126617, -0.244222
0.3025, 1.3331, 111.796, 149994, 0.158835, 159.256, 126617, -0.239222
0.3075, 1.33317, 111.796, 149994, 0.158835, 159.256, 126617, -0.234222
0.3125, 1.33324, 111.796, 149994, 0.158835, 159.256, 126617, -0.229222
0.3175, 1.33329, 111.796, 149995, 0.158835, 159.256, 126617, -0.224222
0.3225, 1.33332, 111.796, 149995, 0.158835, 159.256, 126617, -0.219222
0.3275, 1.33333, 111.796, 149995, 0.158835, 159.256, 126617, -0.214222
0.3325, 1.33334, 111.795, 149995, 0.158835, 159.256, 126617, -0.209222
0.3375, 1.33334, 111.794, 149996, 0.158835, 159.256, 126617, -0.204222
0.3425, 1.33332, 111.792, 149997, 0.158835, 159.256, 126617, -0.199222
0.3475, 1.33328, 111.791, 149998, 0.158835, 159.256, 126617, -0.194222
0.3525, 1.33324, 111.789, 149999, 0.158835, 159.256, 126617, -0.189222
0.3575, 1.3332, 111.789, 149999, 0.158835, 159.256, 126617, -0.184222
0.3625, 1.33318, 111.789, 149999, 0.158835, 159.256, 126617, -0.179222
0.3675, 1.33318, 111.789, 149999, 0.158835, 159.256, 126617, -0.174222
0.3725, 1.33317, 111.792, 149997, 0.158835, 159.256, 126617, -0.169222
0.3775, 1.33315, 111.8, 149993, 0.158835, 159.256, 126617, -0.164222
0.3825, 1.3331, 111.822, 149981, 0.158835, 159.256, 126617, -0.159222
0.3875, 1.33296, 111.874, 149953, 0.158835, 159.256, 126617, -0.154222
0.3925, 1.33261, 111.995, 149889, 0.158835, 159.256, 126617, -0.149223
0.3975, 1.33169, 112.286, 149736, 0.158835, 159.256, 126617, -0.144223
0.4025, 1.32948, 112.963, 149378, 0.158835, 159.256, 126617, -0.139225
0.4075, 1.32383, 114.669, 148481, 0.158835, 159.256, 126617, -0.13423
0.4125, 1.31334, 117.827, 146832, 0.158835, 159.256, 126617, -0.129239
0.4175, 1.2983, 122.376, 144484, 0.158835, 159.256, 126617, -0.124252
0.4225, 1.2802, 127.912, 141671, 0.158835, 159.256, 126617, -0.119268
0.4275, 1.26154, 133.674, 138795, 0.158835, 159.256, 126617, -0.114286
0.4325, 1.24423, 139.048, 136154, 0.158835, 159.256, 126617, -0.109303
0.4375, 1.22903, 143.807, 133853, 0.158835, 159.256, 126617, -0.104318
0.4425, 1.2162, 147.859, 131921, 0.158835, 159.256, 126617, -0.0993303
0.4475, 1.2058, 151.167, 130361, 0.158835, 159.256, 126617, -0.0943408
0.4525, 1.19774, 153.75, 129154, 0.158835, 159.256, 126617, -0.089349
0.4575, 1.19182, 155.675, 128261, 0.158835, 159.256, 126617, -0.0843551
0.4625, 1.1877, 157.042, 127630, 0.158835, 159.256, 126617, -0.0793595
0.4675, 1.18505, 157.963, 127206, 0.158835, 159.256, 126617, -0.0743625
0.4725, 1.18347, 158.552, 126936, 0.158835, 159.256, 126617, -0.0693644
0.4775, 1.18262, 158.906, 126774, 0.158835, 159.256, 126617, -0.0643656
0.4825, 1.18216, 159.105, 126684, 0.158835, 159.256, 126617, -0.0593662
0.4875, 1.18186, 159.205, 126636, 0.158835, 159.256, 126617, -0.0543665
0.4925, 1.1816, 159.248, 126614, 0.158835, 159.256, 126617, -0.0493667
0.4975, 1.18138, 159.263, 126609, 0.158835, 159.256, 126617, -0.0443667
0.5025, 1.18117, 159.254, 126613, 0.158835, 159.256, 126617, -0.0393667
0.5075, 1.18095, 159.238, 126617, 0.158835, 159.256, 126617, -0.0343667
0.5125, 1.18072, 159.227, 126619, 0.158835, 159.256, 126617, -0.0293666
0.5175, 1.18052, 159.226, 126619, 0.158835, 159.256, 126617, -0.0243666
0.5225, 1.18035, 159.232, 126619, 0.158835, 159.256, 126617, -0.0193666
0.5275, 1.18022, 159.241, 126620, 0.158835, 159.256, 126617, -0.0143667
0.5325, 1.18014, 159.249, 126620, 0.158835, 159.256, 126617, -0.0093667
0.5375, 1.1801, 159.254, 126618, 0.158835, 159.256, 126617, -0.00436671
0.5425, 1.18009, 159.256, 126617, 0.158835, 159.256, 126617, 0.000633286
0.5475, 1.18009, 159.256, 126617, 0.158834, 159.255, 126617, 0.00563329
0.5525, 1.18009, 159.256, 126617, 0.158833, 159.252, 126617, 0.0106333
0.5575, 1.18009, 159.256, 126617, 0.158832, 159.249, 126616, 0.0156333
0.5625, 1.18009, 159.256, 126617, 0.15883, 159.246, 126615, 0.0206333
0.5675, 1.18009, 159.256, 126617, 0.158829, 159.243, 126615, 0.0256333
0.5725, 1.18009, 159.256, 126617, 0.158827, 159.239, 126614, 0.0306334
0.5775, 1.18009, 159.256, 126617, 0.158825, 159.232, 126613, 0.0356334
0.5825, 1.18009, 159.256, 126617, 0.158824, 159.221, 126611, 0.0406334
0.5875, 1.18009, 159.256, 126617, 0.158822, 159.211, 126609, 0.0456334
0.5925, 1.18009, 159.256, 126617, 0.158821, 159.201, 126607, 0.0506335
0.5975, 1.18009, 159.256, 126617, 0.15882, 159.193, 126606, 0.0556335
0.6025, 1.18009, 159.256, 126617, 0.158819, 159.186, 126604, 0.0606335
0.6075, 1.18009, 159.256, 126617, 0.158818, 159.179, 126603, 0.0656335
0.6125, 1.18009, 159.256, 126617, 0.158817, 159.173, 126602, 0.0706335
0.6175, 1.18009, 159.256, 126617, 0.158816, 159.168, 126601, 0.0756336
0.6225, 1.18009, 159.256, 126617, 0.158815, 159.166, 126601, 0.0806336
0.6275, 1.18009, 159.256, 126617, 0.158815, 159.165, 126600, 0.0856336
0.6325, 1.18009, 159.256, 126617, 0.158815, 159.165, 126600, 0.0906336
0.6375, 1.18009, 159.256, 126617, 0.158815, 159.168, 126601, 0.0956335
0.6425, 1.18009, 159.256, 126617, 0.158816, 159.179, 126603, 0.100633
0.6475, 1.18009, 159.256, 126617, 0.158819, 159.201, 126607, 0.105633
0.6525, 1.18009, 159.256, 126617, 0.158823, 159.232, 126613, 0.110633
0.6575, 1.18009, 159.256, 126617, 0.158828, 159.269, 126619, 0.115633
0.6625, 1.18009, 159.256, 126617, 0.158832, 159.305, 126626, 0.120633
0.6675, 1.18009, 159.256, 126617, 0.158836, 159.339, 126632, 0.125633
0.6725, 1.18009, 159.256, 126617, 0.158841, 159.375, 126639, 0.130633
0.6775, 1.18009, 159.256, 126617, 0.158846, 159.418, 126647, 0.135633
0.6825, 1.18009, 159.256, 126617, 0.158853, 159.468, 126656, 0.140633
0.6875, 1.18009, 159.256, 126617, 0.15886, 159.522, 126666, 0.145632
0.6925, 1.18009, 159.256, 126617, 0.158866, 159.569, 126674, 0.150632
0.6975, 1.18009, 159.256, 126617, 0.15887, 159.606, 126681, 0.155632
0.7025, 1.18009, 159.256, 126617, 0.158874, 159.631, 126686, 0.160632
0.7075, 1.18009, 159.256, 126617, 0.158875, 159.645, 126688, 0.165632
0.7125, 1.18009, 159.256, 126617, 0.158876, 159.651, 126689, 0.170632
0.7175, 1.18009, 159.256, 126617, 0.158876, 159.651, 126689, 0.175632
0.7225, 1.18009, 159.256, 126617, 0.158875, 159.643, 126688, 0.180632
0.7275, 1.18009, 159.256, 126617, 0.158869, 159.605, 126681, 0.185632
0.7325, 1.18009, 159.256, 126617, 0.158857, 159.524, 126666, 0.190633
0.7375, 1.18009, 159.256, 126617, 0.158843, 159.43, 126649, 0.195633
0.7425, 1.18009, 159.256, 126617, 0.158828, 159.323, 126629, 0.200633
0.7475, 1.18009, 159.256, 126617, 0.158807, 159.171, 126601, 0.205634
0.7525, 1.18009, 159.256, 126617, 0.158774, 158.927, 126557, 0.210635
0.7575, 1.18009, 159.256, 126617, 0.158721, 158.552, 126488, 0.215637
0.7625, 1.18009, 159.256, 126617, 0.158651, 158.047, 126395, 0.220638
0.7675, 1.18009, 159.256, 126617, 0.158568, 157.457, 126287, 0.22564
0.7725, 1.18009, 159.256, 126617, 0.158483, 156.842, 126175, 0.230642
0.7775, 1.18009, 159.256, 126617, 0.158392, 156.189, 126056, 0.235645
0.7825, 1.18009, 159.256, 126617, 0.158277, 155.353, 125903, 0.240648
0.7875, 1.18009, 159.256, 126617, 0.158108, 154.128, 125680, 0.245653
0.7925, 1.18009, 159.256, 126617, 0.157877, 152.449, 125374, 0.250659
0.7975, 1.18009, 159.256, 126617, 0.157604, 150.462, 125014, 0.255666
0.8025, 1.18009, 159.256, 126617, 0.15727, 147.992, 124566, 0.260677
0.8075, 1.18009, 159.256, 126617, 0.156675, 143.616, 123776, 0.265703
0.8125, 1.18009, 159.256, 126617, 0.155108, 132.351, 121762, 0.270782
0.8175, 1.18009, 159.256, 126617, 0.15079, 100.272, 116170, 0.275903
0.8225, 1.18009, 159.256, 126617, 0.14568, 61.2025, 109639, 0.280994
0.8275, 1.18009, 159.256, 126617, 0.142322, 34.9971, 105425, 0.286046
0.8325, 1.18009, 159.256, 126617, 0.140474, 20.4416, 103141, 0.291074
0.8375, 1.18009, 159.256, 126617, 0.139483, 12.5958, 101926, 0.29609
0.8425, 1.18009, 159.256, 126617, 0.138925, 8.16364, 101245, 0.301099
0.8475, 1.18009, 159.256, 126617, 0.138589, 5.48988, 100836, 0.306105
0.8525, 1.18009, 159.256, 126617, 0.138375, 3.78333, 100575, 0.311109
0.8575, 1.18009, 159.256, 126617, 0.138232, 2.64893, 100403, 0.316112
0.8625, 1.18009, 159.256, 126617, 0.138135, 1.87396, 100285, 0.321114
0.8675, 1.18009, 159.256, 126617, 0.138067, 1.33483, 100203, 0.326115
0.8725, 1.18009, 159.256, 126617, 0.13802, 0.955207, 100145, 0.331116
0.8775, 1.18009, 159.256, 126617, 0.137986, 0.685675, 100104, 0.336117
0.8825, 1.18009, 159.256, 126617, 0.137962, 0.493218, 100075, 0.341117
0.8875, 1.18009, 159.256, 126617, 0.137945, 0.355252, 100054, 0.346117
0.8925, 1.18009, 159.256, 126617, 0.137932, 0.256077, 100039, 0.351118
0.8975, 1.18009, 159.256, 126617, 0.137923, 0.184649, 100028, 0.356118
0.9025, 1.18009, 159.256, 126617, 0.137917, 0.133141, 100020, 0.361118
0.9075, 1.18009, 159.256, 126617, 0.137912, 0.095967, 100015, 0.366118
0.9125, 1.18009, 159.256, 126617, 0.137909, 0.069126, 100010, 0.371118
0.9175, 1.18009, 159.256, 126617, 0.137906, 0.0497426, 100008, 0.376118
0.9225, 1.18009, 159.256, 126617, 0.137904, 0.0357458, 100005, 0.381118
0.9275, 1.18009, 159.256, 126617, 0.137903, 0.0256416, 100004, 0.386118
0.9325, 1.18009, 159.256, 126617, 0.137902, 0.018351, 100003, 0.391118
0.9375, 1.18009, 159.256, 126617, 0.137902, 0.0130939, 100002, 0.396118
0.9425, 1.18009, 159.256, 126617, 0.137901, 0.00930611, 100001, 0.401118
0.9475, 1.18009, 159.256, 126617, 0.137901, 0.0065792, 100001, 0.406118
0.9525, 1.18009, 159.256, 126617, 0.137901, 0.00461754, 100001, 0.411118
0.9575, 1.18009, 159.256, 126617, 0.1379, 0.00320716, 100000, 0.416118
0.9625, 1.18009, 159.256, 126617, 0.1379, 0.00219329, 100000, 0.421118
0.9675, 1.18009, 159.256, 126617, 0.1379, 0.00146416, 100000, 0.426118
0.9725, 1.18009, 159.256, 126617, 0.1379, 0.000939194, 100000, 0.431118
0.9775, 1.18009, 159.256, 126617, 0.1379, 0.000560524, 100000, 0.436118
0.9825, 1.18009, 159.256, 126617, 0.1379, 0.000286755, 100000, 0.441118
0.9875, 1.18009, 159.256, 126617, 0.1379, 8.85817e-05, 100000, 0.446118
0.9925, 1.18009, 159.256, 126617, 0.1379, -5.7316e-05, 100000, 0.451118
0.9975, 1.18009, 159.256, 126617, 0.1379, -0.000169496, 100000, 0.456118
