0.0025, 1.33292, 111.801, 149992, 0.141452, 28.1073, 104339, -0.49783
0.0075, 1.33293, 111.8, 149993, 0.141452, 28.1073, 104339, -0.493223
0.0125, 1.33294, 111.797, 149994, 0.141452, 28.1073, 104339, -0.488223
0.0175, 1.33294, 111.796, 149995, 0.141452, 28.1073, 104339, -0.483223
0.0225, 1.33295, 111.795, 149995, 0.141452, 28.1073, 104339, -0.478223
0.0275, 1.33295, 111.795, 149995, 0.141452, 28.1073, 104339, -0.473223
0.0325, 1.33295, 111.795, 149995, 0.141452, 28.1073, 104339, -0.468223
0.0375, 1.33295, 111.795, 149995, 0.141452, 28.1073, 104339, -0.463223
0.0425, 1.33294, 111.796, 149995, 0.141452, 28.1073, 104339, -0.458223
0.0475, 1.33294, 111.797, 149994, 0.141452, 28.1073, 104339, -0.453223
0.0525, 1.33293, 111.799, 149994, 0.141452, 28.1073, 104339, -0.448223
0.0575, 1.33293, 111.8, 149993, 0.141452, 28.1073, 104339, -0.443223
0.0625, 1.33293, 111.8, 149993, 0.141452, 28.1073, 104339, -0.438223
0.0675, 1.33293, 111.801, 149992, 0.141452, 28.1073, 104339, -0.433223
0.0725, 1.33294, 111.801, 149992, 0.141452, 28.1073, 104339, -0.428223
0.0775, 1.33294, 111.801, 149993, 0.141452, 28.1073, 104339, -0.423223
0.0825, 1.33295, 111.8, 149993, 0.141452, 28.1073, 104339, -0.418223
0.0875, 1.33296, 111.799, 149993, 0.141452, 28.1073, 104339, -0.413223
0.0925, 1.33297, 111.798, 149994, 0.141452, 28.1073, 104339, -0.408223
0.0975, 1.33298, 111.796, 149995, 0.141452, 28.1073, 104339, -0.403223
0.1025, 1.33298, 111.795, 149996, 0.141452, 28.1073, 104339, -0.398223
0.1075, 1.33298, 111.793, 149996, 0.141452, 28.1073, 104339, -0.393223
0.1125, 1.33298, 111.793, 149997, 0.141452, 28.1073, 104339, -0.388223
0.1175, 1.33296, 111.792, 149997, 0.141452, 28.1073, 104339, -0.383223
0.1225, 1.33293, 111.792, 149997, 0.141452, 28.1073, 104339, -0.378223
0.1275, 1.33283, 111.794, 149996, 0.141452, 28.1073, 104339, -0.373223
0.1325, 1.33257, 111.796, 149995, 0.141452, 28.1073, 104339, -0.368223
0.1375, 1.33216, 111.797, 149994, 0.141452, 28.1073, 104339, -0.363223
0.1425, 1.3317, 111.799, 149994, 0.141452, 28.1073, 104339, -0.358223
0.1475, 1.33131, 111.799, 149993, 0.141452, 28.1073, 104339, -0.353223
0.1525, 1.331, 111.8, 149993, 0.141452, 28.1073, 104339, -0.348223
0.1575, 1.33079, 111.8, 149992, 0.141452, 28.1073, 104339, -0.343223
0.1625, 1.33067, 111.8, 149992, 0.141452, 28.1073, 104339, -0.338223
0.1675, 1.33061, 111.8, 149992, 0.141452, 28.1073, 104339, -0.333223
0.1725, 1.33059, 111.8, 149993, 0.141452, 28.1073, 104339, -0.328223
0.1775, 1.33061, 111.799, 149993, 0.141452, 28.1073, 104339, -0.323223
0.1825, 1.33069, 111.799, 149993, 0.141452, 28.1073, 104339, -0.318223
0.1875, 1.33097, 111.798, 149994, 0.141452, 28.1073, 104339, -0.313223
0.1925, 1.33144, 111.797, 149994, 0.141452, 28.1073, 104339, -0.308223
0.1975, 1.33194, 111.796, 149995, 0.141452, 28.1073, 104339, -0.303223
0.2025, 1.33234, 111.794, 149996, 0.141452, 28.1073, 104339, -0.298223
0.2075, 1.33264, 111.792, 149997, 0.141452, 28.1073, 104339, -0.293223
0.2125, 1.33285, 111.791, 149998, 0.141452, 28.1073, 104339, -0.288223
0.2175, 1.33299, 111.791, 149998, 0.141452, 28.1073, 104339, -0.283223
0.2225, 1.33306, 111.79, 149998, 0.141452, 28.1073, 104339, -0.278223
0.2275, 1.33308, 111.79, 149998, 0.141452, 28.1073, 104339, -0.273223
0.2325, 1.33309, 111.791, 149998, 0.141452, 28.1073, 104339, -0.268223
0.2375, 1.33307, 111.793, 149997, 0.141452, 28.1073, 104339, -0.263223
0.2425, 1.33303, 111.795, 149996, 0.141452, 28.1073, 104339, -0.258223
0.2475, 1.33298, 111.797, 149995, 0.141452, 28.1073, 104339, -0.253223
0.2525, 1.33295, 111.798, 149994, 0.141452, 28.1073, 104339, -0.248223
0.2575, 1.33294, 111.798, 149994, 0.141452, 28.1073, 104339, -0.243223
0.2625, 1.33294, 111.798, 149993, 0.141452, 28.1073, 104339, -0.238223
0.2675, 1.33296, 111.798, 149993, 0.141452, 28.1073, 104339, -0.233223
0.2725, 1.33304, 111.798, 149994, 0.141452, 28.1073, 104339, -0.228223
0.2775, 1.33316, 111.797, 149994, 0.141452, 28.1073, 104339, -0.223223
0.2825, 1.33328, 111.797, 149994, 0.141452, 28.1073, 104339, -0.218223
0.2875, 1.33336, 111.797, 149994, 0.141452, 28.1073, 104339, -0.213223
0.2925, 1.33341, 111.798, 149994, 0.141452, 28.1073, 104339, -0.208223
0.2975, 1.33343, 111.798, 149994, 0.141452, 28.1073, 104339, -0.203223
0.3025, 1.33344, 111.797, 149994, 0.141452, 28.1073, 104339, -0.198223
0.3075, 1.33343, 111.797, 149995, 0.141452, 28.1073, 104339, -0.193223
0.3125, 1.33339, 111.796, 149995, 0.141452, 28.1073, 104339, -0.188223
0.3175, 1.33329, 111.794, 149996, 0.141452, 28.1073, 104339, -0.183223
0.3225, 1.33318, 111.793, 149997, 0.141452, 28.1073, 104339, -0.178223
0.3275, 1.33311, 111.792, 149997, 0.141452, 28.1073, 104339, -0.173223
0.3325, 1.33307, 111.792, 149998, 0.141452, 28.1073, 104339, -0.168223
0.3375, 1.33305, 111.792, 149998, 0.141452, 28.1073, 104339, -0.163223
0.3425, 1.33305, 111.792, 149997, 0.141452, 28.1073, 104339, -0.158223
0.3475, 1.33307, 111.794, 149996, 0.141452, 28.1073, 104339, -0.153223
0.3525, 1.33315, 111.795, 149995, 0.141452, 28.1073, 104339, -0.148223
0.3575, 1.33328, 111.796, 149995, 0.141452, 28.1073, 104339, -0.143223
0.3625, 1.33339, 111.797, 149994, 0.141452, 28.1073, 104339, -0.138223
0.3675, 1.33348, 111.797, 149994, 0.141452, 28.1073, 104339, -0.133223
0.3725, 1.33352, 111.797, 149994, 0.141452, 28.1073, 104339, -0.128223
0.3775, 1.33354, 111.796, 149995, 0.141452, 28.1073, 104339, -0.123223
0.3825, 1.33354, 111.796, 149995, 0.141452, 28.1073, 104339, -0.118223
0.3875, 1.33353, 111.796, 149995, 0.141452, 28.1073, 104339, -0.113223
0.3925, 1.33345, 111.797, 149995, 0.141452, 28.1073, 104339, -0.108223
0.3975, 1.33328, 111.797, 149995, 0.141452, 28.1073, 104339, -0.103223
0.4025, 1.33311, 111.797, 149995, 0.141452, 28.1073, 104339, -0.0982227
0.4075, 1.33301, 111.797, 149995, 0.141452, 28.1073, 104339, -0.0932227
0.4125, 1.33296, 111.797, 149995, 0.141452, 28.1073, 104339, -0.0882227
0.4175, 1.33296, 111.796, 149995, 0.141452, 28.1073, 104339, -0.0832227
0.4225, 1.333, 111.794, 149996, 0.141452, 28.1073, 104339, -0.0782227
0.4275, 1.33312, 111.791, 149998, 0.141452, 28.1073, 104339, -0.0732227
0.4325, 1.33331, 111.79, 149999, 0.141452, 28.1073, 104339, -0.0682227
0.4375, 1.33346, 111.789, 150000, 0.141452, 28.1073, 104339, -0.0632227
0.4425, 1.33355, 111.788, 150000, 0.141452, 28.1073, 104339, -0.0582227
0.4475, 1.33358, 111.788, 149999, 0.141452, 28.1073, 104339, -0.0532226
0.4525, 1.33359, 111.786, 149995, 0.141452, 28.1073, 104339, -0.0482226
0.4575, 1.33354, 111.776, 149985, 0.141452, 28.1073, 104339, -0.0432226
0.4625, 1.33331, 111.728, 149957, 0.141452, 28.1073, 104339, -0.0382223
0.4675, 1.33247, 111.537, 149855, 0.141452, 28.1073, 104339, -0.0332213
0.4725, 1.32991, 110.881, 149493, 0.141452, 28.1073, 104339, -0.0282179
0.4775, 1.32129, 108.342, 148122, 0.141452, 28.1073, 104339, -0.0232034
0.4825, 1.28568, 98.3198, 142605, 0.141452, 28.1073, 104339, -0.0181533
0.4875, 1.2034, 74.7919, 130104, 0.141452, 28.1073, 104339, -0.013059
0.4925, 1.10976, 47.1311, 116044, 0.141452, 28.1073, 104339, -0.00796719
0.4975, 1.04838, 30.729, 106985, 0.141451, 28.0931, 104336, -0.00291684
0.5025, 1.03033, 27.5641, 104377, 0.141347, 27.2839, 104210, 0.00209351
0.5075, 1.03009, 28.1073, 104339, 0.140497, 20.6045, 103166, 0.00711277
0.5125, 1.03009, 28.1073, 104339, 0.139836, 15.3833, 102356, 0.0121276
0.5175, 1.03009, 28.1073, 104339, 0.139331, 11.3869, 101740, 0.0171388
0.5225, 1.03009, 28.1073, 104339, 0.138952, 8.37583, 101278, 0.0221472
0.5275, 1.03009, 28.1073, 104339, 0.13867, 6.1332, 100934, 0.0271534
0.5325, 1.03009, 28.1073, 104339, 0.138462, 4.47657, 100681, 0.032158
0.5375, 1.03009, 28.1073, 104339, 0.138309, 3.25991, 100496, 0.0371613
0.5425, 1.03009, 28.1073, 104339, 0.138197, 2.37001, 100360, 0.0421638
0.5475, 1.03009, 28.1073, 104339, 0.138116, 1.72097, 100261, 0.0471656
0.5525, 1.03009, 28.1073, 104339, 0.138057, 1.24853, 100190, 0.0521669
0.5575, 1.03009, 28.1073, 104339, 0.138013, 0.905124, 100137, 0.0571678
0.5625, 1.03009, 28.1073, 104339, 0.137982, 0.655763, 100100, 0.0621685
0.5675, 1.03009, 28.1073, 104339, 0.13796, 0.474827, 100072, 0.067169
0.5725, 1.03009, 28.1073, 104339, 0.137943, 0.343615, 100052, 0.0721693
0.5775, 1.03009, 28.1073, 104339, 0.137931, 0.248509, 100038, 0.0771696
0.5825, 1.03009, 28.1073, 104339, 0.137923, 0.179603, 100027, 0.0821698
0.5875, 1.03009, 28.1073, 104339, 0.137916, 0.1297, 100020, 0.0871699
0.5925, 1.03009, 28.1073, 104339, 0.137912, 0.0935755, 100014, 0.09217
0.5975, 1.03009, 28.1073, 104339, 0.137908, 0.067437, 100010, 0.0971701
0.6025, 1.03009, 28.1073, 104339, 0.137906, 0.0485338, 100007, 0.10217
0.6075, 1.03009, 28.1073, 104339, 0.137904, 0.034871, 100005, 0.10717
0.6125, 1.03009, 28.1073, 104339, 0.137903, 0.0250021, 100004, 0.11217
0.6175, 1.03009, 28.1073, 104339, 0.137902, 0.017879, 100003, 0.11717
0.6225, 1.03009, 28.1073, 104339, 0.137902, 0.0127421, 100002, 0.12217
0.6275, 1.03009, 28.1073, 104339, 0.137901, 0.0090413, 100001, 0.12717
0.6325, 1.03009, 28.1073, 104339, 0.137901, 0.00637844, 100001, 0.13217
0.6375, 1.03009, 28.1073, 104339, 0.137901, 0.00446505, 100001, 0.13717
0.6425, 1.03009, 28.1073, 104339, 0.1379, 0.00309207, 100000, 0.14217
0.6475, 1.03009, 28.1073, 104339, 0.1379, 0.00210793, 100000, 0.14717
0.6525, 1.03009, 28.1073, 104339, 0.1379, 0.00140276, 100000, 0.15217
0.6575, 1.03009, 28.1073, 104339, 0.1379, 0.00089699, 100000, 0.15717
0.6625, 1.03009, 28.1073, 104339, 0.1379, 0.000533259, 100000, 0.16217
0.6675, 1.03009, 28.1073, 104339, 0.1379, 0.00027049, 100000, 0.16717
0.6725, 1.03009, 28.1073, 104339, 0.1379, 7.95554e-05, 100000, 0.17217
0.6775, 1.03009, 28.1073, 104339, 0.1379, -6.00124e-05, 100000, 0.17717
0.6825, 1.03009, 28.1073, 104339, 0.1379, -0.000162538, 100000, 0.18217
0.6875, 1.03009, 28.1073, 104339, 0.1379, -0.000238073, 100000, 0.18717
0.6925, 1.03009, 28.1073, 104339, 0.1379, -0.000293707, 100000, 0.19217
0.6975, 1.03009, 28.1073, 104339, 0.1379, -0.000334476, 99999.9, 0.19717
0.7025, 1.03009, 28.1073, 104339, 0.1379, -0.000364022, 99999.9, 0.20217
0.7075, 1.03009, 28.1073, 104339, 0.1379, -0.000385079, 99999.9, 0.20717
0.7125, 1.03009, 28.1073, 104339, 0.1379, -0.000399796, 99999.9, 0.21217
0.7175, 1.03009, 28.1073, 104339, 0.1379, -0.000409902, 99999.9, 0.21717
0.7225, 1.03009, 28.1073, 104339, 0.1379, -0.000416764, 99999.9, 0.22217
0.7275, 1.03009, 28.1073, 104339, 0.1379, -0.000421408, 99999.9, 0.22717
0.7325, 1.03009, 28.1073, 104339, 0.1379, -0.000424551, 99999.9, 0.23217
0.7375, 1.03009, 28.1073, 104339, 0.1379, -0.000426674, 99999.9, 0.23717
0.7425, 1.03009, 28.1073, 104339, 0.1379, -0.000428092, 99999.9, 0.24217
0.7475, 1.03009, 28.1073, 104339, 0.1379, -0.000429015, 99999.9, 0.24717
0.7525, 1.03009, 28.1073, 104339, 0.1379, -0.000429592, 99999.9, 0.25217
0.7575, 1.03009, 28.1073, 104339, 0.1379, -0.000429934, 99999.9, 0.25717
0.7625, 1.03009, 28.1073, 104339, 0.1379, -0.000430123, 99999.9, 0.26217
0.7675, 1.03009, 28.1073, 104339, 0.1379, -0.000430217, 99999.9, 0.26717
0.7725, 1.03009, 28.1073, 104339, 0.1379, -0.000430257, 99999.9, 0.27217
0.7775, 1.03009, 28.1073, 104339, 0.1379, -0.00043027, 99999.9, 0.27717
0.7825, 1.03009, 28.1073, 104339, 0.1379, -0.000430272, 99999.9, 0.28217
0.7875, 1.03009, 28.1073, 104339, 0.1379, -0.000430263, 99999.9, 0.28717
0.7925, 1.03009, 28.1073, 104339, 0.1379, -0.000430241, 99999.9, 0.29217
0.7975, 1.03009, 28.1073, 104339, 0.1379, -0.000430222, 99999.9, 0.29717
0.8025, 1.03009, 28.1073, 104339, 0.1379, -0.000430208, 99999.9, 0.30217
0.8075, 1.03009, 28.1073, 104339, 0.1379, -0.000430196, 99999.9, 0.30717
0.8125, 1.03009, 28.1073, 104339, 0.1379, -0.000430187, 99999.9, 0.31217
0.8175, 1.03009, 28.1073, 104339, 0.1379, -0.000430179, 99999.9, 0.31717
0.8225, 1.03009, 28.1073, 104339, 0.1379, -0.000430174, 99999.9, 0.32217
0.8275, 1.03009, 28.1073, 104339, 0.1379, -0.00043017, 99999.9, 0.32717
0.8325, 1.03009, 28.1073, 104339, 0.1379, -0.000430167, 99999.9, 0.33217
0.8375, 1.03009, 28.1073, 104339, 0.1379, -0.000430165, 99999.9, 0.33717
0.8425, 1.03009, 28.1073, 104339, 0.1379, -0.000430163, 99999.9, 0.34217
0.8475, 1.03009, 28.1073, 104339, 0.1379, -0.000430162, 99999.9, 0.34717
0.8525, 1.03009, 28.1073, 104339, 0.1379, -0.000430161, 99999.9, 0.35217
0.8575, 1.03009, 28.1073, 104339, 0.1379, -0.000430161, 99999.9, 0.35717
0.8625, 1.03009, 28.1073, 104339, 0.1379, -0.000430161, 99999.9, 0.36217
0.8675, 1.03009, 28.1073, 104339, 0.1379, -0.000430161, 99999.9, 0.36717
0.8725, 1.03009, 28.1073, 104339, 0.1379, -0.00043016, 99999.9, 0.37217
0.8775, 1.03009, 28.1073, 104339, 0.1379, -0.00043016, 99999.9, 0.37717
0.8825, 1.03009, 28.1073, 104339, 0.1379, -0.00043016, 99999.9, 0.38217
0.8875, 1.03009, 28.1073, 104339, 0.1379, -0.00043016, 99999.9, 0.38717
0.8925, 1.03009, 28.1073, 104339, 0.1379, -0.00043016, 99999.9, 0.39217
0.8975, 1.03009, 28.1073, 104339, 0.1379, -0.00043016, 99999.9, 0.39717
0.9025, 1.03009, 28.1073, 104339, 0.1379, -0.00043016, 99999.9, 0.40217
0.9075, 1.03009, 28.1073, 104339, 0.1379, -0.00043016, 99999.9, 0.40717
0.9125, 1.03009, 28.1073, 104339, 0.1379, -0.00043016, 99999.9, 0.41217
0.9175, 1.03009, 28.1073, 104339, 0.1379, -0.00043016, 99999.9, 0.41717
0.9225, 1.03009, 28.1073, 104339, 0.1379, -0.00043016, 99999.9, 0.42217
0.9275, 1.03009, 28.1073, 104339, 0.1379, -0.00043016, 99999.9, 0.42717
0.9325, 1.03009, 28.1073, 104339, 0.1379, -0.00043016, 99999.9, 0.43217
0.9375, 1.03009, 28.1073, 104339, 0.1379, -0.00043016, 99999.9, 0.43717
0.9425, 1.03009, 28.1073, 104339, 0.1379, -0.00043016, 99999.9, 0.44217
0.9475, 1.03009, 28.1073, 104339, 0.1379, -0.00043016, 99999.9, 0.44717
0.9525, 1.03009, 28.1073, 104339, 0.1379, -0.00043016, 99999.9, 0.45217
0.9575, 1.03009, 28.1073, 104339, 0.1379, -0.00043016, 99999.9, 0.45717
0.9625, 1.03009, 28.1073, 104339, 0.1379, -0.00043016, 99999.9, 0.46217
0.9675, 1.03009, 28.1073, 104339, 0.1379, -0.00043016, 99999.9, 0.46717
0.9725, 1.03009, 28.1073, 104339, 0.1379, -0.00043016, 99999.9, 0.47217
0.9775, 1.03009, 28.1073, 104339, 0.1379, -0.00043016, 99999.9, 0.47717
0.9825, 1.03009, 28.1073, 104339, 0.1379, -0.00043016, 99999.9, 0.48217
0.9875, 1.03009, 28.1073, 104339, 0.1379, -0.00043016, 99999.9, 0.48717
0.9925, 1.03009, 28.1073, 104339, 0.1379, -0.00043016, 99999.9, 0.49217
0.9975, 1.03009, 28.1073, 104339, 0.1379, -0.00043016, 99999.9, 0.49717
