0.0025, 1.33202, 112.075, 149847, 0.1379, -0.000238539, 99999.9, -0.4975
0.0075, 1.33195, 112.098, 149835, 0.1379, -0.000238539, 99999.9, -0.492907
0.0125, 1.33191, 112.11, 149829, 0.1379, -0.000238539, 99999.9, -0.487908
0.0175, 1.33194, 112.101, 149834, 0.1379, -0.000238539, 99999.9, -0.482907
0.0225, 1.33213, 112.049, 149861, 0.1379, -0.000238539, 99999.9, -0.477907
0.0275, 1.33244, 111.969, 149903, 0.1379, -0.000238539, 99999.9, -0.472907
0.0325, 1.33267, 111.906, 149937, 0.1379, -0.000238539, 99999.9, -0.467907
0.0375, 1.33275, 111.871, 149956, 0.1379, -0.000238539, 99999.9, -0.462907
0.0425, 1.33275, 111.856, 149964, 0.1379, -0.000238539, 99999.9, -0.457907
0.0475, 1.33271, 111.851, 149966, 0.1379, -0.000238539, 99999.9, -0.452907
0.0525, 1.33259, 111.855, 149963, 0.1379, -0.000238539, 99999.9, -0.447907
0.0575, 1.33232, 111.861, 149959, 0.1379, -0.000238539, 99999.9, -0.442907
0.0625, 1.33174, 111.862, 149962, 0.1379, -0.000238539, 99999.9, -0.437907
0.0675, 1.33073, 111.851, 149969, 0.1379, -0.000238539, 99999.9, -0.432907
0.0725, 1.32963, 111.838, 149975, 0.1379, -0.000238539, 99999.9, -0.427907
0.0775, 1.32886, 111.828, 149979, 0.1379, -0.000238539, 99999.9, -0.422906
0.0825, 1.32852, 111.825, 149983, 0.1379, -0.000238539, 99999.9, -0.417906
0.0875, 1.32848, 111.828, 149986, 0.1379, -0.000238539, 99999.9, -0.412906
0.0925, 1.32889, 111.831, 149989, 0.1379, -0.000238539, 99999.9, -0.407906
0.0975, 1.32987, 111.821, 149989, 0.1379, -0.000238539, 99999.9, -0.402906
0.1025, 1.3309, 111.789, 149967, 0.1379, -0.000238539, 99999.9, -0.397906
0.1075, 1.33155, 111.691, 149892, 0.1379, -0.000238539, 99999.9, -0.392906
0.1125, 1.3315, 111.274, 149681, 0.1379, -0.000238539, 99999.9, -0.387903
0.1175, 1.32767, 109.754, 148903, 0.1379, -0.000238539, 99999.9, -0.382894
0.1225, 1.30346, 102.707, 145213, 0.1379, -0.000238539, 99999.9, -0.377855
0.1275, 1.23344, 81.6368, 134659, 0.1379, -0.000238539, 99999.9, -0.372761
0.1325, 1.13963, 50.7052, 120473, 0.1379, -0.000238539, 99999.9, -0.367652
0.1375, 1.07109, 26.3964, 110262, 0.1379, -0.000238539, 99999.9, -0.362575
0.1425, 1.03233, 12.092, 104602, 0.1379, -0.000238539, 99999.9, -0.357533
0.1475, 1.01352, 5.06311, 101908, 0.1379, -0.000238539, 99999.9, -0.352514
0.1525, 1.00529, 1.98238, 100744, 0.1379, -0.000238539, 99999.9, -0.347505
0.1575, 1.00196, 0.733349, 100275, 0.1379, -0.000238539, 99999.9, -0.342502
0.1625, 1.00069, 0.257075, 100096, 0.1379, -0.000238539, 99999.9, -0.337501
0.1675, 1.00023, 0.0853589, 100032, 0.1379, -0.000238539, 99999.9, -0.3325
0.1725, 1.00007, 0.0267995, 100010, 0.1379, -0.000238539, 99999.9, -0.3275
0.1775, 1.00002, 0.00793925, 100003, 0.1379, -0.000238539, 99999.9, -0.3225
0.1825, 1.00001, 0.00221443, 100001, 0.1379, -0.000238539, 99999.9, -0.3175
0.1875, 1, 0.000580284, 100000, 0.1379, -0.000238539, 99999.9, -0.3125
0.1925, 1, 0.000142556, 100000, 0.1379, -0.000238539, 99999.9, -0.3075
0.1975, 1, 3.27601e-05, 100000, 0.1379, -0.000238539, 99999.9, -0.3025
0.2025, 1, 7.02638e-06, 100000, 0.1379, -0.000238539, 99999.9, -0.2975
0.2075, 1, 1.40309e-06, 100000, 0.1379, -0.000238539, 99999.9, -0.2925
0.2125, 1, 2.60167e-07, 100000, 0.1379, -0.000238539, 99999.9, -0.2875
0.2175, 1, 4.46646e-08, 100000, 0.1379, -0.000238539, 99999.9, -0.2825
0.2225, 1, 7.07613e-09, 100000, 0.1379, -0.000238539, 99999.9, -0.2775
0.2275, 1, 1.03071e-09, 100000, 0.1379, -0.000238539, 99999.9, -0.2725
0.2325, 1, 1.37471e-10, 100000, 0.1379, -0.000238539, 99999.9, -0.2675
0.2375, 1, 1.66827e-11, 100000, 0.1379, -0.000238539, 99999.9, -0.2625
0.2425, 1, 1.8407e-12, 100000, 0.1379, -0.000238539, 99999.9, -0.2575
0.2475, 1, 1.79839e-13, 100000, 0.1379, -0.000238539, 99999.9, -0.2525
0.2525, 1, 0, 100000, 0.1379, -0.000238539, 99999.9, -0.2475
0.2575, 1, 0, 100000, 0.1379, -0.000238539, 99999.9, -0.2425
0.2625, 1, 0, 100000, 0.1379, -0.000238539, 99999.9, -0.2375
0.2675, 1, 0, 100000, 0.1379, -0.000238539, 99999.9, -0.2325
0.2725, 1, 0, 100000, 0.1379, -0.000238539, 99999.9, -0.2275
0.2775, 1, 0, 100000, 0.1379, -0.000238539, 99999.9, -0.2225
0.2825, 1, 0, 100000, 0.1379, -0.000238539, 99999.9, -0.2175
0.2875, 1, 0, 100000, 0.1379, -0.000238539, 99999.9, -0.2125
0.2925, 1, 0, 100000, 0.1379, -0.000238539, 99999.9, -0.2075
0.2975, 1, 0, 100000, 0.1379, -0.000238539, 99999.9, -0.2025
0.3025, 1, 0, 100000, 0.1379, -0.000238539, 99999.9, -0.1975
0.3075, 1, 0, 100000, 0.1379, -0.000238539, 99999.9, -0.1925
0.3125, 1, 0, 100000, 0.1379, -0.000238539, 99999.9, -0.1875
0.3175, 1, 0, 100000, 0.1379, -0.000238539, 99999.9, -0.1825
0.3225, 1, 0, 100000, 0.1379, -0.000238539, 99999.9, -0.1775
0.3275, 1, 0, 100000, 0.1379, -0.000238539, 99999.9, -0.1725
0.3325, 1, 0, 100000, 0.1379, -0.000238539, 99999.9, -0.1675
0.3375, 1, 0, 100000, 0.1379, -0.000238539, 99999.9, -0.1625
0.3425, 1, 0, 100000, 0.1379, -0.000238539, 99999.9, -0.1575
0.3475, 1, 2.11575e-14, 100000, 0.1379, -0.000238539, 99999.9, -0.1525
0.3525, 1, 1.90417e-13, 100000, 0.1379, -0.000238539, 99999.9, -0.1475
0.3575, 1, 8.46299e-13, 100000, 0.1379, -0.000238539, 99999.9, -0.1425
0.3625, 1, 3.49098e-12, 100000, 0.1379, -0.000238539, 99999.9, -0.1375
0.3675, 1, 1.35408e-11, 100000, 0.1379, -0.000238539, 99999.9, -0.1325
0.3725, 1, 4.98153e-11, 100000, 0.1379, -0.000238539, 99999.9, -0.1275
0.3775, 1, 1.74666e-10, 100000, 0.1379, -0.000238539, 99999.9, -0.1225
0.3825, 1, 5.85385e-10, 100000, 0.1379, -0.000238539, 99999.9, -0.1175
0.3875, 1, 1.87997e-09, 100000, 0.1379, -0.000238539, 99999.9, -0.1125
0.3925, 1, 5.79886e-09, 100000, 0.1379, -0.000238539, 99999.9, -0.1075
0.3975, 1, 1.72241e-08, 100000, 0.1379, -0.000238539, 99999.9, -0.1025
0.4025, 1, 4.94045e-08, 100000, 0.1379, -0.000238539, 99999.9, -0.0975
0.4075, 1, 1.3745e-07, 100000, 0.1379, -0.000238539, 99999.9, -0.0925
0.4125, 1, 3.68993e-07, 100000, 0.1379, -0.000238539, 99999.9, -0.0875
0.4175, 1, 9.94915e-07, 100000, 0.1379, -0.000238539, 99999.9, -0.0825
0.4225, 1, 2.22201e-06, 100000, 0.1379, -0.000238539, 99999.9, -0.0775
0.4275, 1, 3.75542e-06, 100000, 0.1379, -0.000238539, 99999.9, -0.0725
0.4325, 1, 5.08322e-06, 100000, 0.1379, -0.000238539, 99999.9, -0.0675
0.4375, 1, 6.01989e-06, 100000, 0.1379, -0.000238539, 99999.9, -0.0625
0.4425, 1, 6.60418e-06, 100000, 0.1379, -0.000238539, 99999.9, -0.0575
0.4475, 1, 6.9209e-06, 100000, 0.1379, -0.000238539, 99999.9, -0.0525
0.4525, 1, 7.06326e-06, 100000, 0.1379, -0.000238539, 99999.9, -0.0475
0.4575, 1, 7.10974e-06, 100000, 0.1379, -0.000238539, 99999.9, -0.0425
0.4625, 1, 7.11468e-06, 100000, 0.1379, -0.000238539, 99999.9, -0.0375
0.4675, 1, 7.08577e-06, 100000, 0.1379, -0.000238539, 99999.9, -0.0325
0.4725, 1, 7.02707e-06, 100000, 0.1379, -0.000238539, 99999.9, -0.0275
0.4775, 1, 6.96557e-06, 100000, 0.1379, -0.000238539, 99999.9, -0.0225
0.4825, 1, 6.87549e-06, 100000, 0.1379, -0.000238539, 99999.9, -0.0175
0.4875, 1, 6.53745e-06, 100000, 0.1379, -0.000238539, 99999.9, -0.0125
0.4925, 1, 3.63869e-06, 100000, 0.1379, -0.000238539, 99999.9, -0.00749999
0.4975, 1, -4.90474e-05, 100000, 0.1379, -0.000391859, 99999.9, -0.00249999
0.5025, 1, -0.000171803, 99999.9, 0.1379, -0.000428037, 99999.9, 0.00250001
0.5075, 0.999999, -0.00023854, 99999.9, 0.1379, -0.000430183, 99999.9, 0.00750001
0.5125, 0.999999, -0.000238539, 99999.9, 0.1379, -0.00043018, 99999.9, 0.0125
0.5175, 0.999999, -0.000238539, 99999.9, 0.1379, -0.000430172, 99999.9, 0.0175
0.5225, 0.999999, -0.000238539, 99999.9, 0.1379, -0.000430162, 99999.9, 0.0225
0.5275, 0.999999, -0.000238539, 99999.9, 0.1379, -0.000430149, 99999.9, 0.0275
0.5325, 0.999999, -0.000238539, 99999.9, 0.1379, -0.000430132, 99999.9, 0.0325
0.5375, 0.999999, -0.000238539, 99999.9, 0.1379, -0.00043011, 99999.9, 0.0375
0.5425, 0.999999, -0.000238539, 99999.9, 0.1379, -0.000430086, 99999.9, 0.0425
0.5475, 0.999999, -0.000238539, 99999.9, 0.1379, -0.00043006, 99999.9, 0.0475
0.5525, 0.999999, -0.000238539, 99999.9, 0.1379, -0.000430035, 99999.9, 0.0525
0.5575, 0.999999, -0.000238539, 99999.9, 0.1379, -0.000430013, 99999.9, 0.0575
0.5625, 0.999999, -0.000238539, 99999.9, 0.1379, -0.000429992, 99999.9, 0.0625
0.5675, 0.999999, -0.000238539, 99999.9, 0.1379, -0.000429971, 99999.9, 0.0675
0.5725, 0.999999, -0.000238539, 99999.9, 0.1379, -0.000429951, 99999.9, 0.0725
0.5775, 0.999999, -0.000238539, 99999.9, 0.1379, -0.000429929, 99999.9, 0.0775
0.5825, 0.999999, -0.000238539, 99999.9, 0.1379, -0.000429901, 99999.9, 0.0825
0.5875, 0.999999, -0.000238539, 99999.9, 0.1379, -0.000429867, 99999.9, 0.0875
0.5925, 0.999999, -0.000238539, 99999.9, 0.1379, -0.000429832, 99999.9, 0.0925
0.5975, 0.999999, -0.000238539, 99999.9, 0.1379, -0.000429803, 99999.9, 0.0975
0.6025, 0.999999, -0.000238539, 99999.9, 0.1379, -0.000429786, 99999.9, 0.1025
0.6075, 0.999999, -0.000238539, 99999.9, 0.1379, -0.000429779, 99999.9, 0.1075
0.6125, 0.999999, -0.000238539, 99999.9, 0.1379, -0.00042978, 99999.9, 0.1125
0.6175, 0.999999, -0.000238539, 99999.9, 0.1379, -0.000429795, 99999.9, 0.1175
0.6225, 0.999999, -0.000238539, 99999.9, 0.1379, -0.000429855, 99999.9, 0.1225
0.6275, 0.999999, -0.000238539, 99999.9, 0.1379, -0.000429937, 99999.9, 0.1275
0.6325, 0.999999, -0.000238539, 99999.9, 0.1379, -0.000430011, 99999.9, 0.1325
0.6375, 0.999999, -0.000238539, 99999.9, 0.1379, -0.000430065, 99999.9, 0.1375
0.6425, 0.999999, -0.000238539, 99999.9, 0.1379, -0.000430093, 99999.9, 0.1425
0.6475, 0.999999, -0.000238539, 99999.9, 0.1379, -0.000430101, 99999.9, 0.1475
0.6525, 0.999999, -0.000238539, 99999.9, 0.1379, -0.000430092, 99999.9, 0.1525
0.6575, 0.999999, -0.000238539, 99999.9, 0.1379, -0.000430029, 99999.9, 0.1575
0.6625, 0.999999, -0.000238539, 99999.9, 0.1379, -0.000429809, 99999.9, 0.1625
0.6675, 0.999999, -0.000238539, 99999.9, 0.1379, -0.000429221, 99999.9, 0.1675
0.6725, 0.999999, -0.000238539, 99999.9, 0.1379, -0.00042785, 99999.9, 0.1725
0.6775, 0.999999, -0.000238539, 99999.9, 0.1379, -0.000424957, 99999.9, 0.1775
0.6825, 0.999999, -0.000238539, 99999.9, 0.1379, -0.000417565, 99999.9, 0.1825
0.6875, 0.999999, -0.000238539, 99999.9, 0.1379, -0.000394496, 99999.9, 0.1875
0.6925, 0.999999, -0.000238539, 99999.9, 0.1379, -0.000323281, 100000, 0.1925
0.6975, 0.999999, -0.000238539, 99999.9, 0.1379, -0.000216175, 100000, 0.1975
0.7025, 0.999999, -0.000238539, 99999.9, 0.1379, -0.000124124, 100000, 0.2025
0.7075, 0.999999, -0.000238539, 99999.9, 0.1379, -6.1555e-05, 100000, 0.2075
0.7125, 0.999999, -0.000238539, 99999.9, 0.1379, -2.6067e-05, 100000, 0.2125
0.7175, 0.999999, -0.000238539, 99999.9, 0.1379, -9.29249e-06, 100000, 0.2175
0.7225, 0.999999, -0.000238539, 99999.9, 0.1379, -2.73639e-06, 100000, 0.2225
0.7275, 0.999999, -0.000238539, 99999.9, 0.1379, -6.48293e-07, 100000, 0.2275
0.7325, 0.999999, -0.000238539, 99999.9, 0.1379, -1.18831e-07, 100000, 0.2325
0.7375, 0.999999, -0.000238539, 99999.9, 0.1379, -1.58246e-08, 100000, 0.2375
0.7425, 0.999999, -0.000238539, 99999.9, 0.1379, -1.36281e-09, 100000, 0.2425
0.7475, 0.999999, -0.000238539, 99999.9, 0.1379, -5.69979e-11, 100000, 0.2475
0.7525, 0.999999, -0.000238539, 99999.9, 0.1379, 7.67131e-14, 100000, 0.2525
0.7575, 0.999999, -0.000238539, 99999.9, 0.1379, 0, 100000, 0.2575
0.7625, 0.999999, -0.000238539, 99999.9, 0.1379, 0, 100000, 0.2625
0.7675, 0.999999, -0.000238539, 99999.9, 0.1379, 0, 100000, 0.2675
0.7725, 0.999999, -0.000238539, 99999.9, 0.1379, 0, 100000, 0.2725
0.7775, 0.999999, -0.000238539, 99999.9, 0.1379, 0, 100000, 0.2775
0.7825, 0.999999, -0.000238539, 99999.9, 0.1379, 0, 100000, 0.2825
0.7875, 0.999999, -0.000238539, 99999.9, 0.1379, 0, 100000, 0.2875
0.7925, 0.999999, -0.000238539, 99999.9, 0.1379, 0, 100000, 0.2925
0.7975, 0.999999, -0.000238539, 99999.9, 0.1379, 0, 100000, 0.2975
0.8025, 0.999999, -0.000238539, 99999.9, 0.1379, 0, 100000, 0.3025
0.8075, 0.999999, -0.000238539, 99999.9, 0.1379, 0, 100000, 0.3075
0.8125, 0.999999, -0.000238539, 99999.9, 0.1379, 0, 100000, 0.3125
0.8175, 0.999999, -0.000238539, 99999.9, 0.1379, 0, 100000, 0.3175
0.8225, 0.999999, -0.000238539, 99999.9, 0.1379, 0, 100000, 0.3225
0.8275, 0.999999, -0.000238539, 99999.9, 0.1379, 0, 100000, 0.3275
0.8325, 0.999999, -0.000238539, 99999.9, 0.1379, 0, 100000, 0.3325
0.8375, 0.999999, -0.000238539, 99999.9, 0.1379, 0, 100000, 0.3375
0.8425, 0.999999, -0.000238539, 99999.9, 0.1379, 0, 100000, 0.3425
0.8475, 0.999999, -0.000238539, 99999.9, 0.1379, 0, 100000, 0.3475
0.8525, 0.999999, -0.000238539, 99999.9, 0.1379, 0, 100000, 0.3525
0.8575, 0.999999, -0.000238539, 99999.9, 0.1379, 0, 100000, 0.3575
0.8625, 0.999999, -0.000238539, 99999.9, 0.1379, 0, 100000, 0.3625
0.8675, 0.999999, -0.000238539, 99999.9, 0.1379, 0, 100000, 0.3675
0.8725, 0.999999, -0.000238539, 99999.9, 0.1379, 0, 100000, 0.3725
0.8775, 0.999999, -0.000238539, 99999.9, 0.1379, 0, 100000, 0.3775
0.8825, 0.999999, -0.000238539, 99999.9, 0.1379, 0, 100000, 0.3825
0.8875, 0.999999, -0.000238539, 99999.9, 0.1379, 0, 100000, 0.3875
0.8925, 0.999999, -0.000238539, 99999.9, 0.1379, 0, 100000, 0.3925
0.8975, 0.999999, -0.000238539, 99999.9, 0.1379, 0, 100000, 0.3975
0.9025, 0.999999, -0.000238539, 99999.9, 0.1379, 0, 100000, 0.4025
0.9075, 0.999999, -0.000238539, 99999.9, 0.1379, 0, 100000, 0.4075
0.9125, 0.999999, -0.000238539, 99999.9, 0.1379, 0, 100000, 0.4125
0.9175, 0.999999, -0.000238539, 99999.9, 0.1379, 0, 100000, 0.4175
0.9225, 0.999999, -0.000238539, 99999.9, 0.1379, 0, 100000, 0.4225
0.9275, 0.999999, -0.000238539, 99999.9, 0.1379, 0, 100000, 0.4275
0.9325, 0.999999, -0.000238539, 99999.9, 0.1379, 0, 100000, 0.4325
0.9375, 0.999999, -0.000238539, 99999.9, 0.1379, 0, 100000, 0.4375
0.9425, 0.999999, -0.000238539, 99999.9, 0.1379, 0, 100000, 0.4425
0.9475, 0.999999, -0.000238539, 99999.9, 0.1379, 0, 100000, 0.4475
0.9525, 0.999999, -0.000238539, 99999.9, 0.1379, 0, 100000, 0.4525
0.9575, 0.999999, -0.000238539, 99999.9, 0.1379, 0, 100000, 0.4575
0.9625, 0.999999, -0.000238539, 99999.9, 0.1379, 0, 100000, 0.4625
0.9675, 0.999999, -0.000238539, 99999.9, 0.1379, 0, 100000, 0.4675
0.9725, 0.999999, -0.000238539, 99999.9, 0.1379, 0, 100000, 0.4725
0.9775, 0.999999, -0.000238539, 99999.9, 0.1379, 0, 100000, 0.4775
0.9825, 0.999999, -0.000238539, 99999.9, 0.1379, 0, 100000, 0.4825
0.9875, 0.999999, -0.000238539, 99999.9, 0.1379, 0, 100000, 0.4875
0.9925, 0.999999, -0.000238539, 99999.9, 0.1379, 0, 100000, 0.4925
0.9975, 0.999999, -0.000238539, 99999.9, 0.1379, 0, 100000, 0.4975
