0.0025, 1.33205, 112.067, 149852, 0.1379, -0.000238502, 99999.9, -0.4975
0.0075, 1.33221, 112.02, 149876, 0.1379, -0.000238502, 99999.9, -0.492907
0.0125, 1.33243, 111.954, 149911, 0.1379, -0.000238502, 99999.9, -0.487907
0.0175, 1.3326, 111.906, 149937, 0.1379, -0.000238502, 99999.9, -0.482907
0.0225, 1.33271, 111.878, 149952, 0.1379, -0.000238502, 99999.9, -0.477907
0.0275, 1.33277, 111.864, 149959, 0.1379, -0.000238502, 99999.9, -0.472907
0.0325, 1.33279, 111.859, 149962, 0.1379, -0.000238502, 99999.9, -0.467907
0.0375, 1.33279, 111.857, 149963, 0.1379, -0.000238502, 99999.9, -0.462907
0.0425, 1.33279, 111.855, 149964, 0.1379, -0.000238502, 99999.9, -0.457907
0.0475, 1.33278, 111.853, 149965, 0.1379, -0.000238502, 99999.9, -0.452907
0.0525, 1.33276, 111.847, 149968, 0.1379, -0.000238502, 99999.9, -0.447907
0.0575, 1.33269, 111.838, 149974, 0.1379, -0.000238502, 99999.9, -0.442907
0.0625, 1.33246, 111.827, 149980, 0.1379, -0.000238502, 99999.9, -0.437906
0.0675, 1.33183, 111.82, 149981, 0.1379, -0.000238502, 99999.9, -0.432906
0.0725, 1.33084, 111.819, 149981, 0.1379, -0.000238502, 99999.9, -0.427906
0.0775, 1.32989, 111.819, 149982, 0.1379, -0.000238502, 99999.9, -0.422906
0.0825, 1.32927, 111.82, 149982, 0.1379, -0.000238502, 99999.9, -0.417906
0.0875, 1.32897, 111.822, 149982, 0.1379, -0.000238502, 99999.9, -0.412906
0.0925, 1.3289, 111.823, 149983, 0.1379, -0.000238502, 99999.9, -0.407906
0.0975, 1.32902, 111.823, 149982, 0.1379, -0.000238502, 99999.9, -0.402906
0.1025, 1.32963, 111.824, 149983, 0.1379, -0.000238502, 99999.9, -0.397906
0.1075, 1.33075, 111.825, 149986, 0.1379, -0.000238502, 99999.9, -0.392906
0.1125, 1.33185, 111.825, 149990, 0.1379, -0.000238502, 99999.9, -0.387906
0.1175, 1.33263, 111.82, 149990, 0.1379, -0.000238502, 99999.9, -0.382906
0.1225, 1.33314, 111.807, 149986, 0.1379, -0.000238502, 99999.9, -0.377906
0.1275, 1.33341, 111.779, 149968, 0.1379, -0.000238502, 99999.9, -0.372906
0.1325, 1.33344, 111.677, 149922, 0.1379, -0.000238502, 99999.9, -0.367906
0.1375, 1.33245, 111.313, 149741, 0.1379, -0.000238502, 99999.9, -0.362904
0.1425, 1.32798, 110.098, 149100, 0.1379, -0.000238502, 99999.9, -0.357897
0.1475, 1.30833, 104.521, 146163, 0.1379, -0.000238502, 99999.9, -0.352865
0.1525, 1.24815, 86.405, 136981, 0.1379, -0.000238502, 99999.9, -0.347781
0.1575, 1.15666, 56.5289, 123038, 0.1379, -0.000238502, 99999.9, -0.342671
0.1625, 1.08358, 30.8981, 112097, 0.1379, -0.000238502, 99999.9, -0.33759
0.1675, 1.0401, 14.9671, 105722, 0.1379, -0.000238502, 99999.9, -0.332542
0.1725, 1.01782, 6.67038, 102519, 0.1379, -0.000238502, 99999.9, -0.327518
0.1775, 1.0075, 2.80763, 101055, 0.1379, -0.000238502, 99999.9, -0.322508
0.1825, 1.00302, 1.13087, 100424, 0.1379, -0.000238502, 99999.9, -0.317503
0.1875, 1.00117, 0.438037, 100164, 0.1379, -0.000238502, 99999.9, -0.312501
0.1925, 1.00044, 0.163304, 100061, 0.1379, -0.000238502, 99999.9, -0.3075
0.1975, 1.00016, 0.0585458, 100022, 0.1379, -0.000238502, 99999.9, -0.3025
0.2025, 1.00005, 0.0201549, 100008, 0.1379, -0.000238502, 99999.9, -0.2975
0.2075, 1.00002, 0.00665238, 100002, 0.1379, -0.000238502, 99999.9, -0.2925
0.2125, 1.00001, 0.00210199, 100001, 0.1379, -0.000238502, 99999.9, -0.2875
0.2175, 1, 0.000634944, 100000, 0.1379, -0.000238502, 99999.9, -0.2825
0.2225, 1, 0.000183114, 100000, 0.1379, -0.000238502, 99999.9, -0.2775
0.2275, 1, 5.03555e-05, 100000, 0.1379, -0.000238502, 99999.9, -0.2725
0.2325, 1, 1.31883e-05, 100000, 0.1379, -0.000238502, 99999.9, -0.2675
0.2375, 1, 3.28567e-06, 100000, 0.1379, -0.000238502, 99999.9, -0.2625
0.2425, 1, 7.7773e-07, 100000, 0.1379, -0.000238502, 99999.9, -0.2575
0.2475, 1, 1.74686e-07, 100000, 0.1379, -0.000238502, 99999.9, -0.2525
0.2525, 1, 3.71831e-08, 100000, 0.1379, -0.000238502, 99999.9, -0.2475
0.2575, 1, 7.4901e-09, 100000, 0.1379, -0.000238502, 99999.9, -0.2425
0.2625, 1, 1.42573e-09, 100000, 0.1379, -0.000238502, 99999.9, -0.2375
0.2675, 1, 2.56027e-10, 100000, 0.1379, -0.000238502, 99999.9, -0.2325
0.2725, 1, 4.33199e-11, 100000, 0.1379, -0.000238502, 99999.9, -0.2275
0.2775, 1, 6.87618e-12, 100000, 0.1379, -0.000238502, 99999.9, -0.2225
0.2825, 1, 1.02614e-12, 100000, 0.1379, -0.000238502, 99999.9, -0.2175
0.2875, 1, 1.48102e-13, 100000, 0.1379, -0.000238502, 99999.9, -0.2125
0.2925, 1, 0, 100000, 0.1379, -0.000238502, 99999.9, -0.2075
0.2975, 1, 0, 100000, 0.1379, -0.000238502, 99999.9, -0.2025
0.3025, 1, 0, 100000, 0.1379, -0.000238502, 99999.9, -0.1975
0.3075, 1, 0, 100000, 0.1379, -0.000238502, 99999.9, -0.1925
0.3125, 1, 0, 100000, 0.1379, -0.000238502, 99999.9, -0.1875
0.3175, 1, 0, 100000, 0.1379, -0.000238502, 99999.9, -0.1825
0.3225, 1, 1.05787e-13, 100000, 0.1379, -0.000238502, 99999.9, -0.1775
0.3275, 1, 4.33728e-13, 100000, 0.1379, -0.000238502, 99999.9, -0.1725
0.3325, 1, 1.57623e-12, 100000, 0.1379, -0.000238502, 99999.9, -0.1675
0.3375, 1, 5.5221e-12, 100000, 0.1379, -0.000238502, 99999.9, -0.1625
0.3425, 1, 1.84811e-11, 100000, 0.1379, -0.000238502, 99999.9, -0.1575
0.3475, 1, 5.959e-11, 100000, 0.1379, -0.000238502, 99999.9, -0.1525
0.3525, 1, 1.86207e-10, 100000, 0.1379, -0.000238502, 99999.9, -0.1475
0.3575, 1, 5.63963e-10, 100000, 0.1379, -0.000238502, 99999.9, -0.1425
0.3625, 1, 1.65911e-09, 100000, 0.1379, -0.000238502, 99999.9, -0.1375
0.3675, 1, 4.74851e-09, 100000, 0.1379, -0.000238502, 99999.9, -0.1325
0.3725, 1, 1.32446e-08, 100000, 0.1379, -0.000238502, 99999.9, -0.1275
0.3775, 1, 3.6079e-08, 100000, 0.1379, -0.000238502, 99999.9, -0.1225
0.3825, 1, 9.60819e-08, 100000, 0.1379, -0.000238502, 99999.9, -0.1175
0.3875, 1, 2.51168e-07, 100000, 0.1379, -0.000238502, 99999.9, -0.1125
0.3925, 1, 6.51907e-07, 100000, 0.1379, -0.000238502, 99999.9, -0.1075
0.3975, 1, 1.56651e-06, 100000, 0.1379, -0.000238502, 99999.9, -0.1025
0.4025, 1, 2.91561e-06, 100000, 0.1379, -0.000238502, 99999.9, -0.0975
0.4075, 1, 4.28271e-06, 100000, 0.1379, -0.000238502, 99999.9, -0.0925
0.4125, 1, 5.36993e-06, 100000, 0.1379, -0.000238502, 99999.9, -0.0875
0.4175, 1, 6.12753e-06, 100000, 0.1379, -0.000238502, 99999.9, -0.0825
0.4225, 1, 6.60676e-06, 100000, 0.1379, -0.000238502, 99999.9, -0.0775
0.4275, 1, 6.87726e-06, 100000, 0.1379, -0.000238502, 99999.9, -0.0725
0.4325, 1, 7.00845e-06, 100000, 0.1379, -0.000238502, 99999.9, -0.0675
0.4375, 1, 7.0572e-06, 100000, 0.1379, -0.000238502, 99999.9, -0.0625
0.4425, 1, 7.06637e-06, 100000, 0.1379, -0.000238502, 99999.9, -0.0575
0.4475, 1, 7.0538e-06, 100000, 0.1379, -0.000238502, 99999.9, -0.0525
0.4525, 1, 7.00432e-06, 100000, 0.1379, -0.000238502, 99999.9, -0.0475
0.4575, 1, 6.93947e-06, 100000, 0.1379, -0.000238502, 99999.9, -0.0425
0.4625, 1, 6.88766e-06, 100000, 0.1379, -0.000238502, 99999.9, -0.0375
0.4675, 1, 6.85519e-06, 100000, 0.1379, -0.000238502, 99999.9, -0.0325
0.4725, 1, 6.83938e-06, 100000, 0.1379, -0.000238502, 99999.9, -0.0275
0.4775, 1, 6.82909e-06, 100000, 0.1379, -0.000238502, 99999.9, -0.0225
0.4825, 1, 6.79691e-06, 100000, 0.1379, -0.000238502, 99999.9, -0.0175
0.4875, 1, 6.52759e-06, 100000, 0.1379, -0.000238502, 99999.9, -0.0125
0.4925, 1, 3.67216e-06, 100000, 0.1379, -0.000238502, 99999.9, -0.00749999
0.4975, 1, -4.90029e-05, 100000, 0.1379, -0.000391821, 99999.9, -0.00249999
0.5025, 1, -0.000171763, 99999.9, 0.1379, -0.000428, 99999.9, 0.00250001
0.5075, 0.999999, -0.000238502, 99999.9, 0.1379, -0.00043015, 99999.9, 0.00750001
0.5125, 0.999999, -0.000238502, 99999.9, 0.1379, -0.000430155, 99999.9, 0.0125
0.5175, 0.999999, -0.000238502, 99999.9, 0.1379, -0.000430157, 99999.9, 0.0175
0.5225, 0.999999, -0.000238502, 99999.9, 0.1379, -0.000430161, 99999.9, 0.0225
0.5275, 0.999999, -0.000238502, 99999.9, 0.1379, -0.000430165, 99999.9, 0.0275
0.5325, 0.999999, -0.000238502, 99999.9, 0.1379, -0.000430169, 99999.9, 0.0325
0.5375, 0.999999, -0.000238502, 99999.9, 0.1379, -0.000430174, 99999.9, 0.0375
0.5425, 0.999999, -0.000238502, 99999.9, 0.1379, -0.000430179, 99999.9, 0.0425
0.5475, 0.999999, -0.000238502, 99999.9, 0.1379, -0.000430183, 99999.9, 0.0475
0.5525, 0.999999, -0.000238502, 99999.9, 0.1379, -0.000430186, 99999.9, 0.0525
0.5575, 0.999999, -0.000238502, 99999.9, 0.1379, -0.000430188, 99999.9, 0.0575
0.5625, 0.999999, -0.000238502, 99999.9, 0.1379, -0.000430188, 99999.9, 0.0625
0.5675, 0.999999, -0.000238502, 99999.9, 0.1379, -0.000430188, 99999.9, 0.0675
0.5725, 0.999999, -0.000238502, 99999.9, 0.1379, -0.000430185, 99999.9, 0.0725
0.5775, 0.999999, -0.000238502, 99999.9, 0.1379, -0.000430179, 99999.9, 0.0775
0.5825, 0.999999, -0.000238502, 99999.9, 0.1379, -0.000430171, 99999.9, 0.0825
0.5875, 0.999999, -0.000238502, 99999.9, 0.1379, -0.00043016, 99999.9, 0.0875
0.5925, 0.999999, -0.000238502, 99999.9, 0.1379, -0.000430146, 99999.9, 0.0925
0.5975, 0.999999, -0.000238502, 99999.9, 0.1379, -0.000430127, 99999.9, 0.0975
0.6025, 0.999999, -0.000238502, 99999.9, 0.1379, -0.000430105, 99999.9, 0.1025
0.6075, 0.999999, -0.000238502, 99999.9, 0.1379, -0.00043008, 99999.9, 0.1075
0.6125, 0.999999, -0.000238502, 99999.9, 0.1379, -0.000430055, 99999.9, 0.1125
0.6175, 0.999999, -0.000238502, 99999.9, 0.1379, -0.000430031, 99999.9, 0.1175
0.6225, 0.999999, -0.000238502, 99999.9, 0.1379, -0.000430009, 99999.9, 0.1225
0.6275, 0.999999, -0.000238502, 99999.9, 0.1379, -0.000429988, 99999.9, 0.1275
0.6325, 0.999999, -0.000238502, 99999.9, 0.1379, -0.000429968, 99999.9, 0.1325
0.6375, 0.999999, -0.000238502, 99999.9, 0.1379, -0.000429947, 99999.9, 0.1375
0.6425, 0.999999, -0.000238502, 99999.9, 0.1379, -0.000429922, 99999.9, 0.1425
0.6475, 0.999999, -0.000238502, 99999.9, 0.1379, -0.000429891, 99999.9, 0.1475
0.6525, 0.999999, -0.000238502, 99999.9, 0.1379, -0.000429855, 99999.9, 0.1525
0.6575, 0.999999, -0.000238502, 99999.9, 0.1379, -0.000429824, 99999.9, 0.1575
0.6625, 0.999999, -0.000238502, 99999.9, 0.1379, -0.000429801, 99999.9, 0.1625
0.6675, 0.999999, -0.000238502, 99999.9, 0.1379, -0.000429788, 99999.9, 0.1675
0.6725, 0.999999, -0.000238502, 99999.9, 0.1379, -0.000429784, 99999.9, 0.1725
0.6775, 0.999999, -0.000238502, 99999.9, 0.1379, -0.000429786, 99999.9, 0.1775
0.6825, 0.999999, -0.000238502, 99999.9, 0.1379, -0.000429807, 99999.9, 0.1825
0.6875, 0.999999, -0.000238502, 99999.9, 0.1379, -0.000429876, 99999.9, 0.1875
0.6925, 0.999999, -0.000238502, 99999.9, 0.1379, -0.000429959, 99999.9, 0.1925
0.6975, 0.999999, -0.000238502, 99999.9, 0.1379, -0.000430024, 99999.9, 0.1975
0.7025, 0.999999, -0.000238502, 99999.9, 0.1379, -0.000430065, 99999.9, 0.2025
0.7075, 0.999999, -0.000238502, 99999.9, 0.1379, -0.000430085, 99999.9, 0.2075
0.7125, 0.999999, -0.000238502, 99999.9, 0.1379, -0.000430089, 99999.9, 0.2125
0.7175, 0.999999, -0.000238502, 99999.9, 0.1379, -0.00043008, 99999.9, 0.2175
0.7225, 0.999999, -0.000238502, 99999.9, 0.1379, -0.00043002, 99999.9, 0.2225
0.7275, 0.999999, -0.000238502, 99999.9, 0.1379, -0.000429809, 99999.9, 0.2275
0.7325, 0.999999, -0.000238502, 99999.9, 0.1379, -0.00042921, 99999.9, 0.2325
0.7375, 0.999999, -0.000238502, 99999.9, 0.1379, -0.000427643, 99999.9, 0.2375
0.7425, 0.999999, -0.000238502, 99999.9, 0.1379, -0.000423594, 99999.9, 0.2425
0.7475, 0.999999, -0.000238502, 99999.9, 0.1379, -0.000412402, 99999.9, 0.2475
0.7525, 0.999999, -0.000238502, 99999.9, 0.1379, -0.000376797, 99999.9, 0.2525
0.7575, 0.999999, -0.000238502, 99999.9, 0.1379, -0.000291465, 100000, 0.2575
0.7625, 0.999999, -0.000238502, 99999.9, 0.1379, -0.000192683, 100000, 0.2625
0.7675, 0.999999, -0.000238502, 99999.9, 0.1379, -0.000113709, 100000, 0.2675
0.7725, 0.999999, -0.000238502, 99999.9, 0.1379, -5.97503e-05, 100000, 0.2725
0.7775, 0.999999, -0.000238502, 99999.9, 0.1379, -2.77917e-05, 100000, 0.2775
0.7825, 0.999999, -0.000238502, 99999.9, 0.1379, -1.13637e-05, 100000, 0.2825
0.7875, 0.999999, -0.000238502, 99999.9, 0.1379, -4.04958e-06, 100000, 0.2875
0.7925, 0.999999, -0.000238502, 99999.9, 0.1379, -1.24397e-06, 100000, 0.2925
0.7975, 0.999999, -0.000238502, 99999.9, 0.1379, -3.24696e-07, 100000, 0.2975
0.8025, 0.999999, -0.000238502, 99999.9, 0.1379, -7.06345e-08, 100000, 0.3025
0.8075, 0.999999, -0.000238502, 99999.9, 0.1379, -1.2466e-08, 100000, 0.3075
0.8125, 0.999999, -0.000238502, 99999.9, 0.1379, -1.71538e-09, 100000, 0.3125
0.8175, 0.999999, -0.000238502, 99999.9, 0.1379, -1.72605e-10, 100000, 0.3175
0.8225, 0.999999, -0.000238502, 99999.9, 0.1379, -1.12768e-11, 100000, 0.3225
0.8275, 0.999999, -0.000238502, 99999.9, 0.1379, -3.83566e-13, 100000, 0.3275
0.8325, 0.999999, -0.000238502, 99999.9, 0.1379, 7.67131e-14, 100000, 0.3325
0.8375, 0.999999, -0.000238502, 99999.9, 0.1379, 0, 100000, 0.3375
0.8425, 0.999999, -0.000238502, 99999.9, 0.1379, 0, 100000, 0.3425
0.8475, 0.999999, -0.000238502, 99999.9, 0.1379, 0, 100000, 0.3475
0.8525, 0.999999, -0.000238502, 99999.9, 0.1379, 0, 100000, 0.3525
0.8575, 0.999999, -0.000238502, 99999.9, 0.1379, 0, 100000, 0.3575
0.8625, 0.999999, -0.000238502, 99999.9, 0.1379, 0, 100000, 0.3625
0.8675, 0.999999, -0.000238502, 99999.9, 0.1379, 0, 100000, 0.3675
0.8725, 0.999999, -0.000238502, 99999.9, 0.1379, 0, 100000, 0.3725
0.8775, 0.999999, -0.000238502, 99999.9, 0.1379, 0, 100000, 0.3775
0.8825, 0.999999, -0.000238502, 99999.9, 0.1379, 0, 100000, 0.3825
0.8875, 0.999999, -0.000238502, 99999.9, 0.1379, 0, 100000, 0.3875
0.8925, 0.999999, -0.000238502, 99999.9, 0.1379, 0, 100000, 0.3925
0.8975, 0.999999, -0.000238502, 99999.9, 0.1379, 0, 100000, 0.3975
0.9025, 0.999999, -0.000238502, 99999.9, 0.1379, 0, 100000, 0.4025
0.9075, 0.999999, -0.000238502, 99999.9, 0.1379, 0, 100000, 0.4075
0.9125, 0.999999, -0.000238502, 99999.9, 0.1379, 0, 100000, 0.4125
0.9175, 0.999999, -0.000238502, 99999.9, 0.1379, 0, 100000, 0.4175
0.9225, 0.999999, -0.000238502, 99999.9, 0.1379, 0, 100000, 0.4225
0.9275, 0.999999, -0.000238502, 99999.9, 0.1379, 0, 100000, 0.4275
0.9325, 0.999999, -0.000238502, 99999.9, 0.1379, 0, 100000, 0.4325
0.9375, 0.999999, -0.000238502, 99999.9, 0.1379, 0, 100000, 0.4375
0.9425, 0.999999, -0.000238502, 99999.9, 0.1379, 0, 100000, 0.4425
0.9475, 0.999999, -0.000238502, 99999.9, 0.1379, 0, 100000, 0.4475
0.9525, 0.999999, -0.000238502, 99999.9, 0.1379, 0, 100000, 0.4525
0.9575, 0.999999, -0.000238502, 99999.9, 0.1379, 0, 100000, 0.4575
0.9625, 0.999999, -0.000238502, 99999.9, 0.1379, 0, 100000, 0.4625
0.9675, 0.999999, -0.000238502, 99999.9, 0.1379, 0, 100000, 0.4675
0.9725, 0.999999, -0.000238502, 99999.9, 0.1379, 0, 100000, 0.4725
0.9775, 0.999999, -0.000238502, 99999.9, 0.1379, 0, 100000, 0.4775
0.9825, 0.999999, -0.000238502, 99999.9, 0.1379, 0, 100000, 0.4825
0.9875, 0.999999, -0.000238502, 99999.9, 0.1379, 0, 100000, 0.4875
0.9925, 0.999999, -0.000238502, 99999.9, 0.1379, 0, 100000, 0.4925
0.9975, 0.999999, -0.000238502, 99999.9, 0.1379, 0, 100000, 0.4975
