0.0025, 1.33196, 112.095, 149837, 0.1379, -0.000238518, 99999.9, -0.4975
0.0075, 1.33199, 112.086, 149841, 0.1379, -0.000238518, 99999.9, -0.492907
0.0125, 1.33211, 112.05, 149861, 0.1379, -0.000238518, 99999.9, -0.487907
0.0175, 1.33234, 111.983, 149896, 0.1379, -0.000238518, 99999.9, -0.482907
0.0225, 1.33257, 111.92, 149929, 0.1379, -0.000238518, 99999.9, -0.477907
0.0275, 1.33272, 111.883, 149949, 0.1379, -0.000238518, 99999.9, -0.472907
0.0325, 1.33278, 111.864, 149959, 0.1379, -0.000238518, 99999.9, -0.467907
0.0375, 1.33279, 111.857, 149963, 0.1379, -0.000238518, 99999.9, -0.462907
0.0425, 1.33278, 111.856, 149963, 0.1379, -0.000238518, 99999.9, -0.457907
0.0475, 1.33275, 111.857, 149963, 0.1379, -0.000238518, 99999.9, -0.452907
0.0525, 1.33269, 111.856, 149963, 0.1379, -0.000238518, 99999.9, -0.447907
0.0575, 1.33256, 111.85, 149966, 0.1379, -0.000238518, 99999.9, -0.442907
0.0625, 1.33218, 111.839, 149972, 0.1379, -0.000238518, 99999.9, -0.437907
0.0675, 1.33137, 111.829, 149977, 0.1379, -0.000238518, 99999.9, -0.432906
0.0725, 1.33033, 111.824, 149980, 0.1379, -0.000238518, 99999.9, -0.427906
0.0775, 1.32945, 111.823, 149982, 0.1379, -0.000238518, 99999.9, -0.422906
0.0825, 1.32894, 111.822, 149983, 0.1379, -0.000238518, 99999.9, -0.417906
0.0875, 1.32875, 111.822, 149983, 0.1379, -0.000238518, 99999.9, -0.412906
0.0925, 1.32876, 111.823, 149983, 0.1379, -0.000238518, 99999.9, -0.407906
0.0975, 1.3292, 111.826, 149984, 0.1379, -0.000238518, 99999.9, -0.402906
0.1025, 1.33026, 111.831, 149987, 0.1379, -0.000238518, 99999.9, -0.397906
0.1075, 1.33141, 111.83, 149988, 0.1379, -0.000238518, 99999.9, -0.392906
0.1125, 1.33227, 111.813, 149983, 0.1379, -0.000238518, 99999.9, -0.387906
0.1175, 1.33276, 111.781, 149953, 0.1379, -0.000238518, 99999.9, -0.382906
0.1225, 1.33298, 111.643, 149884, 0.1379, -0.000238518, 99999.9, -0.377905
0.1275, 1.332, 111.144, 149640, 0.1379, -0.000238518, 99999.9, -0.372903
0.1325, 1.32605, 109.408, 148732, 0.1379, -0.000238518, 99999.9, -0.367892
0.1375, 1.29821, 101.382, 144552, 0.1379, -0.000238518, 99999.9, -0.362849
0.1425, 1.22453, 78.9085, 133352, 0.1379, -0.000238518, 99999.9, -0.357751
0.1475, 1.13329, 48.5473, 119530, 0.1379, -0.000238518, 99999.9, -0.352645
0.1525, 1.06832, 25.3638, 109847, 0.1379, -0.000238518, 99999.9, -0.347573
0.1575, 1.03158, 11.8049, 104492, 0.1379, -0.000238518, 99999.9, -0.342533
0.1625, 1.01355, 5.07507, 101912, 0.1379, -0.000238518, 99999.9, -0.337514
0.1675, 1.0055, 2.05987, 100773, 0.1379, -0.000238518, 99999.9, -0.332505
0.1725, 1.00213, 0.797394, 100299, 0.1379, -0.000238518, 99999.9, -0.327502
0.1775, 1.00079, 0.29533, 100111, 0.1379, -0.000238518, 99999.9, -0.322501
0.1825, 1.00028, 0.104644, 100039, 0.1379, -0.000238518, 99999.9, -0.3175
0.1875, 1.00009, 0.035426, 100013, 0.1379, -0.000238518, 99999.9, -0.3125
0.1925, 1.00003, 0.011439, 100004, 0.1379, -0.000238518, 99999.9, -0.3075
0.1975, 1.00001, 0.00351688, 100001, 0.1379, -0.000238518, 99999.9, -0.3025
0.2025, 1, 0.0010278, 100000, 0.1379, -0.000238518, 99999.9, -0.2975
0.2075, 1, 0.000285073, 100000, 0.1379, -0.000238518, 99999.9, -0.2925
0.2125, 1, 7.49252e-05, 100000, 0.1379, -0.000238518, 99999.9, -0.2875
0.2175, 1, 1.86322e-05, 100000, 0.1379, -0.000238518, 99999.9, -0.2825
0.2225, 1, 4.37721e-06, 100000, 0.1379, -0.000238518, 99999.9, -0.2775
0.2275, 1, 9.69921e-07, 100000, 0.1379, -0.000238518, 99999.9, -0.2725
0.2325, 1, 2.02374e-07, 100000, 0.1379, -0.000238518, 99999.9, -0.2675
0.2375, 1, 3.96892e-08, 100000, 0.1379, -0.000238518, 99999.9, -0.2625
0.2425, 1, 7.30214e-09, 100000, 0.1379, -0.000238518, 99999.9, -0.2575
0.2475, 1, 1.25769e-09, 100000, 0.1379, -0.000238518, 99999.9, -0.2525
0.2525, 1, 2.02318e-10, 100000, 0.1379, -0.000238518, 99999.9, -0.2475
0.2575, 1, 3.03292e-11, 100000, 0.1379, -0.000238518, 99999.9, -0.2425
0.2625, 1, 4.21034e-12, 100000, 0.1379, -0.000238518, 99999.9, -0.2375
0.2675, 1, 5.39516e-13, 100000, 0.1379, -0.000238518, 99999.9, -0.2325
0.2725, 1, 5.28937e-14, 100000, 0.1379, -0.000238518, 99999.9, -0.2275
0.2775, 1, 0, 100000, 0.1379, -0.000238518, 99999.9, -0.2225
0.2825, 1, 0, 100000, 0.1379, -0.000238518, 99999.9, -0.2175
0.2875, 1, 0, 100000, 0.1379, -0.000238518, 99999.9, -0.2125
0.2925, 1, 0, 100000, 0.1379, -0.000238518, 99999.9, -0.2075
0.2975, 1, 0, 100000, 0.1379, -0.000238518, 99999.9, -0.2025
0.3025, 1, 0, 100000, 0.1379, -0.000238518, 99999.9, -0.1975
0.3075, 1, 0, 100000, 0.1379, -0.000238518, 99999.9, -0.1925
0.3125, 1, 0, 100000, 0.1379, -0.000238518, 99999.9, -0.1875
0.3175, 1, 0, 100000, 0.1379, -0.000238518, 99999.9, -0.1825
0.3225, 1, 0, 100000, 0.1379, -0.000238518, 99999.9, -0.1775
0.3275, 1, 0, 100000, 0.1379, -0.000238518, 99999.9, -0.1725
0.3325, 1, 4.2315e-14, 100000, 0.1379, -0.000238518, 99999.9, -0.1675
0.3375, 1, 2.5389e-13, 100000, 0.1379, -0.000238518, 99999.9, -0.1625
0.3425, 1, 1.01556e-12, 100000, 0.1379, -0.000238518, 99999.9, -0.1575
0.3475, 1, 3.77661e-12, 100000, 0.1379, -0.000238518, 99999.9, -0.1525
0.3525, 1, 1.34773e-11, 100000, 0.1379, -0.000238518, 99999.9, -0.1475
0.3575, 1, 4.588e-11, 100000, 0.1379, -0.000238518, 99999.9, -0.1425
0.3625, 1, 1.5043e-10, 100000, 0.1379, -0.000238518, 99999.9, -0.1375
0.3675, 1, 4.76012e-10, 100000, 0.1379, -0.000238518, 99999.9, -0.1325
0.3725, 1, 1.4552e-09, 100000, 0.1379, -0.000238518, 99999.9, -0.1275
0.3775, 1, 4.30659e-09, 100000, 0.1379, -0.000238518, 99999.9, -0.1225
0.3825, 1, 1.23627e-08, 100000, 0.1379, -0.000238518, 99999.9, -0.1175
0.3875, 1, 3.45078e-08, 100000, 0.1379, -0.000238518, 99999.9, -0.1125
0.3925, 1, 9.37549e-08, 100000, 0.1379, -0.000238518, 99999.9, -0.1075
0.3975, 1, 2.49181e-07, 100000, 0.1379, -0.000238518, 99999.9, -0.1025
0.4025, 1, 6.54067e-07, 100000, 0.1379, -0.000238518, 99999.9, -0.0975
0.4075, 1, 1.59785e-06, 100000, 0.1379, -0.000238518, 99999.9, -0.0925
0.4125, 1, 2.9961e-06, 100000, 0.1379, -0.000238518, 99999.9, -0.0875
0.4175, 1, 4.39854e-06, 100000, 0.1379, -0.000238518, 99999.9, -0.0825
0.4225, 1, 5.49443e-06, 100000, 0.1379, -0.000238518, 99999.9, -0.0775
0.4275, 1, 6.23964e-06, 100000, 0.1379, -0.000238518, 99999.9, -0.0725
0.4325, 1, 6.6951e-06, 100000, 0.1379, -0.000238518, 99999.9, -0.0675
0.4375, 1, 6.93945e-06, 100000, 0.1379, -0.000238518, 99999.9, -0.0625
0.4425, 1, 7.04813e-06, 100000, 0.1379, -0.000238518, 99999.9, -0.0575
0.4475, 1, 7.08192e-06, 100000, 0.1379, -0.000238518, 99999.9, -0.0525
0.4525, 1, 7.08343e-06, 100000, 0.1379, -0.000238518, 99999.9, -0.0475
0.4575, 1, 7.05544e-06, 100000, 0.1379, -0.000238518, 99999.9, -0.0425
0.4625, 1, 6.99259e-06, 100000, 0.1379, -0.000238518, 99999.9, -0.0375
0.4675, 1, 6.93032e-06, 100000, 0.1379, -0.000238518, 99999.9, -0.0325
0.4725, 1, 6.89274e-06, 100000, 0.1379, -0.000238518, 99999.9, -0.0275
0.4775, 1, 6.86502e-06, 100000, 0.1379, -0.000238518, 99999.9, -0.0225
0.4825, 1, 6.80887e-06, 100000, 0.1379, -0.000238518, 99999.9, -0.0175
0.4875, 1, 6.51922e-06, 100000, 0.1379, -0.000238518, 99999.9, -0.0125
0.4925, 1, 3.65436e-06, 100000, 0.1379, -0.000238518, 99999.9, -0.00749999
0.4975, 1, -4.90201e-05, 100000, 0.1379, -0.000391837, 99999.9, -0.00249999
0.5025, 1, -0.00017178, 99999.9, 0.1379, -0.000428016, 99999.9, 0.00250001
0.5075, 0.999999, -0.000238518, 99999.9, 0.1379, -0.00043017, 99999.9, 0.00750001
0.5125, 0.999999, -0.000238518, 99999.9, 0.1379, -0.000430177, 99999.9, 0.0125
0.5175, 0.999999, -0.000238518, 99999.9, 0.1379, -0.000430181, 99999.9, 0.0175
0.5225, 0.999999, -0.000238518, 99999.9, 0.1379, -0.000430185, 99999.9, 0.0225
0.5275, 0.999999, -0.000238518, 99999.9, 0.1379, -0.000430188, 99999.9, 0.0275
0.5325, 0.999999, -0.000238518, 99999.9, 0.1379, -0.000430189, 99999.9, 0.0325
0.5375, 0.999999, -0.000238518, 99999.9, 0.1379, -0.000430188, 99999.9, 0.0375
0.5425, 0.999999, -0.000238518, 99999.9, 0.1379, -0.000430186, 99999.9, 0.0425
0.5475, 0.999999, -0.000238518, 99999.9, 0.1379, -0.000430181, 99999.9, 0.0475
0.5525, 0.999999, -0.000238518, 99999.9, 0.1379, -0.000430174, 99999.9, 0.0525
0.5575, 0.999999, -0.000238518, 99999.9, 0.1379, -0.000430165, 99999.9, 0.0575
0.5625, 0.999999, -0.000238518, 99999.9, 0.1379, -0.000430152, 99999.9, 0.0625
0.5675, 0.999999, -0.000238518, 99999.9, 0.1379, -0.000430135, 99999.9, 0.0675
0.5725, 0.999999, -0.000238518, 99999.9, 0.1379, -0.000430114, 99999.9, 0.0725
0.5775, 0.999999, -0.000238518, 99999.9, 0.1379, -0.00043009, 99999.9, 0.0775
0.5825, 0.999999, -0.000238518, 99999.9, 0.1379, -0.000430065, 99999.9, 0.0825
0.5875, 0.999999, -0.000238518, 99999.9, 0.1379, -0.00043004, 99999.9, 0.0875
0.5925, 0.999999, -0.000238518, 99999.9, 0.1379, -0.000430017, 99999.9, 0.0925
0.5975, 0.999999, -0.000238518, 99999.9, 0.1379, -0.000429996, 99999.9, 0.0975
0.6025, 0.999999, -0.000238518, 99999.9, 0.1379, -0.000429976, 99999.9, 0.1025
0.6075, 0.999999, -0.000238518, 99999.9, 0.1379, -0.000429956, 99999.9, 0.1075
0.6125, 0.999999, -0.000238518, 99999.9, 0.1379, -0.000429933, 99999.9, 0.1125
0.6175, 0.999999, -0.000238518, 99999.9, 0.1379, -0.000429906, 99999.9, 0.1175
0.6225, 0.999999, -0.000238518, 99999.9, 0.1379, -0.000429872, 99999.9, 0.1225
0.6275, 0.999999, -0.000238518, 99999.9, 0.1379, -0.000429837, 99999.9, 0.1275
0.6325, 0.999999, -0.000238518, 99999.9, 0.1379, -0.000429809, 99999.9, 0.1325
0.6375, 0.999999, -0.000238518, 99999.9, 0.1379, -0.000429791, 99999.9, 0.1375
0.6425, 0.999999, -0.000238518, 99999.9, 0.1379, -0.000429783, 99999.9, 0.1425
0.6475, 0.999999, -0.000238518, 99999.9, 0.1379, -0.000429782, 99999.9, 0.1475
0.6525, 0.999999, -0.000238518, 99999.9, 0.1379, -0.000429792, 99999.9, 0.1525
0.6575, 0.999999, -0.000238518, 99999.9, 0.1379, -0.000429841, 99999.9, 0.1575
0.6625, 0.999999, -0.000238518, 99999.9, 0.1379, -0.000429925, 99999.9, 0.1625
0.6675, 0.999999, -0.000238518, 99999.9, 0.1379, -0.00043, 99999.9, 0.1675
0.6725, 0.999999, -0.000238518, 99999.9, 0.1379, -0.000430054, 99999.9, 0.1725
0.6775, 0.999999, -0.000238518, 99999.9, 0.1379, -0.000430084, 99999.9, 0.1775
0.6825, 0.999999, -0.000238518, 99999.9, 0.1379, -0.000430094, 99999.9, 0.1825
0.6875, 0.999999, -0.000238518, 99999.9, 0.1379, -0.000430091, 99999.9, 0.1875
0.6925, 0.999999, -0.000238518, 99999.9, 0.1379, -0.000430054, 99999.9, 0.1925
0.6975, 0.999999, -0.000238518, 99999.9, 0.1379, -0.000429906, 99999.9, 0.1975
0.7025, 0.999999, -0.000238518, 99999.9, 0.1379, -0.000429475, 99999.9, 0.2025
0.7075, 0.999999, -0.000238518, 99999.9, 0.1379, -0.000428374, 99999.9, 0.2075
0.7125, 0.999999, -0.000238518, 99999.9, 0.1379, -0.000425669, 99999.9, 0.2125
0.7175, 0.999999, -0.000238518, 99999.9, 0.1379, -0.000418947, 99999.9, 0.2175
0.7225, 0.999999, -0.000238518, 99999.9, 0.1379, -0.000399024, 99999.9, 0.2225
0.7275, 0.999999, -0.000238518, 99999.9, 0.1379, -0.000335093, 99999.9, 0.2275
0.7325, 0.999999, -0.000238518, 99999.9, 0.1379, -0.000233264, 100000, 0.2325
0.7375, 0.999999, -0.000238518, 99999.9, 0.1379, -0.000141513, 100000, 0.2375
0.7425, 0.999999, -0.000238518, 99999.9, 0.1379, -7.57294e-05, 100000, 0.2425
0.7475, 0.999999, -0.000238518, 99999.9, 0.1379, -3.54898e-05, 100000, 0.2475
0.7525, 0.999999, -0.000238518, 99999.9, 0.1379, -1.44393e-05, 100000, 0.2525
0.7575, 0.999999, -0.000238518, 99999.9, 0.1379, -5.04493e-06, 100000, 0.2575
0.7625, 0.999999, -0.000238518, 99999.9, 0.1379, -1.49231e-06, 100000, 0.2625
0.7675, 0.999999, -0.000238518, 99999.9, 0.1379, -3.66661e-07, 100000, 0.2675
0.7725, 0.999999, -0.000238518, 99999.9, 0.1379, -7.28566e-08, 100000, 0.2725
0.7775, 0.999999, -0.000238518, 99999.9, 0.1379, -1.12544e-08, 100000, 0.2775
0.7825, 0.999999, -0.000238518, 99999.9, 0.1379, -1.26891e-09, 100000, 0.2825
0.7875, 0.999999, -0.000238518, 99999.9, 0.1379, -9.27462e-11, 100000, 0.2875
0.7925, 0.999999, -0.000238518, 99999.9, 0.1379, -3.29866e-12, 100000, 0.2925
0.7975, 0.999999, -0.000238518, 99999.9, 0.1379, 7.67131e-14, 100000, 0.2975
0.8025, 0.999999, -0.000238518, 99999.9, 0.1379, 0, 100000, 0.3025
0.8075, 0.999999, -0.000238518, 99999.9, 0.1379, 0, 100000, 0.3075
0.8125, 0.999999, -0.000238518, 99999.9, 0.1379, 0, 100000, 0.3125
0.8175, 0.999999, -0.000238518, 99999.9, 0.1379, 0, 100000, 0.3175
0.8225, 0.999999, -0.000238518, 99999.9, 0.1379, 0, 100000, 0.3225
0.8275, 0.999999, -0.000238518, 99999.9, 0.1379, 0, 100000, 0.3275
0.8325, 0.999999, -0.000238518, 99999.9, 0.1379, 0, 100000, 0.3325
0.8375, 0.999999, -0.000238518, 99999.9, 0.1379, 0, 100000, 0.3375
0.8425, 0.999999, -0.000238518, 99999.9, 0.1379, 0, 100000, 0.3425
0.8475, 0.999999, -0.000238518, 99999.9, 0.1379, 0, 100000, 0.3475
0.8525, 0.999999, -0.000238518, 99999.9, 0.1379, 0, 100000, 0.3525
0.8575, 0.999999, -0.000238518, 99999.9, 0.1379, 0, 100000, 0.3575
0.8625, 0.999999, -0.000238518, 99999.9, 0.1379, 0, 100000, 0.3625
0.8675, 0.999999, -0.000238518, 99999.9, 0.1379, 0, 100000, 0.3675
0.8725, 0.999999, -0.000238518, 99999.9, 0.1379, 0, 100000, 0.3725
0.8775, 0.999999, -0.000238518, 99999.9, 0.1379, 0, 100000, 0.3775
0.8825, 0.999999, -0.000238518, 99999.9, 0.1379, 0, 100000, 0.3825
0.8875, 0.999999, -0.000238518, 99999.9, 0.1379, 0, 100000, 0.3875
0.8925, 0.999999, -0.000238518, 99999.9, 0.1379, 0, 100000, 0.3925
0.8975, 0.999999, -0.000238518, 99999.9, 0.1379, 0, 100000, 0.3975
0.9025, 0.999999, -0.000238518, 99999.9, 0.1379, 0, 100000, 0.4025
0.9075, 0.999999, -0.000238518, 99999.9, 0.1379, 0, 100000, 0.4075
0.9125, 0.999999, -0.000238518, 99999.9, 0.1379, 0, 100000, 0.4125
0.9175, 0.999999, -0.000238518, 99999.9, 0.1379, 0, 100000, 0.4175
0.9225, 0.999999, -0.000238518, 99999.9, 0.1379, 0, 100000, 0.4225
0.9275, 0.999999, -0.000238518, 99999.9, 0.1379, 0, 100000, 0.4275
0.9325, 0.999999, -0.000238518, 99999.9, 0.1379, 0, 100000, 0.4325
0.9375, 0.999999, -0.000238518, 99999.9, 0.1379, 0, 100000, 0.4375
0.9425, 0.999999, -0.000238518, 99999.9, 0.1379, 0, 100000, 0.4425
0.9475, 0.999999, -0.000238518, 99999.9, 0.1379, 0, 100000, 0.4475
0.9525, 0.999999, -0.000238518, 99999.9, 0.1379, 0, 100000, 0.4525
0.9575, 0.999999, -0.000238518, 99999.9, 0.1379, 0, 100000, 0.4575
0.9625, 0.999999, -0.000238518, 99999.9, 0.1379, 0, 100000, 0.4625
0.9675, 0.999999, -0.000238518, 99999.9, 0.1379, 0, 100000, 0.4675
0.9725, 0.999999, -0.000238518, 99999.9, 0.1379, 0, 100000, 0.4725
0.9775, 0.999999, -0.000238518, 99999.9, 0.1379, 0, 100000, 0.4775
0.9825, 0.999999, -0.000238518, 99999.9, 0.1379, 0, 100000, 0.4825
0.9875, 0.999999, -0.000238518, 99999.9, 0.1379, 0, 100000, 0.4875
0.9925, 0.999999, -0.000238518, 99999.9, 0.1379, 0, 100000, 0.4925
0.9975, 0.999999, -0.000238518, 99999.9, 0.1379, 0, 100000, 0.4975
