0.0025, 1.333, 111.787, 150000, 0.1379, -0.000238305, 99999.9, -0.4975
0.0075, 1.33299, 111.788, 149999, 0.1379, -0.000238305, 99999.9, -0.492906
0.0125, 1.33298, 111.792, 149997, 0.1379, -0.000238305, 99999.9, -0.487906
0.0175, 1.33293, 111.806, 149990, 0.1379, -0.000238305, 99999.9, -0.482906
0.0225, 1.33279, 111.849, 149967, 0.1379, -0.000238305, 99999.9, -0.477906
0.0275, 1.33249, 111.942, 149917, 0.1379, -0.000238305, 99999.9, -0.472907
0.0325, 1.33212, 112.064, 149854, 0.1379, -0.000238305, 99999.9, -0.467907
0.0375, 1.33181, 112.161, 149804, 0.1379, -0.000238305, 99999.9, -0.462908
0.0425, 1.3315, 112.207, 149779, 0.1379, -0.000238305, 99999.9, -0.457908
0.0475, 1.33109, 112.202, 149785, 0.1379, -0.000238305, 99999.9, -0.452908
0.0525, 1.33044, 112.119, 149819, 0.1379, -0.000238305, 99999.9, -0.447908
0.0575, 1.32911, 111.875, 149860, 0.1379, -0.000238305, 99999.9, -0.442906
0.0625, 1.32619, 111.356, 149720, 0.1379, -0.000238305, 99999.9, -0.437904
0.0675, 1.31952, 109.647, 148824, 0.1379, -0.000238305, 99999.9, -0.432892
0.0725, 1.28909, 100.14, 143837, 0.1379, -0.000238305, 99999.9, -0.427841
0.0775, 1.2027, 72.5899, 130289, 0.1379, -0.000238305, 99999.9, -0.422722
0.0825, 1.10139, 37.7581, 114906, 0.1379, -0.000238305, 99999.9, -0.417604
0.0875, 1.04013, 15.1326, 105778, 0.1379, -0.000238305, 99999.9, -0.412538
0.0925, 1.01305, 4.91517, 101850, 0.1379, -0.000238305, 99999.9, -0.407511
0.0975, 1.00355, 1.33389, 100500, 0.1379, -0.000238305, 99999.9, -0.402503
0.1025, 1.00081, 0.304587, 100114, 0.1379, -0.000238305, 99999.9, -0.397501
0.1075, 1.00015, 0.0579993, 100022, 0.1379, -0.000238305, 99999.9, -0.3925
0.1125, 1.00002, 0.00903698, 100003, 0.1379, -0.000238305, 99999.9, -0.3875
0.1175, 1, 0.00112091, 100000, 0.1379, -0.000238305, 99999.9, -0.3825
0.1225, 1, 0.000106312, 100000, 0.1379, -0.000238305, 99999.9, -0.3775
0.1275, 1, 7.23249e-06, 100000, 0.1379, -0.000238305, 99999.9, -0.3725
0.1325, 1, 3.13468e-07, 100000, 0.1379, -0.000238305, 99999.9, -0.3675
0.1375, 1, 6.35578e-09, 100000, 0.1379, -0.000238305, 99999.9, -0.3625
0.1425, 1, -4.45894e-11, 100000, 0.1379, -0.000238305, 99999.9, -0.3575
0.1475, 1, 0, 100000, 0.1379, -0.000238305, 99999.9, -0.3525
0.1525, 1, 0, 100000, 0.1379, -0.000238305, 99999.9, -0.3475
0.1575, 1, 0, 100000, 0.1379, -0.000238305, 99999.9, -0.3425
0.1625, 1, 0, 100000, 0.1379, -0.000238305, 99999.9, -0.3375
0.1675, 1, 0, 100000, 0.1379, -0.000238305, 99999.9, -0.3325
0.1725, 1, 0, 100000, 0.1379, -0.000238305, 99999.9, -0.3275
0.1775, 1, 0, 100000, 0.1379, -0.000238305, 99999.9, -0.3225
0.1825, 1, 0, 100000, 0.1379, -0.000238305, 99999.9, -0.3175
0.1875, 1, 0, 100000, 0.1379, -0.000238305, 99999.9, -0.3125
0.1925, 1, 0, 100000, 0.1379, -0.000238305, 99999.9, -0.3075
0.1975, 1, 0, 100000, 0.1379, -0.000238305, 99999.9, -0.3025
0.2025, 1, 0, 100000, 0.1379, -0.000238305, 99999.9, -0.2975
0.2075, 1, 0, 100000, 0.1379, -0.000238305, 99999.9, -0.2925
0.2125, 1, 0, 100000, 0.1379, -0.000238305, 99999.9, -0.2875
0.2175, 1, 0, 100000, 0.1379, -0.000238305, 99999.9, -0.2825
0.2225, 1, 0, 100000, 0.1379, -0.000238305, 99999.9, -0.2775
0.2275, 1, 0, 100000, 0.1379, -0.000238305, 99999.9, -0.2725
0.2325, 1, 0, 100000, 0.1379, -0.000238305, 99999.9, -0.2675
0.2375, 1, 0, 100000, 0.1379, -0.000238305, 99999.9, -0.2625
0.2425, 1, 0, 100000, 0.1379, -0.000238305, 99999.9, -0.2575
0.2475, 1, 0, 100000, 0.1379, -0.000238305, 99999.9, -0.2525
0.2525, 1, 0, 100000, 0.1379, -0.000238305, 99999.9, -0.2475
0.2575, 1, 0, 100000, 0.1379, -0.000238305, 99999.9, -0.2425
0.2625, 1, 0, 100000, 0.1379, -0.000238305, 99999.9, -0.2375
0.2675, 1, 0, 100000, 0.1379, -0.000238305, 99999.9, -0.2325
0.2725, 1, 0, 100000, 0.1379, -0.000238305, 99999.9, -0.2275
0.2775, 1, 0, 100000, 0.1379, -0.000238305, 99999.9, -0.2225
0.2825, 1, 0, 100000, 0.1379, -0.000238305, 99999.9, -0.2175
0.2875, 1, 0, 100000, 0.1379, -0.000238305, 99999.9, -0.2125
0.2925, 1, 0, 100000, 0.1379, -0.000238305, 99999.9, -0.2075
0.2975, 1, 0, 100000, 0.1379, -0.000238305, 99999.9, -0.2025
0.3025, 1, 0, 100000, 0.1379, -0.000238305, 99999.9, -0.1975
0.3075, 1, 0, 100000, 0.1379, -0.000238305, 99999.9, -0.1925
0.3125, 1, 0, 100000, 0.1379, -0.000238305, 99999.9, -0.1875
0.3175, 1, 0, 100000, 0.1379, -0.000238305, 99999.9, -0.1825
0.3225, 1, 0, 100000, 0.1379, -0.000238305, 99999.9, -0.1775
0.3275, 1, 0, 100000, 0.1379, -0.000238305, 99999.9, -0.1725
0.3325, 1, 0, 100000, 0.1379, -0.000238305, 99999.9, -0.1675
0.3375, 1, 0, 100000, 0.1379, -0.000238305, 99999.9, -0.1625
0.3425, 1, 0, 100000, 0.1379, -0.000238305, 99999.9, -0.1575
0.3475, 1, 0, 100000, 0.1379, -0.000238305, 99999.9, -0.1525
0.3525, 1, 0, 100000, 0.1379, -0.000238305, 99999.9, -0.1475
0.3575, 1, 0, 100000, 0.1379, -0.000238305, 99999.9, -0.1425
0.3625, 1, 0, 100000, 0.1379, -0.000238305, 99999.9, -0.1375
0.3675, 1, 0, 100000, 0.1379, -0.000238305, 99999.9, -0.1325
0.3725, 1, 0, 100000, 0.1379, -0.000238305, 99999.9, -0.1275
0.3775, 1, 0, 100000, 0.1379, -0.000238305, 99999.9, -0.1225
0.3825, 1, 0, 100000, 0.1379, -0.000238305, 99999.9, -0.1175
0.3875, 1, 0, 100000, 0.1379, -0.000238305, 99999.9, -0.1125
0.3925, 1, 0, 100000, 0.1379, -0.000238305, 99999.9, -0.1075
0.3975, 1, 0, 100000, 0.1379, -0.000238305, 99999.9, -0.1025
0.4025, 1, 0, 100000, 0.1379, -0.000238305, 99999.9, -0.0975
0.4075, 1, 0, 100000, 0.1379, -0.000238305, 99999.9, -0.0925
0.4125, 1, 0, 100000, 0.1379, -0.000238305, 99999.9, -0.0875
0.4175, 1, 2.11575e-14, 100000, 0.1379, -0.000238305, 99999.9, -0.0825
0.4225, 1, 4.86622e-13, 100000, 0.1379, -0.000238305, 99999.9, -0.0775
0.4275, 1, 6.43187e-12, 100000, 0.1379, -0.000238305, 99999.9, -0.0725
0.4325, 1, 6.03517e-11, 100000, 0.1379, -0.000238305, 99999.9, -0.0675
0.4375, 1, 4.4344e-10, 100000, 0.1379, -0.000238305, 99999.9, -0.0625
0.4425, 1, 2.65646e-09, 100000, 0.1379, -0.000238305, 99999.9, -0.0575
0.4475, 1, 1.33496e-08, 100000, 0.1379, -0.000238305, 99999.9, -0.0525
0.4525, 1, 5.74345e-08, 100000, 0.1379, -0.000238305, 99999.9, -0.0475
0.4575, 1, 2.15685e-07, 100000, 0.1379, -0.000238305, 99999.9, -0.0425
0.4625, 1, 7.24542e-07, 100000, 0.1379, -0.000238305, 99999.9, -0.0375
0.4675, 1, 2.10072e-06, 100000, 0.1379, -0.000238305, 99999.9, -0.0325
0.4725, 1, 4.0435e-06, 100000, 0.1379, -0.000238305, 99999.9, -0.0275
0.4775, 1, 5.80986e-06, 100000, 0.1379, -0.000238305, 99999.9, -0.0225
0.4825, 1, 7.03142e-06, 100000, 0.1379, -0.000238305, 99999.9, -0.0175
0.4875, 1, 7.36307e-06, 100000, 0.1379, -0.000238305, 99999.9, -0.0125
0.4925, 1, 4.52128e-06, 100000, 0.1379, -0.000238305, 99999.9, -0.0075
0.4975, 1, -4.86559e-05, 100000, 0.1379, -0.000391625, 99999.9, -0.0025
0.5025, 1, -0.000171631, 99999.9, 0.1379, -0.000427804, 99999.9, 0.0025
0.5075, 0.999999, -0.000238305, 99999.9, 0.1379, -0.000430038, 99999.9, 0.0075
0.5125, 0.999999, -0.000238305, 99999.9, 0.1379, -0.00043011, 99999.9, 0.0125
0.5175, 0.999999, -0.000238305, 99999.9, 0.1379, -0.000430146, 99999.9, 0.0175
0.5225, 0.999999, -0.000238305, 99999.9, 0.1379, -0.000430131, 99999.9, 0.0225
0.5275, 0.999999, -0.000238305, 99999.9, 0.1379, -0.000429993, 99999.9, 0.0275
0.5325, 0.999999, -0.000238305, 99999.9, 0.1379, -0.000429675, 99999.9, 0.0325
0.5375, 0.999999, -0.000238305, 99999.9, 0.1379, -0.000429136, 99999.9, 0.0375
0.5425, 0.999999, -0.000238305, 99999.9, 0.1379, -0.000428171, 99999.9, 0.0425
0.5475, 0.999999, -0.000238305, 99999.9, 0.1379, -0.000426278, 99999.9, 0.0475
0.5525, 0.999999, -0.000238305, 99999.9, 0.1379, -0.000422293, 99999.9, 0.0525
0.5575, 0.999999, -0.000238305, 99999.9, 0.1379, -0.000412952, 99999.9, 0.0575
0.5625, 0.999999, -0.000238305, 99999.9, 0.1379, -0.000385972, 99999.9, 0.0625
0.5675, 0.999999, -0.000238305, 99999.9, 0.1379, -0.000296947, 100000, 0.0675
0.5725, 0.999999, -0.000238305, 99999.9, 0.1379, -0.000156811, 100000, 0.0725
0.5775, 0.999999, -0.000238305, 99999.9, 0.1379, -5.72198e-05, 100000, 0.0775
0.5825, 0.999999, -0.000238305, 99999.9, 0.1379, -1.30795e-05, 100000, 0.0825
0.5875, 0.999999, -0.000238305, 99999.9, 0.1379, -1.40844e-06, 100000, 0.0875
0.5925, 0.999999, -0.000238305, 99999.9, 0.1379, 7.74803e-12, 100000, 0.0925
0.5975, 0.999999, -0.000238305, 99999.9, 0.1379, 0, 100000, 0.0975
0.6025, 0.999999, -0.000238305, 99999.9, 0.1379, 0, 100000, 0.1025
0.6075, 0.999999, -0.000238305, 99999.9, 0.1379, 0, 100000, 0.1075
0.6125, 0.999999, -0.000238305, 99999.9, 0.1379, 0, 100000, 0.1125
0.6175, 0.999999, -0.000238305, 99999.9, 0.1379, 0, 100000, 0.1175
0.6225, 0.999999, -0.000238305, 99999.9, 0.1379, 0, 100000, 0.1225
0.6275, 0.999999, -0.000238305, 99999.9, 0.1379, 0, 100000, 0.1275
0.6325, 0.999999, -0.000238305, 99999.9, 0.1379, 0, 100000, 0.1325
0.6375, 0.999999, -0.000238305, 99999.9, 0.1379, 0, 100000, 0.1375
0.6425, 0.999999, -0.000238305, 99999.9, 0.1379, 0, 100000, 0.1425
0.6475, 0.999999, -0.000238305, 99999.9, 0.1379, 0, 100000, 0.1475
0.6525, 0.999999, -0.000238305, 99999.9, 0.1379, 0, 100000, 0.1525
0.6575, 0.999999, -0.000238305, 99999.9, 0.1379, 0, 100000, 0.1575
0.6625, 0.999999, -0.000238305, 99999.9, 0.1379, 0, 100000, 0.1625
0.6675, 0.999999, -0.000238305, 99999.9, 0.1379, 0, 100000, 0.1675
0.6725, 0.999999, -0.000238305, 99999.9, 0.1379, 0, 100000, 0.1725
0.6775, 0.999999, -0.000238305, 99999.9, 0.1379, 0, 100000, 0.1775
0.6825, 0.999999, -0.000238305, 99999.9, 0.1379, 0, 100000, 0.1825
0.6875, 0.999999, -0.000238305, 99999.9, 0.1379, 0, 100000, 0.1875
0.6925, 0.999999, -0.000238305, 99999.9, 0.1379, 0, 100000, 0.1925
0.6975, 0.999999, -0.000238305, 99999.9, 0.1379, 0, 100000, 0.1975
0.7025, 0.999999, -0.000238305, 99999.9, 0.1379, 0, 100000, 0.2025
0.7075, 0.999999, -0.000238305, 99999.9, 0.1379, 0, 100000, 0.2075
0.7125, 0.999999, -0.000238305, 99999.9, 0.1379, 0, 100000, 0.2125
0.7175, 0.999999, -0.000238305, 99999.9, 0.1379, 0, 100000, 0.2175
0.7225, 0.999999, -0.000238305, 99999.9, 0.1379, 0, 100000, 0.2225
0.7275, 0.999999, -0.000238305, 99999.9, 0.1379, 0, 100000, 0.2275
0.7325, 0.999999, -0.000238305, 99999.9, 0.1379, 0, 100000, 0.2325
0.7375, 0.999999, -0.000238305, 99999.9, 0.1379, 0, 100000, 0.2375
0.7425, 0.999999, -0.000238305, 99999.9, 0.1379, 0, 100000, 0.2425
0.7475, 0.999999, -0.000238305, 99999.9, 0.1379, 0, 100000, 0.2475
0.7525, 0.999999, -0.000238305, 99999.9, 0.1379, 0, 100000, 0.2525
0.7575, 0.999999, -0.000238305, 99999.9, 0.1379, 0, 100000, 0.2575
0.7625, 0.999999, -0.000238305, 99999.9, 0.1379, 0, 100000, 0.2625
0.7675, 0.999999, -0.000238305, 99999.9, 0.1379, 0, 100000, 0.2675
0.7725, 0.999999, -0.000238305, 99999.9, 0.1379, 0, 100000, 0.2725
0.7775, 0.999999, -0.000238305, 99999.9, 0.1379, 0, 100000, 0.2775
0.7825, 0.999999, -0.000238305, 99999.9, 0.1379, 0, 100000, 0.2825
0.7875, 0.999999, -0.000238305, 99999.9, 0.1379, 0, 100000, 0.2875
0.7925, 0.999999, -0.000238305, 99999.9, 0.1379, 0, 100000, 0.2925
0.7975, 0.999999, -0.000238305, 99999.9, 0.1379, 0, 100000, 0.2975
0.8025, 0.999999, -0.000238305, 99999.9, 0.1379, 0, 100000, 0.3025
0.8075, 0.999999, -0.000238305, 99999.9, 0.1379, 0, 100000, 0.3075
0.8125, 0.999999, -0.000238305, 99999.9, 0.1379, 0, 100000, 0.3125
0.8175, 0.999999, -0.000238305, 99999.9, 0.1379, 0, 100000, 0.3175
0.8225, 0.999999, -0.000238305, 99999.9, 0.1379, 0, 100000, 0.3225
0.8275, 0.999999, -0.000238305, 99999.9, 0.1379, 0, 100000, 0.3275
0.8325, 0.999999, -0.000238305, 99999.9, 0.1379, 0, 100000, 0.3325
0.8375, 0.999999, -0.000238305, 99999.9, 0.1379, 0, 100000, 0.3375
0.8425, 0.999999, -0.000238305, 99999.9, 0.1379, 0, 100000, 0.3425
0.8475, 0.999999, -0.000238305, 99999.9, 0.1379, 0, 100000, 0.3475
0.8525, 0.999999, -0.000238305, 99999.9, 0.1379, 0, 100000, 0.3525
0.8575, 0.999999, -0.000238305, 99999.9, 0.1379, 0, 100000, 0.3575
0.8625, 0.999999, -0.000238305, 99999.9, 0.1379, 0, 100000, 0.3625
0.8675, 0.999999, -0.000238305, 99999.9, 0.1379, 0, 100000, 0.3675
0.8725, 0.999999, -0.000238305, 99999.9, 0.1379, 0, 100000, 0.3725
0.8775, 0.999999, -0.000238305, 99999.9, 0.1379, 0, 100000, 0.3775
0.8825, 0.999999, -0.000238305, 99999.9, 0.1379, 0, 100000, 0.3825
0.8875, 0.999999, -0.000238305, 99999.9, 0.1379, 0, 100000, 0.3875
0.8925, 0.999999, -0.000238305, 99999.9, 0.1379, 0, 100000, 0.3925
0.8975, 0.999999, -0.000238305, 99999.9, 0.1379, 0, 100000, 0.3975
0.9025, 0.999999, -0.000238305, 99999.9, 0.1379, 0, 100000, 0.4025
0.9075, 0.999999, -0.000238305, 99999.9, 0.1379, 0, 100000, 0.4075
0.9125, 0.999999, -0.000238305, 99999.9, 0.1379, 0, 100000, 0.4125
0.9175, 0.999999, -0.000238305, 99999.9, 0.1379, 0, 100000, 0.4175
0.9225, 0.999999, -0.000238305, 99999.9, 0.1379, 0, 100000, 0.4225
0.9275, 0.999999, -0.000238305, 99999.9, 0.1379, 0, 100000, 0.4275
0.9325, 0.999999, -0.000238305, 99999.9, 0.1379, 0, 100000, 0.4325
0.9375, 0.999999, -0.000238305, 99999.9, 0.1379, 0, 100000, 0.4375
0.9425, 0.999999, -0.000238305, 99999.9, 0.1379, 0, 100000, 0.4425
0.9475, 0.999999, -0.000238305, 99999.9, 0.1379, 0, 100000, 0.4475
0.9525, 0.999999, -0.000238305, 99999.9, 0.1379, 0, 100000, 0.4525
0.9575, 0.999999, -0.000238305, 99999.9, 0.1379, 0, 100000, 0.4575
0.9625, 0.999999, -0.000238305, 99999.9, 0.1379, 0, 100000, 0.4625
0.9675, 0.999999, -0.000238305, 99999.9, 0.1379, 0, 100000, 0.4675
0.9725, 0.999999, -0.000238305, 99999.9, 0.1379, 0, 100000, 0.4725
0.9775, 0.999999, -0.000238305, 99999.9, 0.1379, 0, 100000, 0.4775
0.9825, 0.999999, -0.000238305, 99999.9, 0.1379, 0, 100000, 0.4825
0.9875, 0.999999, -0.000238305, 99999.9, 0.1379, 0, 100000, 0.4875
0.9925, 0.999999, -0.000238305, 99999.9, 0.1379, 0, 100000, 0.4925
0.9975, 0.999999, -0.000238305, 99999.9, 0.1379, 0, 100000, 0.4975
