0.0025, 1.33293, 111.799, 149993, 0.158834, 159.252, 126616, -0.537427
0.0075, 1.33293, 111.799, 149993, 0.158834, 159.252, 126616, -0.532767
0.0125, 1.33294, 111.798, 149994, 0.158834, 159.252, 126616, -0.527767
0.0175, 1.33294, 111.796, 149995, 0.158834, 159.252, 126616, -0.522767
0.0225, 1.33295, 111.795, 149995, 0.158834, 159.252, 126616, -0.517767
0.0275, 1.33295, 111.794, 149996, 0.158834, 159.252, 126616, -0.512767
0.0325, 1.33295, 111.794, 149996, 0.158834, 159.252, 126616, -0.507767
0.0375, 1.33295, 111.794, 149996, 0.158834, 159.252, 126616, -0.502767
0.0425, 1.33295, 111.794, 149996, 0.158834, 159.252, 126616, -0.497767
0.0475, 1.33295, 111.794, 149996, 0.158834, 159.252, 126616, -0.492767
0.0525, 1.33295, 111.795, 149996, 0.158834, 159.252, 126616, -0.487767
0.0575, 1.33294, 111.796, 149995, 0.158834, 159.252, 126616, -0.482767
0.0625, 1.33294, 111.797, 149994, 0.158834, 159.252, 126616, -0.477767
0.0675, 1.33293, 111.799, 149994, 0.158834, 159.252, 126616, -0.472767
0.0725, 1.33293, 111.8, 149993, 0.158834, 159.252, 126616, -0.467767
0.0775, 1.33293, 111.8, 149993, 0.158834, 159.252, 126616, -0.462767
0.0825, 1.33293, 111.8, 149993, 0.158834, 159.252, 126616, -0.457767
0.0875, 1.33293, 111.8, 149993, 0.158834, 159.252, 126616, -0.452767
0.0925, 1.33293, 111.8, 149993, 0.158834, 159.252, 126616, -0.447767
0.0975, 1.33294, 111.8, 149993, 0.158834, 159.252, 126616, -0.442767
0.1025, 1.33294, 111.799, 149993, 0.158834, 159.252, 126616, -0.437767
0.1075, 1.33295, 111.798, 149994, 0.158834, 159.252, 126616, -0.432767
0.1125, 1.33296, 111.797, 149994, 0.158834, 159.252, 126616, -0.427767
0.1175, 1.33297, 111.796, 149995, 0.158834, 159.252, 126616, -0.422767
0.1225, 1.33298, 111.794, 149996, 0.158834, 159.252, 126616, -0.417767
0.1275, 1.33298, 111.793, 149997, 0.158834, 159.252, 126616, -0.412767
0.1325, 1.33298, 111.792, 149997, 0.158834, 159.252, 126616, -0.407767
0.1375, 1.33298, 111.791, 149998, 0.158834, 159.252, 126616, -0.402767
0.1425, 1.33297, 111.791, 149998, 0.158834, 159.252, 126616, -0.397767
0.1475, 1.33294, 111.791, 149998, 0.158834, 159.252, 126616, -0.392767
0.1525, 1.33287, 111.792, 149997, 0.158834, 159.252, 126616, -0.387767
0.1575, 1.33269, 111.793, 149997, 0.158834, 159.252, 126616, -0.382767
0.1625, 1.33237, 111.795, 149996, 0.158834, 159.252, 126616, -0.377767
0.1675, 1.33199, 111.796, 149995, 0.158834, 159.252, 126616, -0.372767
0.1725, 1.33164, 111.797, 149995, 0.158834, 159.252, 126616, -0.367767
0.1775, 1.33135, 111.797, 149994, 0.158834, 159.252, 126616, -0.362767
0.1825, 1.33114, 111.797, 149994, 0.158834, 159.252, 126616, -0.357767
0.1875, 1.33099, 111.798, 149994, 0.158834, 159.252, 126616, -0.352767
0.1925, 1.33091, 111.798, 149994, 0.158834, 159.252, 126616, -0.347767
0.1975, 1.33087, 111.798, 149994, 0.158834, 159.252, 126616, -0.342767
0.2025, 1.33086, 111.798, 149994, 0.158834, 159.252, 126616, -0.337767
0.2075, 1.33087, 111.798, 149994, 0.158834, 159.252, 126616, -0.332767
0.2125, 1.33093, 111.798, 149994, 0.158834, 159.252, 126616, -0.327767
0.2175, 1.33114, 111.797, 149994, 0.158834, 159.252, 126616, -0.322767
0.2225, 1.33149, 111.796, 149995, 0.158834, 159.252, 126616, -0.317767
0.2275, 1.33188, 111.796, 149995, 0.158834, 159.252, 126616, -0.312767
0.2325, 1.33221, 111.795, 149996, 0.158834, 159.252, 126616, -0.307767
0.2375, 1.33247, 111.794, 149996, 0.158834, 159.252, 126616, -0.302767
0.2425, 1.33266, 111.793, 149996, 0.158834, 159.252, 126616, -0.297767
0.2475, 1.3328, 111.793, 149997, 0.158834, 159.252, 126616, -0.292767
0.2525, 1.33289, 111.793, 149997, 0.158834, 159.252, 126616, -0.287767
0.2575, 1.33294, 111.793, 149997, 0.158834, 159.252, 126616, -0.282767
0.2625, 1.33298, 111.793, 149997, 0.158834, 159.252, 126616, -0.277767
0.2675, 1.33299, 111.794, 149996, 0.158834, 159.252, 126616, -0.272767
0.2725, 1.333, 111.795, 149996, 0.158834, 159.252, 126616, -0.267767
0.2775, 1.333, 111.795, 149995, 0.158834, 159.252, 126616, -0.262767
0.2825, 1.333, 111.796, 149995, 0.158834, 159.252, 126616, -0.257767
0.2875, 1.333, 111.796, 149995, 0.158834, 159.252, 126616, -0.252767
0.2925, 1.33301, 111.796, 149994, 0.158834, 159.252, 126616, -0.247767
0.2975, 1.33305, 111.796, 149994, 0.158834, 159.252, 126616, -0.242767
0.3025, 1.33311, 111.796, 149994, 0.158834, 159.252, 126616, -0.237767
0.3075, 1.33319, 111.796, 149994, 0.158834, 159.252, 126616, -0.232767
0.3125, 1.33325, 111.796, 149994, 0.158834, 159.252, 126616, -0.227767
0.3175, 1.3333, 111.796, 149995, 0.158834, 159.252, 126616, -0.222767
0.3225, 1.33333, 111.796, 149995, 0.158834, 159.252, 126616, -0.217767
0.3275, 1.33334, 111.796, 149995, 0.158834, 159.252, 126616, -0.212767
0.3325, 1.33334, 111.796, 149995, 0.158834, 159.252, 126616, -0.207767
0.3375, 1.33334, 111.795, 149996, 0.158834, 159.252, 126616, -0.202767
0.3425, 1.33331, 111.793, 149997, 0.158834, 159.252, 126616, -0.197767
0.3475, 1.33327, 111.792, 149998, 0.158834, 159.252, 126616, -0.192767
0.3525, 1.33323, 111.79, 149998, 0.158834, 159.252, 126616, -0.187767
0.3575, 1.3332, 111.789, 149999, 0.158834, 159.252, 126616, -0.182767
0.3625, 1.33318, 111.789, 149999, 0.158834, 159.252, 126616, -0.177767
0.3675, 1.33317, 111.788, 149999, 0.158834, 159.252, 126616, -0.172767
0.3725, 1.33318, 111.789, 149999, 0.158834, 159.252, 126616, -0.167767
0.3775, 1.33318, 111.794, 149996, 0.158834, 159.252, 126616, -0.162767
0.3825, 1.33316, 111.808, 149988, 0.158834, 159.252, 126616, -0.157767
0.3875, 1.33309, 111.841, 149971, 0.158834, 159.252, 126616, -0.152768
0.3925, 1.33289, 111.918, 149930, 0.158834, 159.252, 126616, -0.147768
0.3975, 1.33234, 112.099, 149835, 0.158834, 159.252, 126616, -0.142768
0.4025, 1.33093, 112.534, 149605, 0.158834, 159.252, 126616, -0.137769
0.4075, 1.32742, 113.597, 149044, 0.158834, 159.252, 126616, -0.132772
0.4125, 1.3195, 115.975, 147797, 0.158834, 159.252, 126616, -0.127779
0.4175, 1.30649, 119.89, 145762, 0.158834, 159.252, 126616, -0.12279
0.4225, 1.28948, 125.059, 143114, 0.158834, 159.252, 126616, -0.117805
0.4275, 1.27049, 130.891, 140178, 0.158834, 159.252, 126616, -0.112823
0.4325, 1.25208, 136.584, 137359, 0.158834, 159.252, 126616, -0.10784
0.4375, 1.23563, 141.713, 134862, 0.158834, 159.252, 126616, -0.102856
0.4425, 1.22152, 146.153, 132732, 0.158834, 159.252, 126616, -0.0978702
0.4475, 1.20992, 149.837, 130986, 0.158834, 159.252, 126616, -0.0928818
0.4525, 1.20081, 152.759, 129616, 0.158834, 159.252, 126616, -0.0878911
0.4575, 1.19399, 154.972, 128587, 0.158834, 159.252, 126616, -0.0828981
0.4625, 1.18919, 156.568, 127849, 0.158834, 159.252, 126616, -0.0779032
0.4675, 1.18601, 157.661, 127345, 0.158834, 159.252, 126616, -0.0729068
0.4725, 1.18407, 158.371, 127019, 0.158834, 159.252, 126616, -0.0679091
0.4775, 1.18296, 158.806, 126820, 0.158834, 159.252, 126616, -0.0629105
0.4825, 1.18233, 159.055, 126707, 0.158834, 159.252, 126616, -0.0579113
0.4875, 1.18192, 159.184, 126646, 0.158834, 159.252, 126616, -0.0529117
0.4925, 1.18158, 159.243, 126616, 0.158834, 159.252, 126616, -0.0479119
0.4975, 1.18131, 159.263, 126607, 0.158834, 159.252, 126616, -0.042912
0.5025, 1.18107, 159.258, 126609, 0.158834, 159.252, 126616, -0.037912
0.5075, 1.18086, 159.24, 126613, 0.158834, 159.252, 126616, -0.0329119
0.5125, 1.18066, 159.228, 126618, 0.158834, 159.252, 126616, -0.0279119
0.5175, 1.18047, 159.227, 126621, 0.158834, 159.252, 126616, -0.0229119
0.5225, 1.18032, 159.234, 126622, 0.158834, 159.252, 126616, -0.0179119
0.5275, 1.18021, 159.243, 126623, 0.158834, 159.252, 126616, -0.0129119
0.5325, 1.18014, 159.249, 126622, 0.158834, 159.252, 126616, -0.00791194
0.5375, 1.18009, 159.251, 126618, 0.158834, 159.252, 126616, -0.00291195
0.5425, 1.18008, 159.251, 126617, 0.158834, 159.251, 126616, 0.00208805
0.5475, 1.18008, 159.252, 126616, 0.158833, 159.248, 126616, 0.00708806
0.5525, 1.18008, 159.252, 126616, 0.158832, 159.244, 126615, 0.0120881
0.5575, 1.18008, 159.252, 126616, 0.158831, 159.241, 126615, 0.0170881
0.5625, 1.18008, 159.252, 126616, 0.158829, 159.236, 126614, 0.0220881
0.5675, 1.18008, 159.252, 126616, 0.158826, 159.228, 126612, 0.0270881
0.5725, 1.18008, 159.252, 126616, 0.158824, 159.217, 126610, 0.0320882
0.5775, 1.18008, 159.252, 126616, 0.158822, 159.207, 126608, 0.0370882
0.5825, 1.18008, 159.252, 126616, 0.15882, 159.198, 126607, 0.0420882
0.5875, 1.18008, 159.252, 126616, 0.158819, 159.19, 126605, 0.0470882
0.5925, 1.18008, 159.252, 126616, 0.158818, 159.183, 126604, 0.0520883
0.5975, 1.18008, 159.252, 126616, 0.158817, 159.177, 126603, 0.0570883
0.6025, 1.18008, 159.252, 126616, 0.158816, 159.171, 126602, 0.0620883
0.6075, 1.18008, 159.252, 126616, 0.158816, 159.166, 126601, 0.0670883
0.6125, 1.18008, 159.252, 126616, 0.158815, 159.165, 126600, 0.0720883
0.6175, 1.18008, 159.252, 126616, 0.158815, 159.165, 126600, 0.0770883
0.6225, 1.18008, 159.252, 126616, 0.158815, 159.166, 126601, 0.0820883
0.6275, 1.18008, 159.252, 126616, 0.158815, 159.171, 126602, 0.0870883
0.6325, 1.18008, 159.252, 126616, 0.158817, 159.186, 126604, 0.0920882
0.6375, 1.18008, 159.252, 126616, 0.158821, 159.212, 126609, 0.0970881
0.6425, 1.18008, 159.252, 126616, 0.158825, 159.246, 126615, 0.102088
0.6475, 1.18008, 159.252, 126616, 0.15883, 159.284, 126622, 0.107088
0.6525, 1.18008, 159.252, 126616, 0.158835, 159.319, 126629, 0.112088
0.6575, 1.18008, 159.252, 126616, 0.158839, 159.353, 126635, 0.117088
0.6625, 1.18008, 159.252, 126616, 0.158844, 159.391, 126642, 0.122088
0.6675, 1.18008, 159.252, 126616, 0.15885, 159.436, 126650, 0.127087
0.6725, 1.18008, 159.252, 126616, 0.158856, 159.489, 126660, 0.132087
0.6775, 1.18008, 159.252, 126616, 0.158863, 159.541, 126669, 0.137087
0.6825, 1.18008, 159.252, 126616, 0.158869, 159.585, 126677, 0.142087
0.6875, 1.18008, 159.252, 126616, 0.158873, 159.618, 126683, 0.147087
0.6925, 1.18008, 159.252, 126616, 0.158875, 159.639, 126687, 0.152087
0.6975, 1.18008, 159.252, 126616, 0.158876, 159.649, 126689, 0.157087
0.7025, 1.18008, 159.252, 126616, 0.158876, 159.652, 126690, 0.162087
0.7075, 1.18008, 159.252, 126616, 0.158876, 159.65, 126689, 0.167087
0.7125, 1.18008, 159.252, 126616, 0.158874, 159.634, 126686, 0.172087
0.7175, 1.18008, 159.252, 126616, 0.158865, 159.574, 126675, 0.177087
0.7225, 1.18008, 159.252, 126616, 0.158853, 159.485, 126659, 0.182088
0.7275, 1.18008, 159.252, 126616, 0.158839, 159.387, 126641, 0.187088
0.7325, 1.18008, 159.252, 126616, 0.158822, 159.268, 126619, 0.192088
0.7375, 1.18008, 159.252, 126616, 0.158796, 159.088, 126586, 0.197089
0.7425, 1.18008, 159.252, 126616, 0.158756, 158.798, 126533, 0.20209
0.7475, 1.18008, 159.252, 126616, 0.158697, 158.37, 126454, 0.207092
0.7525, 1.18008, 159.252, 126616, 0.158621, 157.818, 126353, 0.212094
0.7575, 1.18008, 159.252, 126616, 0.158536, 157.206, 126242, 0.217096
0.7625, 1.18008, 159.252, 126616, 0.158449, 156.582, 126128, 0.222098
0.7675, 1.18008, 159.252, 126616, 0.158353, 155.893, 126002, 0.2271
0.7725, 1.18008, 159.252, 126616, 0.158222, 154.947, 125829, 0.232104
0.7775, 1.18008, 159.252, 126616, 0.158027, 153.536, 125572, 0.23711
0.7825, 1.18008, 159.252, 126616, 0.157769, 151.658, 125231, 0.242116
0.7875, 1.18008, 159.252, 126616, 0.157473, 149.496, 124839, 0.247124
0.7925, 1.18008, 159.252, 126616, 0.157093, 146.699, 124333, 0.252137
0.7975, 1.18008, 159.252, 126616, 0.156366, 141.4, 123378, 0.25717
0.8025, 1.18008, 159.252, 126616, 0.154361, 126.856, 120789, 0.262262
0.8075, 1.18008, 159.252, 126616, 0.149639, 91.5079, 114678, 0.267378
0.8125, 1.18008, 159.252, 126616, 0.144926, 55.3391, 108684, 0.272459
0.8175, 1.18008, 159.252, 126616, 0.141957, 32.1266, 104971, 0.277505
0.8225, 1.18008, 159.252, 126616, 0.140315, 19.1802, 102945, 0.282531
0.8275, 1.18008, 159.252, 126616, 0.139413, 12.0408, 101841, 0.287546
0.8325, 1.18008, 159.252, 126616, 0.138893, 7.90414, 101205, 0.292555
0.8375, 1.18008, 159.252, 126616, 0.138572, 5.35802, 100816, 0.29756
0.8425, 1.18008, 159.252, 126616, 0.138365, 3.71056, 100564, 0.302564
0.8475, 1.18008, 159.252, 126616, 0.138227, 2.60588, 100396, 0.307567
0.8525, 1.18008, 159.252, 126616, 0.138132, 1.84706, 100281, 0.312568
0.8575, 1.18008, 159.252, 126616, 0.138065, 1.31735, 100200, 0.31757
0.8625, 1.18008, 159.252, 126616, 0.138018, 0.943495, 100143, 0.322571
0.8675, 1.18008, 159.252, 126616, 0.137985, 0.677663, 100103, 0.327571
0.8725, 1.18008, 159.252, 126616, 0.137961, 0.487651, 100074, 0.332572
0.8775, 1.18008, 159.252, 126616, 0.137944, 0.35134, 100053, 0.337572
0.8825, 1.18008, 159.252, 126616, 0.137932, 0.253304, 100038, 0.342572
0.8875, 1.18008, 159.252, 126616, 0.137923, 0.182673, 100028, 0.347573
0.8925, 1.18008, 159.252, 126616, 0.137917, 0.131726, 100020, 0.352573
0.8975, 1.18008, 159.252, 126616, 0.137912, 0.0949511, 100014, 0.357573
0.9025, 1.18008, 159.252, 126616, 0.137909, 0.0683949, 100010, 0.362573
0.9075, 1.18008, 159.252, 126616, 0.137906, 0.0492156, 100007, 0.367573
0.9125, 1.18008, 159.252, 126616, 0.137904, 0.0353656, 100005, 0.372573
0.9175, 1.18008, 159.252, 126616, 0.137903, 0.025367, 100004, 0.377573
0.9225, 1.18008, 159.252, 126616, 0.137902, 0.0181527, 100003, 0.382573
0.9275, 1.18008, 159.252, 126616, 0.137902, 0.0129506, 100002, 0.387573
0.9325, 1.18008, 159.252, 126616, 0.137901, 0.00920257, 100001, 0.392573
0.9375, 1.18008, 159.252, 126616, 0.137901, 0.00650441, 100001, 0.397573
0.9425, 1.18008, 159.252, 126616, 0.137901, 0.00456356, 100001, 0.402573
0.9475, 1.18008, 159.252, 126616, 0.1379, 0.00316825, 100000, 0.407573
0.9525, 1.18008, 159.252, 126616, 0.1379, 0.00216529, 100000, 0.412573
0.9575, 1.18008, 159.252, 126616, 0.1379, 0.00144403, 100000, 0.417573
0.9625, 1.18008, 159.252, 126616, 0.1379, 0.000924765, 100000, 0.422573
0.9675, 1.18008, 159.252, 126616, 0.1379, 0.000550204, 100000, 0.427573
0.9725, 1.18008, 159.252, 126616, 0.1379, 0.00027935, 100000, 0.432573
0.9775, 1.18008, 159.252, 126616, 0.1379, 8.29439e-05, 100000, 0.437573
0.9825, 1.18008, 159.252, 126616, 0.1379, -5.98078e-05, 100000, 0.442573
0.9875, 1.18008, 159.252, 126616, 0.1379, -0.000163584, 100000, 0.447573
0.9925, 1.18008, 159.252, 126616, 0.1379, -0.000240124, 100000, 0.452573
0.9975, 1.18008, 159.252, 126616, 0.1379, -0.000298833, 100000, 0.457573
