0.0025, 1.3327, 111.871, 149955, 0.1379, -0.000238513, 99999.9, -0.4975
0.0075, 1.33272, 111.864, 149959, 0.1379, -0.000238513, 99999.9, -0.492907
0.0125, 1.33275, 111.857, 149963, 0.1379, -0.000238513, 99999.9, -0.487907
0.0175, 1.33277, 111.851, 149966, 0.1379, -0.000238513, 99999.9, -0.482907
0.0225, 1.33281, 111.844, 149970, 0.1379, -0.000238513, 99999.9, -0.477907
0.0275, 1.33284, 111.836, 149974, 0.1379, -0.000238513, 99999.9, -0.472906
0.0325, 1.33288, 111.829, 149977, 0.1379, -0.000238513, 99999.9, -0.467906
0.0375, 1.3329, 111.824, 149980, 0.1379, -0.000238513, 99999.9, -0.462906
0.0425, 1.33291, 111.821, 149982, 0.1379, -0.000238513, 99999.9, -0.457906
0.0475, 1.33291, 111.82, 149983, 0.1379, -0.000238513, 99999.9, -0.452906
0.0525, 1.3329, 111.819, 149983, 0.1379, -0.000238513, 99999.9, -0.447906
0.0575, 1.33288, 111.819, 149983, 0.1379, -0.000238513, 99999.9, -0.442906
0.0625, 1.33283, 111.82, 149982, 0.1379, -0.000238513, 99999.9, -0.437906
0.0675, 1.33273, 111.821, 149982, 0.1379, -0.000238513, 99999.9, -0.432906
0.0725, 1.33241, 111.821, 149982, 0.1379, -0.000238513, 99999.9, -0.427906
0.0775, 1.33174, 111.819, 149983, 0.1379, -0.000238513, 99999.9, -0.422906
0.0825, 1.33092, 111.817, 149985, 0.1379, -0.000238513, 99999.9, -0.417906
0.0875, 1.33021, 111.814, 149987, 0.1379, -0.000238513, 99999.9, -0.412906
0.0925, 1.32975, 111.811, 149988, 0.1379, -0.000238513, 99999.9, -0.407906
0.0975, 1.32951, 111.807, 149990, 0.1379, -0.000238513, 99999.9, -0.402906
0.1025, 1.32943, 111.804, 149991, 0.1379, -0.000238513, 99999.9, -0.397906
0.1075, 1.32945, 111.802, 149992, 0.1379, -0.000238513, 99999.9, -0.392906
0.1125, 1.32973, 111.8, 149993, 0.1379, -0.000238513, 99999.9, -0.387906
0.1175, 1.33047, 111.801, 149991, 0.1379, -0.000238513, 99999.9, -0.382906
0.1225, 1.33144, 111.803, 149990, 0.1379, -0.000238513, 99999.9, -0.377906
0.1275, 1.33226, 111.806, 149988, 0.1379, -0.000238513, 99999.9, -0.372906
0.1325, 1.33284, 111.808, 149987, 0.1379, -0.000238513, 99999.9, -0.367906
0.1375, 1.33322, 111.811, 149987, 0.1379, -0.000238513, 99999.9, -0.362906
0.1425, 1.33345, 111.812, 149988, 0.1379, -0.000238513, 99999.9, -0.357906
0.1475, 1.33357, 111.813, 149989, 0.1379, -0.000238513, 99999.9, -0.352906
0.1525, 1.33362, 111.812, 149991, 0.1379, -0.000238513, 99999.9, -0.347906
0.1575, 1.33362, 111.811, 149993, 0.1379, -0.000238513, 99999.9, -0.342906
0.1625, 1.33359, 111.808, 149994, 0.1379, -0.000238513, 99999.9, -0.337906
0.1675, 1.33344, 111.801, 149993, 0.1379, -0.000238513, 99999.9, -0.332906
0.1725, 1.33302, 111.787, 149983, 0.1379, -0.000238513, 99999.9, -0.327906
0.1775, 1.33228, 111.729, 149949, 0.1379, -0.000238513, 99999.9, -0.322906
0.1825, 1.33103, 111.503, 149831, 0.1379, -0.000238513, 99999.9, -0.317905
0.1875, 1.32848, 110.735, 149428, 0.1379, -0.000238513, 99999.9, -0.312901
0.1925, 1.31915, 107.578, 147790, 0.1379, -0.000238513, 99999.9, -0.307882
0.1975, 1.27914, 95.4655, 141520, 0.1379, -0.000238513, 99999.9, -0.302821
0.2025, 1.19512, 69.1953, 128783, 0.1379, -0.000238513, 99999.9, -0.297716
0.2075, 1.11156, 40.8412, 116240, 0.1379, -0.000238513, 99999.9, -0.292621
0.2125, 1.05711, 21.2203, 108190, 0.1379, -0.000238513, 99999.9, -0.287561
0.2175, 1.02707, 10.1113, 103839, 0.1379, -0.000238513, 99999.9, -0.282528
0.2225, 1.01219, 4.56163, 101718, 0.1379, -0.000238513, 99999.9, -0.277513
0.2275, 1.00531, 1.98614, 100745, 0.1379, -0.000238513, 99999.9, -0.272505
0.2325, 1.00225, 0.842026, 100315, 0.1379, -0.000238513, 99999.9, -0.267502
0.2375, 1.00093, 0.348677, 100131, 0.1379, -0.000238513, 99999.9, -0.262501
0.2425, 1.00038, 0.141078, 100053, 0.1379, -0.000238513, 99999.9, -0.2575
0.2475, 1.00015, 0.0557303, 100021, 0.1379, -0.000238513, 99999.9, -0.2525
0.2525, 1.00006, 0.0214684, 100008, 0.1379, -0.000238513, 99999.9, -0.2475
0.2575, 1.00002, 0.00805456, 100003, 0.1379, -0.000238513, 99999.9, -0.2425
0.2625, 1.00001, 0.00293971, 100001, 0.1379, -0.000238513, 99999.9, -0.2375
0.2675, 1, 0.00104261, 100000, 0.1379, -0.000238513, 99999.9, -0.2325
0.2725, 1, 0.000358991, 100000, 0.1379, -0.000238513, 99999.9, -0.2275
0.2775, 1, 0.000119899, 100000, 0.1379, -0.000238513, 99999.9, -0.2225
0.2825, 1, 3.88137e-05, 100000, 0.1379, -0.000238513, 99999.9, -0.2175
0.2875, 1, 1.217e-05, 100000, 0.1379, -0.000238513, 99999.9, -0.2125
0.2925, 1, 3.69359e-06, 100000, 0.1379, -0.000238513, 99999.9, -0.2075
0.2975, 1, 1.08441e-06, 100000, 0.1379, -0.000238513, 99999.9, -0.2025
0.3025, 1, 3.07785e-07, 100000, 0.1379, -0.000238513, 99999.9, -0.1975
0.3075, 1, 8.44546e-08, 100000, 0.1379, -0.000238513, 99999.9, -0.1925
0.3125, 1, 2.27616e-08, 100000, 0.1379, -0.000238513, 99999.9, -0.1875
0.3175, 1, 7.22412e-09, 100000, 0.1379, -0.000238513, 99999.9, -0.1825
0.3225, 1, 4.85326e-09, 100000, 0.1379, -0.000238513, 99999.9, -0.1775
0.3275, 1, 7.89235e-09, 100000, 0.1379, -0.000238513, 99999.9, -0.1725
0.3325, 1, 1.92731e-08, 100000, 0.1379, -0.000238513, 99999.9, -0.1675
0.3375, 1, 4.9719e-08, 100000, 0.1379, -0.000238513, 99999.9, -0.1625
0.3425, 1, 1.26365e-07, 100000, 0.1379, -0.000238513, 99999.9, -0.1575
0.3475, 1, 3.14363e-07, 100000, 0.1379, -0.000238513, 99999.9, -0.1525
0.3525, 1, 7.95419e-07, 100000, 0.1379, -0.000238513, 99999.9, -0.1475
0.3575, 1, 1.72112e-06, 100000, 0.1379, -0.000238513, 99999.9, -0.1425
0.3625, 1, 2.96202e-06, 100000, 0.1379, -0.000238513, 99999.9, -0.1375
0.3675, 1, 4.17851e-06, 100000, 0.1379, -0.000238513, 99999.9, -0.1325
0.3725, 1, 5.16333e-06, 100000, 0.1379, -0.000238513, 99999.9, -0.1275
0.3775, 1, 5.88814e-06, 100000, 0.1379, -0.000238513, 99999.9, -0.1225
0.3825, 1, 6.38379e-06, 100000, 0.1379, -0.000238513, 99999.9, -0.1175
0.3875, 1, 6.69619e-06, 100000, 0.1379, -0.000238513, 99999.9, -0.1125
0.3925, 1, 6.87442e-06, 100000, 0.1379, -0.000238513, 99999.9, -0.1075
0.3975, 1, 6.96276e-06, 100000, 0.1379, -0.000238513, 99999.9, -0.1025
0.4025, 1, 6.99653e-06, 100000, 0.1379, -0.000238513, 99999.9, -0.0975
0.4075, 1, 7.00314e-06, 100000, 0.1379, -0.000238513, 99999.9, -0.0925
0.4125, 1, 6.99495e-06, 100000, 0.1379, -0.000238513, 99999.9, -0.0875
0.4175, 1, 6.95855e-06, 100000, 0.1379, -0.000238513, 99999.9, -0.0825
0.4225, 1, 6.90883e-06, 100000, 0.1379, -0.000238513, 99999.9, -0.0775
0.4275, 1, 6.8704e-06, 100000, 0.1379, -0.000238513, 99999.9, -0.0725
0.4325, 1, 6.84675e-06, 100000, 0.1379, -0.000238513, 99999.9, -0.0675
0.4375, 1, 6.83385e-06, 100000, 0.1379, -0.000238513, 99999.9, -0.0625
0.4425, 1, 6.82811e-06, 100000, 0.1379, -0.000238513, 99999.9, -0.0575
0.4475, 1, 6.8265e-06, 100000, 0.1379, -0.000238513, 99999.9, -0.0525
0.4525, 1, 6.82673e-06, 100000, 0.1379, -0.000238513, 99999.9, -0.0475
0.4575, 1, 6.82942e-06, 100000, 0.1379, -0.000238513, 99999.9, -0.0425
0.4625, 1, 6.83485e-06, 100000, 0.1379, -0.000238513, 99999.9, -0.0375
0.4675, 1, 6.84076e-06, 100000, 0.1379, -0.000238513, 99999.9, -0.0325
0.4725, 1, 6.84485e-06, 100000, 0.1379, -0.000238513, 99999.9, -0.0275
0.4775, 1, 6.84517e-06, 100000, 0.1379, -0.000238513, 99999.9, -0.0225
0.4825, 1, 6.82173e-06, 100000, 0.1379, -0.000238513, 99999.9, -0.0175
0.4875, 1, 6.54677e-06, 100000, 0.1379, -0.000238513, 99999.9, -0.0125
0.4925, 1, 3.67521e-06, 100000, 0.1379, -0.000238513, 99999.9, -0.00749998
0.4975, 1, -4.90156e-05, 100000, 0.1379, -0.000391833, 99999.9, -0.00249998
0.5025, 1, -0.000171776, 99999.9, 0.1379, -0.000428011, 99999.9, 0.00250002
0.5075, 0.999999, -0.000238514, 99999.9, 0.1379, -0.00043016, 99999.9, 0.00750002
0.5125, 0.999999, -0.000238513, 99999.9, 0.1379, -0.000430162, 99999.9, 0.0125
0.5175, 0.999999, -0.000238513, 99999.9, 0.1379, -0.000430161, 99999.9, 0.0175
0.5225, 0.999999, -0.000238513, 99999.9, 0.1379, -0.000430161, 99999.9, 0.0225
0.5275, 0.999999, -0.000238513, 99999.9, 0.1379, -0.00043016, 99999.9, 0.0275
0.5325, 0.999999, -0.000238513, 99999.9, 0.1379, -0.000430159, 99999.9, 0.0325
0.5375, 0.999999, -0.000238513, 99999.9, 0.1379, -0.000430158, 99999.9, 0.0375
0.5425, 0.999999, -0.000238513, 99999.9, 0.1379, -0.000430157, 99999.9, 0.0425
0.5475, 0.999999, -0.000238513, 99999.9, 0.1379, -0.000430155, 99999.9, 0.0475
0.5525, 0.999999, -0.000238513, 99999.9, 0.1379, -0.000430154, 99999.9, 0.0525
0.5575, 0.999999, -0.000238513, 99999.9, 0.1379, -0.000430152, 99999.9, 0.0575
0.5625, 0.999999, -0.000238513, 99999.9, 0.1379, -0.000430151, 99999.9, 0.0625
0.5675, 0.999999, -0.000238513, 99999.9, 0.1379, -0.00043015, 99999.9, 0.0675
0.5725, 0.999999, -0.000238513, 99999.9, 0.1379, -0.000430149, 99999.9, 0.0725
0.5775, 0.999999, -0.000238513, 99999.9, 0.1379, -0.000430149, 99999.9, 0.0775
0.5825, 0.999999, -0.000238513, 99999.9, 0.1379, -0.000430148, 99999.9, 0.0825
0.5875, 0.999999, -0.000238513, 99999.9, 0.1379, -0.000430148, 99999.9, 0.0875
0.5925, 0.999999, -0.000238513, 99999.9, 0.1379, -0.000430148, 99999.9, 0.0925
0.5975, 0.999999, -0.000238513, 99999.9, 0.1379, -0.000430148, 99999.9, 0.0975
0.6025, 0.999999, -0.000238513, 99999.9, 0.1379, -0.000430149, 99999.9, 0.1025
0.6075, 0.999999, -0.000238513, 99999.9, 0.1379, -0.000430149, 99999.9, 0.1075
0.6125, 0.999999, -0.000238513, 99999.9, 0.1379, -0.00043015, 99999.9, 0.1125
0.6175, 0.999999, -0.000238513, 99999.9, 0.1379, -0.000430151, 99999.9, 0.1175
0.6225, 0.999999, -0.000238513, 99999.9, 0.1379, -0.000430152, 99999.9, 0.1225
0.6275, 0.999999, -0.000238513, 99999.9, 0.1379, -0.000430154, 99999.9, 0.1275
0.6325, 0.999999, -0.000238513, 99999.9, 0.1379, -0.000430157, 99999.9, 0.1325
0.6375, 0.999999, -0.000238513, 99999.9, 0.1379, -0.00043016, 99999.9, 0.1375
0.6425, 0.999999, -0.000238513, 99999.9, 0.1379, -0.000430164, 99999.9, 0.1425
0.6475, 0.999999, -0.000238513, 99999.9, 0.1379, -0.000430169, 99999.9, 0.1475
0.6525, 0.999999, -0.000238513, 99999.9, 0.1379, -0.000430174, 99999.9, 0.1525
0.6575, 0.999999, -0.000238513, 99999.9, 0.1379, -0.000430178, 99999.9, 0.1575
0.6625, 0.999999, -0.000238513, 99999.9, 0.1379, -0.000430182, 99999.9, 0.1625
0.6675, 0.999999, -0.000238513, 99999.9, 0.1379, -0.000430185, 99999.9, 0.1675
0.6725, 0.999999, -0.000238513, 99999.9, 0.1379, -0.000430187, 99999.9, 0.1725
0.6775, 0.999999, -0.000238513, 99999.9, 0.1379, -0.000430187, 99999.9, 0.1775
0.6825, 0.999999, -0.000238513, 99999.9, 0.1379, -0.000430187, 99999.9, 0.1825
0.6875, 0.999999, -0.000238513, 99999.9, 0.1379, -0.000430186, 99999.9, 0.1875
0.6925, 0.999999, -0.000238513, 99999.9, 0.1379, -0.000430182, 99999.9, 0.1925
0.6975, 0.999999, -0.000238513, 99999.9, 0.1379, -0.000430173, 99999.9, 0.1975
0.7025, 0.999999, -0.000238513, 99999.9, 0.1379, -0.000430162, 99999.9, 0.2025
0.7075, 0.999999, -0.000238513, 99999.9, 0.1379, -0.000430148, 99999.9, 0.2075
0.7125, 0.999999, -0.000238513, 99999.9, 0.1379, -0.00043013, 99999.9, 0.2125
0.7175, 0.999999, -0.000238513, 99999.9, 0.1379, -0.000430108, 99999.9, 0.2175
0.7225, 0.999999, -0.000238513, 99999.9, 0.1379, -0.000430084, 99999.9, 0.2225
0.7275, 0.999999, -0.000238513, 99999.9, 0.1379, -0.000430059, 99999.9, 0.2275
0.7325, 0.999999, -0.000238513, 99999.9, 0.1379, -0.000430036, 99999.9, 0.2325
0.7375, 0.999999, -0.000238513, 99999.9, 0.1379, -0.000430015, 99999.9, 0.2375
0.7425, 0.999999, -0.000238513, 99999.9, 0.1379, -0.000429994, 99999.9, 0.2425
0.7475, 0.999999, -0.000238513, 99999.9, 0.1379, -0.000429974, 99999.9, 0.2475
0.7525, 0.999999, -0.000238513, 99999.9, 0.1379, -0.000429951, 99999.9, 0.2525
0.7575, 0.999999, -0.000238513, 99999.9, 0.1379, -0.000429924, 99999.9, 0.2575
0.7625, 0.999999, -0.000238513, 99999.9, 0.1379, -0.000429891, 99999.9, 0.2625
0.7675, 0.999999, -0.000238513, 99999.9, 0.1379, -0.000429857, 99999.9, 0.2675
0.7725, 0.999999, -0.000238513, 99999.9, 0.1379, -0.000429828, 99999.9, 0.2725
0.7775, 0.999999, -0.000238513, 99999.9, 0.1379, -0.000429808, 99999.9, 0.2775
0.7825, 0.999999, -0.000238513, 99999.9, 0.1379, -0.000429797, 99999.9, 0.2825
0.7875, 0.999999, -0.000238513, 99999.9, 0.1379, -0.000429793, 99999.9, 0.2875
0.7925, 0.999999, -0.000238513, 99999.9, 0.1379, -0.000429794, 99999.9, 0.2925
0.7975, 0.999999, -0.000238513, 99999.9, 0.1379, -0.00042981, 99999.9, 0.2975
0.8025, 0.999999, -0.000238513, 99999.9, 0.1379, -0.00042987, 99999.9, 0.3025
0.8075, 0.999999, -0.000238513, 99999.9, 0.1379, -0.000429948, 99999.9, 0.3075
0.8125, 0.999999, -0.000238513, 99999.9, 0.1379, -0.000430009, 99999.9, 0.3125
0.8175, 0.999999, -0.000238513, 99999.9, 0.1379, -0.000430048, 99999.9, 0.3175
0.8225, 0.999999, -0.000238513, 99999.9, 0.1379, -0.000430068, 99999.9, 0.3225
0.8275, 0.999999, -0.000238513, 99999.9, 0.1379, -0.000430073, 99999.9, 0.3275
0.8325, 0.999999, -0.000238513, 99999.9, 0.1379, -0.00043007, 99999.9, 0.3325
0.8375, 0.999999, -0.000238513, 99999.9, 0.1379, -0.000430036, 99999.9, 0.3375
0.8425, 0.999999, -0.000238513, 99999.9, 0.1379, -0.000429902, 99999.9, 0.3425
0.8475, 0.999999, -0.000238513, 99999.9, 0.1379, -0.000429467, 99999.9, 0.3475
0.8525, 0.999999, -0.000238513, 99999.9, 0.1379, -0.000428165, 99999.9, 0.3525
0.8575, 0.999999, -0.000238513, 99999.9, 0.1379, -0.000424366, 99999.9, 0.3575
0.8625, 0.999999, -0.000238513, 99999.9, 0.1379, -0.00041279, 99999.9, 0.3625
0.8675, 0.999999, -0.000238513, 99999.9, 0.1379, -0.000375366, 99999.9, 0.3675
0.8725, 0.999999, -0.000238513, 99999.9, 0.1379, -0.000295193, 100000, 0.3725
0.8775, 0.999999, -0.000238513, 99999.9, 0.1379, -0.000205799, 100000, 0.3775
0.8825, 0.999999, -0.000238513, 99999.9, 0.1379, -0.000131771, 100000, 0.3825
0.8875, 0.999999, -0.000238513, 99999.9, 0.1379, -7.75131e-05, 100000, 0.3875
0.8925, 0.999999, -0.000238513, 99999.9, 0.1379, -4.18104e-05, 100000, 0.3925
0.8975, 0.999999, -0.000238513, 99999.9, 0.1379, -2.06324e-05, 100000, 0.3975
0.9025, 0.999999, -0.000238513, 99999.9, 0.1379, -9.2891e-06, 100000, 0.4025
0.9075, 0.999999, -0.000238513, 99999.9, 0.1379, -3.80283e-06, 100000, 0.4075
0.9125, 0.999999, -0.000238513, 99999.9, 0.1379, -1.40991e-06, 100000, 0.4125
0.9175, 0.999999, -0.000238513, 99999.9, 0.1379, -4.71078e-07, 100000, 0.4175
0.9225, 0.999999, -0.000238513, 99999.9, 0.1379, -1.40992e-07, 100000, 0.4225
0.9275, 0.999999, -0.000238513, 99999.9, 0.1379, -3.75215e-08, 100000, 0.4275
0.9325, 0.999999, -0.000238513, 99999.9, 0.1379, -8.79715e-09, 100000, 0.4325
0.9375, 0.999999, -0.000238513, 99999.9, 0.1379, -1.79593e-09, 100000, 0.4375
0.9425, 0.999999, -0.000238513, 99999.9, 0.1379, -3.14524e-10, 100000, 0.4425
0.9475, 0.999999, -0.000238513, 99999.9, 0.1379, -4.61813e-11, 100000, 0.4475
0.9525, 0.999999, -0.000238513, 99999.9, 0.1379, -5.60006e-12, 100000, 0.4525
0.9575, 0.999999, -0.000238513, 99999.9, 0.1379, -6.90418e-13, 100000, 0.4575
0.9625, 0.999999, -0.000238513, 99999.9, 0.1379, -1.53426e-13, 100000, 0.4625
0.9675, 0.999999, -0.000238513, 99999.9, 0.1379, -7.67131e-14, 100000, 0.4675
0.9725, 0.999999, -0.000238513, 99999.9, 0.1379, -2.30139e-13, 100000, 0.4725
0.9775, 0.999999, -0.000238513, 99999.9, 0.1379, 7.67131e-14, 100000, 0.4775
0.9825, 0.999999, -0.000238513, 99999.9, 0.1379, 0, 100000, 0.4825
0.9875, 0.999999, -0.000238513, 99999.9, 0.1379, 0, 100000, 0.4875
0.9925, 0.999999, -0.000238513, 99999.9, 0.1379, 0, 100000, 0.4925
0.9975, 0.999999, -0.000238513, 99999.9, 0.1379, 0, 100000, 0.4975
