0.0025, 1.33291, 111.806, 149990, 0.137986, 0.688489, 100104, -0.497507
0.0075, 1.33291, 111.805, 149990, 0.137986, 0.688489, 100104, -0.492913
0.0125, 1.33292, 111.803, 149991, 0.137986, 0.688489, 100104, -0.487913
0.0175, 1.33292, 111.801, 149992, 0.137986, 0.688489, 100104, -0.482913
0.0225, 1.33293, 111.799, 149993, 0.137986, 0.688489, 100104, -0.477913
0.0275, 1.33294, 111.798, 149994, 0.137986, 0.688489, 100104, -0.472913
0.0325, 1.33294, 111.796, 149995, 0.137986, 0.688489, 100104, -0.467913
0.0375, 1.33294, 111.795, 149995, 0.137986, 0.688489, 100104, -0.462913
0.0425, 1.33295, 111.795, 149996, 0.137986, 0.688489, 100104, -0.457913
0.0475, 1.33295, 111.795, 149996, 0.137986, 0.688489, 100104, -0.452913
0.0525, 1.33295, 111.795, 149996, 0.137986, 0.688489, 100104, -0.447913
0.0575, 1.33295, 111.795, 149995, 0.137986, 0.688489, 100104, -0.442913
0.0625, 1.33295, 111.797, 149994, 0.137986, 0.688489, 100104, -0.437913
0.0675, 1.33295, 111.799, 149994, 0.137986, 0.688489, 100104, -0.432913
0.0725, 1.33295, 111.8, 149993, 0.137986, 0.688489, 100104, -0.427913
0.0775, 1.33295, 111.801, 149993, 0.137986, 0.688489, 100104, -0.422913
0.0825, 1.33295, 111.801, 149992, 0.137986, 0.688489, 100104, -0.417913
0.0875, 1.33296, 111.801, 149992, 0.137986, 0.688489, 100104, -0.412913
0.0925, 1.33296, 111.801, 149992, 0.137986, 0.688489, 100104, -0.407913
0.0975, 1.33296, 111.8, 149993, 0.137986, 0.688489, 100104, -0.402913
0.1025, 1.33296, 111.799, 149993, 0.137986, 0.688489, 100104, -0.397913
0.1075, 1.33296, 111.798, 149994, 0.137986, 0.688489, 100104, -0.392913
0.1125, 1.33295, 111.796, 149995, 0.137986, 0.688489, 100104, -0.387913
0.1175, 1.33292, 111.795, 149996, 0.137986, 0.688489, 100104, -0.382913
0.1225, 1.33282, 111.793, 149997, 0.137986, 0.688489, 100104, -0.377913
0.1275, 1.33255, 111.792, 149997, 0.137986, 0.688489, 100104, -0.372913
0.1325, 1.33213, 111.792, 149997, 0.137986, 0.688489, 100104, -0.367913
0.1375, 1.33166, 111.792, 149997, 0.137986, 0.688489, 100104, -0.362913
0.1425, 1.33126, 111.793, 149996, 0.137986, 0.688489, 100104, -0.357913
0.1475, 1.33095, 111.795, 149995, 0.137986, 0.688489, 100104, -0.352913
0.1525, 1.33073, 111.796, 149994, 0.137986, 0.688489, 100104, -0.347913
0.1575, 1.33061, 111.798, 149994, 0.137986, 0.688489, 100104, -0.342913
0.1625, 1.33055, 111.8, 149993, 0.137986, 0.688489, 100104, -0.337913
0.1675, 1.33054, 111.8, 149993, 0.137986, 0.688489, 100104, -0.332913
0.1725, 1.33056, 111.801, 149992, 0.137986, 0.688489, 100104, -0.327913
0.1775, 1.33067, 111.801, 149992, 0.137986, 0.688489, 100104, -0.322913
0.1825, 1.33101, 111.801, 149993, 0.137986, 0.688489, 100104, -0.317913
0.1875, 1.33152, 111.8, 149993, 0.137986, 0.688489, 100104, -0.312913
0.1925, 1.33202, 111.8, 149993, 0.137986, 0.688489, 100104, -0.307913
0.1975, 1.33241, 111.799, 149994, 0.137986, 0.688489, 100104, -0.302913
0.2025, 1.3327, 111.799, 149994, 0.137986, 0.688489, 100104, -0.297913
0.2075, 1.3329, 111.798, 149994, 0.137986, 0.688489, 100104, -0.292913
0.2125, 1.33302, 111.796, 149995, 0.137986, 0.688489, 100104, -0.287913
0.2175, 1.33308, 111.794, 149996, 0.137986, 0.688489, 100104, -0.282913
0.2225, 1.33311, 111.793, 149997, 0.137986, 0.688489, 100104, -0.277913
0.2275, 1.33311, 111.791, 149998, 0.137986, 0.688489, 100104, -0.272913
0.2325, 1.33309, 111.79, 149998, 0.137986, 0.688489, 100104, -0.267913
0.2375, 1.33304, 111.789, 149998, 0.137986, 0.688489, 100104, -0.262913
0.2425, 1.33298, 111.79, 149998, 0.137986, 0.688489, 100104, -0.257913
0.2475, 1.33295, 111.791, 149998, 0.137986, 0.688489, 100104, -0.252913
0.2525, 1.33294, 111.792, 149997, 0.137986, 0.688489, 100104, -0.247913
0.2575, 1.33293, 111.794, 149995, 0.137986, 0.688489, 100104, -0.242913
0.2625, 1.33296, 111.796, 149994, 0.137986, 0.688489, 100104, -0.237913
0.2675, 1.33304, 111.798, 149994, 0.137986, 0.688489, 100104, -0.232913
0.2725, 1.33318, 111.799, 149994, 0.137986, 0.688489, 100104, -0.227913
0.2775, 1.33331, 111.799, 149994, 0.137986, 0.688489, 100104, -0.222913
0.2825, 1.33339, 111.799, 149994, 0.137986, 0.688489, 100104, -0.217913
0.2875, 1.33344, 111.798, 149994, 0.137986, 0.688489, 100104, -0.212913
0.2925, 1.33346, 111.798, 149994, 0.137986, 0.688489, 100104, -0.207913
0.2975, 1.33346, 111.798, 149994, 0.137986, 0.688489, 100104, -0.202913
0.3025, 1.33345, 111.798, 149994, 0.137986, 0.688489, 100104, -0.197913
0.3075, 1.33338, 111.798, 149994, 0.137986, 0.688489, 100104, -0.192913
0.3125, 1.33326, 111.798, 149994, 0.137986, 0.688489, 100104, -0.187913
0.3175, 1.33314, 111.798, 149994, 0.137986, 0.688489, 100104, -0.182913
0.3225, 1.33306, 111.797, 149995, 0.137986, 0.688489, 100104, -0.177913
0.3275, 1.33302, 111.796, 149995, 0.137986, 0.688489, 100104, -0.172913
0.3325, 1.33301, 111.794, 149995, 0.137986, 0.688489, 100104, -0.167913
0.3375, 1.33301, 111.793, 149996, 0.137986, 0.688489, 100104, -0.162913
0.3425, 1.33306, 111.791, 149997, 0.137986, 0.688489, 100104, -0.157913
0.3475, 1.33318, 111.791, 149998, 0.137986, 0.688489, 100104, -0.152913
0.3525, 1.33333, 111.791, 149997, 0.137986, 0.688489, 100104, -0.147913
0.3575, 1.33345, 111.792, 149997, 0.137986, 0.688489, 100104, -0.142913
0.3625, 1.33352, 111.793, 149997, 0.137986, 0.688489, 100104, -0.137913
0.3675, 1.33356, 111.796, 149996, 0.137986, 0.688489, 100104, -0.132913
0.3725, 1.33357, 111.798, 149995, 0.137986, 0.688489, 100104, -0.127913
0.3775, 1.33357, 111.799, 149994, 0.137986, 0.688489, 100104, -0.122913
0.3825, 1.33355, 111.798, 149994, 0.137986, 0.688489, 100104, -0.117913
0.3875, 1.33345, 111.797, 149994, 0.137986, 0.688489, 100104, -0.112913
0.3925, 1.33326, 111.796, 149995, 0.137986, 0.688489, 100104, -0.107913
0.3975, 1.33307, 111.795, 149995, 0.137986, 0.688489, 100104, -0.102913
0.4025, 1.33294, 111.796, 149995, 0.137986, 0.688489, 100104, -0.0979133
0.4075, 1.3329, 111.796, 149995, 0.137986, 0.688489, 100104, -0.0929133
0.4125, 1.3329, 111.797, 149995, 0.137986, 0.688489, 100104, -0.0879133
0.4175, 1.33297, 111.799, 149995, 0.137986, 0.688489, 100104, -0.0829133
0.4225, 1.33313, 111.798, 149995, 0.137986, 0.688489, 100104, -0.0779133
0.4275, 1.3333, 111.794, 149993, 0.137986, 0.688489, 100104, -0.0729133
0.4325, 1.3334, 111.784, 149985, 0.137986, 0.688489, 100104, -0.0679133
0.4375, 1.33343, 111.74, 149966, 0.137986, 0.688489, 100104, -0.062913
0.4425, 1.33307, 111.584, 149891, 0.137986, 0.688489, 100104, -0.0579122
0.4475, 1.33116, 111.047, 149609, 0.137986, 0.688489, 100104, -0.0529093
0.4525, 1.32465, 109.132, 148613, 0.137986, 0.688489, 100104, -0.0478975
0.4575, 1.29636, 100.785, 144248, 0.137986, 0.688489, 100104, -0.042853
0.4625, 1.22377, 78.5198, 133170, 0.137986, 0.688489, 100104, -0.0377583
0.4675, 1.13635, 49.4916, 119950, 0.137986, 0.688489, 100104, -0.0326571
0.4725, 1.07345, 27.1631, 110580, 0.137986, 0.688489, 100104, -0.0275868
0.4775, 1.03655, 13.6283, 105200, 0.137986, 0.688489, 100104, -0.0225464
0.4825, 1.01733, 6.4973, 102446, 0.137986, 0.688489, 100104, -0.0175257
0.4875, 1.00791, 3.02398, 101111, 0.137986, 0.688489, 100104, -0.0125158
0.4925, 1.00333, 1.40751, 100468, 0.137986, 0.688489, 100104, -0.00751127
0.4975, 1.00127, 0.779798, 100177, 0.137986, 0.687855, 100104, -0.0025095
0.5025, 1.00075, 0.674374, 100105, 0.137983, 0.664675, 100101, 0.00249082
0.5075, 1.00075, 0.688489, 100104, 0.13796, 0.481633, 100073, 0.00749134
0.5125, 1.00075, 0.688489, 100104, 0.137944, 0.348729, 100053, 0.0124917
0.5175, 1.00075, 0.688489, 100104, 0.137932, 0.252307, 100038, 0.017492
0.5225, 1.00075, 0.688489, 100104, 0.137923, 0.182401, 100028, 0.0224922
0.5275, 1.00075, 0.688489, 100104, 0.137917, 0.131748, 100020, 0.0274923
0.5325, 1.00075, 0.688489, 100104, 0.137912, 0.095068, 100014, 0.0324924
0.5375, 1.00075, 0.688489, 100104, 0.137909, 0.0685205, 100010, 0.0374925
0.5425, 1.00075, 0.688489, 100104, 0.137906, 0.0493181, 100007, 0.0424925
0.5475, 1.00075, 0.688489, 100104, 0.137904, 0.0354372, 100005, 0.0474926
0.5525, 1.00075, 0.688489, 100104, 0.137903, 0.02541, 100004, 0.0524926
0.5575, 1.00075, 0.688489, 100104, 0.137902, 0.0181722, 100003, 0.0574926
0.5625, 1.00075, 0.688489, 100104, 0.137902, 0.0129523, 100002, 0.0624927
0.5675, 1.00075, 0.688489, 100104, 0.137901, 0.00919143, 100001, 0.0674927
0.5725, 1.00075, 0.688489, 100104, 0.137901, 0.00648511, 100001, 0.0724927
0.5775, 1.00075, 0.688489, 100104, 0.137901, 0.0045404, 100001, 0.0774927
0.5825, 1.00075, 0.688489, 100104, 0.1379, 0.00314511, 100000, 0.0824927
0.5875, 1.00075, 0.688489, 100104, 0.1379, 0.00214528, 100000, 0.0874927
0.5925, 1.00075, 0.688489, 100104, 0.1379, 0.00142922, 100000, 0.0924927
0.5975, 1.00075, 0.688489, 100104, 0.1379, 0.000916065, 100000, 0.0974927
0.6025, 1.00075, 0.688489, 100104, 0.1379, 0.000547431, 100000, 0.102493
0.6075, 1.00075, 0.688489, 100104, 0.1379, 0.000281366, 100000, 0.107493
0.6125, 1.00075, 0.688489, 100104, 0.1379, 8.80369e-05, 100000, 0.112493
0.6175, 1.00075, 0.688489, 100104, 0.1379, -5.34248e-05, 100000, 0.117493
0.6225, 1.00075, 0.688489, 100104, 0.1379, -0.000157469, 100000, 0.122493
0.6275, 1.00075, 0.688489, 100104, 0.1379, -0.000234189, 100000, 0.127493
0.6325, 1.00075, 0.688489, 100104, 0.1379, -0.000290778, 100000, 0.132493
0.6375, 1.00075, 0.688489, 100104, 0.1379, -0.000332388, 99999.9, 0.137493
0.6425, 1.00075, 0.688489, 100104, 0.1379, -0.000362688, 99999.9, 0.142493
0.6475, 1.00075, 0.688489, 100104, 0.1379, -0.000384348, 99999.9, 0.147493
0.6525, 1.00075, 0.688489, 100104, 0.1379, -0.000399454, 99999.9, 0.152493
0.6575, 1.00075, 0.688489, 100104, 0.1379, -0.000409747, 99999.9, 0.157493
0.6625, 1.00075, 0.688489, 100104, 0.1379, -0.000416669, 99999.9, 0.162493
0.6675, 1.00075, 0.688489, 100104, 0.1379, -0.000421326, 99999.9, 0.167493
0.6725, 1.00075, 0.688489, 100104, 0.1379, -0.000424482, 99999.9, 0.172493
0.6775, 1.00075, 0.688489, 100104, 0.1379, -0.000426628, 99999.9, 0.177493
0.6825, 1.00075, 0.688489, 100104, 0.1379, -0.000428071, 99999.9, 0.182493
0.6875, 1.00075, 0.688489, 100104, 0.1379, -0.000429015, 99999.9, 0.187493
0.6925, 1.00075, 0.688489, 100104, 0.1379, -0.000429606, 99999.9, 0.192493
0.6975, 1.00075, 0.688489, 100104, 0.1379, -0.000429953, 99999.9, 0.197493
0.7025, 1.00075, 0.688489, 100104, 0.1379, -0.000430141, 99999.9, 0.202493
0.7075, 1.00075, 0.688489, 100104, 0.1379, -0.000430231, 99999.9, 0.207493
0.7125, 1.00075, 0.688489, 100104, 0.1379, -0.000430267, 99999.9, 0.212493
0.7175, 1.00075, 0.688489, 100104, 0.1379, -0.000430278, 99999.9, 0.217493
0.7225, 1.00075, 0.688489, 100104, 0.1379, -0.000430278, 99999.9, 0.222493
0.7275, 1.00075, 0.688489, 100104, 0.1379, -0.000430264, 99999.9, 0.227493
0.7325, 1.00075, 0.688489, 100104, 0.1379, -0.000430242, 99999.9, 0.232493
0.7375, 1.00075, 0.688489, 100104, 0.1379, -0.000430224, 99999.9, 0.237493
0.7425, 1.00075, 0.688489, 100104, 0.1379, -0.000430209, 99999.9, 0.242493
0.7475, 1.00075, 0.688489, 100104, 0.1379, -0.000430197, 99999.9, 0.247493
0.7525, 1.00075, 0.688489, 100104, 0.1379, -0.000430187, 99999.9, 0.252493
0.7575, 1.00075, 0.688489, 100104, 0.1379, -0.00043018, 99999.9, 0.257493
0.7625, 1.00075, 0.688489, 100104, 0.1379, -0.000430174, 99999.9, 0.262493
0.7675, 1.00075, 0.688489, 100104, 0.1379, -0.00043017, 99999.9, 0.267493
0.7725, 1.00075, 0.688489, 100104, 0.1379, -0.000430167, 99999.9, 0.272493
0.7775, 1.00075, 0.688489, 100104, 0.1379, -0.000430165, 99999.9, 0.277493
0.7825, 1.00075, 0.688489, 100104, 0.1379, -0.000430163, 99999.9, 0.282493
0.7875, 1.00075, 0.688489, 100104, 0.1379, -0.000430162, 99999.9, 0.287493
0.7925, 1.00075, 0.688489, 100104, 0.1379, -0.000430161, 99999.9, 0.292493
0.7975, 1.00075, 0.688489, 100104, 0.1379, -0.000430161, 99999.9, 0.297493
0.8025, 1.00075, 0.688489, 100104, 0.1379, -0.000430161, 99999.9, 0.302493
0.8075, 1.00075, 0.688489, 100104, 0.1379, -0.000430161, 99999.9, 0.307493
0.8125, 1.00075, 0.688489, 100104, 0.1379, -0.00043016, 99999.9, 0.312493
0.8175, 1.00075, 0.688489, 100104, 0.1379, -0.00043016, 99999.9, 0.317493
0.8225, 1.00075, 0.688489, 100104, 0.1379, -0.00043016, 99999.9, 0.322493
0.8275, 1.00075, 0.688489, 100104, 0.1379, -0.00043016, 99999.9, 0.327493
0.8325, 1.00075, 0.688489, 100104, 0.1379, -0.00043016, 99999.9, 0.332493
0.8375, 1.00075, 0.688489, 100104, 0.1379, -0.00043016, 99999.9, 0.337493
0.8425, 1.00075, 0.688489, 100104, 0.1379, -0.00043016, 99999.9, 0.342493
0.8475, 1.00075, 0.688489, 100104, 0.1379, -0.00043016, 99999.9, 0.347493
0.8525, 1.00075, 0.688489, 100104, 0.1379, -0.00043016, 99999.9, 0.352493
0.8575, 1.00075, 0.688489, 100104, 0.1379, -0.00043016, 99999.9, 0.357493
0.8625, 1.00075, 0.688489, 100104, 0.1379, -0.00043016, 99999.9, 0.362493
0.8675, 1.00075, 0.688489, 100104, 0.1379, -0.00043016, 99999.9, 0.367493
0.8725, 1.00075, 0.688489, 100104, 0.1379, -0.00043016, 99999.9, 0.372493
0.8775, 1.00075, 0.688489, 100104, 0.1379, -0.00043016, 99999.9, 0.377493
0.8825, 1.00075, 0.688489, 100104, 0.1379, -0.00043016, 99999.9, 0.382493
0.8875, 1.00075, 0.688489, 100104, 0.1379, -0.00043016, 99999.9, 0.387493
0.8925, 1.00075, 0.688489, 100104, 0.1379, -0.00043016, 99999.9, 0.392493
0.8975, 1.00075, 0.688489, 100104, 0.1379, -0.00043016, 99999.9, 0.397493
0.9025, 1.00075, 0.688489, 100104, 0.1379, -0.00043016, 99999.9, 0.402493
0.9075, 1.00075, 0.688489, 100104, 0.1379, -0.00043016, 99999.9, 0.407493
0.9125, 1.00075, 0.688489, 100104, 0.1379, -0.00043016, 99999.9, 0.412493
0.9175, 1.00075, 0.688489, 100104, 0.1379, -0.00043016, 99999.9, 0.417493
0.9225, 1.00075, 0.688489, 100104, 0.1379, -0.00043016, 99999.9, 0.422493
0.9275, 1.00075, 0.688489, 100104, 0.1379, -0.00043016, 99999.9, 0.427493
0.9325, 1.00075, 0.688489, 100104, 0.1379, -0.00043016, 99999.9, 0.432493
0.9375, 1.00075, 0.688489, 100104, 0.1379, -0.00043016, 99999.9, 0.437493
0.9425, 1.00075, 0.688489, 100104, 0.1379, -0.00043016, 99999.9, 0.442493
0.9475, 1.00075, 0.688489, 100104, 0.1379, -0.00043016, 99999.9, 0.447493
0.9525, 1.00075, 0.688489, 100104, 0.1379, -0.00043016, 99999.9, 0.452493
0.9575, 1.00075, 0.688489, 100104, 0.1379, -0.00043016, 99999.9, 0.457493
0.9625, 1.00075, 0.688489, 100104, 0.1379, -0.00043016, 99999.9, 0.462493
0.9675, 1.00075, 0.688489, 100104, 0.1379, -0.00043016, 99999.9, 0.467493
0.9725, 1.00075, 0.688489, 100104, 0.1379, -0.00043016, 99999.9, 0.472493
0.9775, 1.00075, 0.688489, 100104, 0.1379, -0.000430161, 99999.9, 0.477493
0.9825, 1.00075, 0.688489, 100104, 0.1379, -0.000430161, 99999.9, 0.482493
0.9875, 1.00075, 0.688489, 100104, 0.1379, -0.000430161, 99999.9, 0.487493
0.9925, 1.00075, 0.688489, 100104, 0.1379, -0.000430161, 99999.9, 0.492493
0.9975, 1.00075, 0.688489, 100104, 0.1379, -0.000430161, 99999.9, 0.497493
