0.0025, 1.3329, 111.807, 149989, 0.137902, 0.0133138, 100002, -0.4975
0.0075, 1.33291, 111.807, 149989, 0.137902, 0.0133138, 100002, -0.492906
0.0125, 1.33291, 111.807, 149989, 0.137902, 0.0133138, 100002, -0.487906
0.0175, 1.33291, 111.806, 149990, 0.137902, 0.0133138, 100002, -0.482906
0.0225, 1.33291, 111.805, 149990, 0.137902, 0.0133138, 100002, -0.477906
0.0275, 1.33292, 111.804, 149991, 0.137902, 0.0133138, 100002, -0.472906
0.0325, 1.33292, 111.802, 149992, 0.137902, 0.0133138, 100002, -0.467906
0.0375, 1.33293, 111.8, 149993, 0.137902, 0.0133138, 100002, -0.462906
0.0425, 1.33294, 111.798, 149994, 0.137902, 0.0133138, 100002, -0.457906
0.0475, 1.33294, 111.796, 149995, 0.137902, 0.0133138, 100002, -0.452906
0.0525, 1.33295, 111.795, 149995, 0.137902, 0.0133138, 100002, -0.447906
0.0575, 1.33296, 111.794, 149996, 0.137902, 0.0133138, 100002, -0.442906
0.0625, 1.33296, 111.794, 149996, 0.137902, 0.0133138, 100002, -0.437906
0.0675, 1.33297, 111.794, 149996, 0.137902, 0.0133138, 100002, -0.432906
0.0725, 1.33297, 111.795, 149995, 0.137902, 0.0133138, 100002, -0.427906
0.0775, 1.33297, 111.797, 149995, 0.137902, 0.0133138, 100002, -0.422906
0.0825, 1.33297, 111.798, 149994, 0.137902, 0.0133138, 100002, -0.417906
0.0875, 1.33296, 111.8, 149993, 0.137902, 0.0133138, 100002, -0.412906
0.0925, 1.33296, 111.801, 149992, 0.137902, 0.0133138, 100002, -0.407906
0.0975, 1.33296, 111.801, 149992, 0.137902, 0.0133138, 100002, -0.402906
0.1025, 1.33296, 111.801, 149992, 0.137902, 0.0133138, 100002, -0.397906
0.1075, 1.33294, 111.801, 149992, 0.137902, 0.0133138, 100002, -0.392906
0.1125, 1.3329, 111.8, 149993, 0.137902, 0.0133138, 100002, -0.387906
0.1175, 1.33278, 111.799, 149993, 0.137902, 0.0133138, 100002, -0.382906
0.1225, 1.3325, 111.797, 149994, 0.137902, 0.0133138, 100002, -0.377906
0.1275, 1.33206, 111.796, 149995, 0.137902, 0.0133138, 100002, -0.372906
0.1325, 1.33159, 111.795, 149995, 0.137902, 0.0133138, 100002, -0.367906
0.1375, 1.33119, 111.794, 149996, 0.137902, 0.0133138, 100002, -0.362906
0.1425, 1.33089, 111.793, 149997, 0.137902, 0.0133138, 100002, -0.357906
0.1475, 1.33068, 111.793, 149997, 0.137902, 0.0133138, 100002, -0.352906
0.1525, 1.33056, 111.793, 149997, 0.137902, 0.0133138, 100002, -0.347906
0.1575, 1.33051, 111.794, 149997, 0.137902, 0.0133138, 100002, -0.342906
0.1625, 1.3305, 111.795, 149996, 0.137902, 0.0133138, 100002, -0.337906
0.1675, 1.33052, 111.796, 149995, 0.137902, 0.0133138, 100002, -0.332906
0.1725, 1.33068, 111.798, 149994, 0.137902, 0.0133138, 100002, -0.327906
0.1775, 1.33108, 111.801, 149993, 0.137902, 0.0133138, 100002, -0.322906
0.1825, 1.33162, 111.801, 149993, 0.137902, 0.0133138, 100002, -0.317906
0.1875, 1.33212, 111.801, 149992, 0.137902, 0.0133138, 100002, -0.312906
0.1925, 1.3325, 111.801, 149992, 0.137902, 0.0133138, 100002, -0.307906
0.1975, 1.33278, 111.8, 149993, 0.137902, 0.0133138, 100002, -0.302906
0.2025, 1.33296, 111.8, 149993, 0.137902, 0.0133138, 100002, -0.297906
0.2075, 1.33306, 111.799, 149993, 0.137902, 0.0133138, 100002, -0.292906
0.2125, 1.33311, 111.798, 149993, 0.137902, 0.0133138, 100002, -0.287906
0.2175, 1.33313, 111.798, 149994, 0.137902, 0.0133138, 100002, -0.282906
0.2225, 1.33312, 111.798, 149994, 0.137902, 0.0133138, 100002, -0.277906
0.2275, 1.33307, 111.797, 149994, 0.137902, 0.0133138, 100002, -0.272906
0.2325, 1.333, 111.795, 149995, 0.137902, 0.0133138, 100002, -0.267906
0.2375, 1.33295, 111.793, 149996, 0.137902, 0.0133138, 100002, -0.262906
0.2425, 1.33293, 111.791, 149997, 0.137902, 0.0133138, 100002, -0.257906
0.2475, 1.33292, 111.789, 149998, 0.137902, 0.0133138, 100002, -0.252906
0.2525, 1.33292, 111.789, 149999, 0.137902, 0.0133138, 100002, -0.247906
0.2575, 1.33297, 111.789, 149999, 0.137902, 0.0133138, 100002, -0.242906
0.2625, 1.3331, 111.79, 149998, 0.137902, 0.0133138, 100002, -0.237906
0.2675, 1.33324, 111.793, 149997, 0.137902, 0.0133138, 100002, -0.232906
0.2725, 1.33335, 111.795, 149996, 0.137902, 0.0133138, 100002, -0.227906
0.2775, 1.33342, 111.797, 149995, 0.137902, 0.0133138, 100002, -0.222906
0.2825, 1.33347, 111.799, 149994, 0.137902, 0.0133138, 100002, -0.217906
0.2875, 1.33349, 111.799, 149994, 0.137902, 0.0133138, 100002, -0.212906
0.2925, 1.33349, 111.799, 149994, 0.137902, 0.0133138, 100002, -0.207906
0.2975, 1.33347, 111.799, 149994, 0.137902, 0.0133138, 100002, -0.202906
0.3025, 1.33338, 111.798, 149994, 0.137902, 0.0133138, 100002, -0.197906
0.3075, 1.33324, 111.797, 149994, 0.137902, 0.0133138, 100002, -0.192906
0.3125, 1.3331, 111.797, 149994, 0.137902, 0.0133138, 100002, -0.187906
0.3175, 1.33302, 111.797, 149994, 0.137902, 0.0133138, 100002, -0.182906
0.3225, 1.33298, 111.797, 149994, 0.137902, 0.0133138, 100002, -0.177906
0.3275, 1.33296, 111.798, 149994, 0.137902, 0.0133138, 100002, -0.172906
0.3325, 1.33297, 111.798, 149994, 0.137902, 0.0133138, 100002, -0.167906
0.3375, 1.33303, 111.798, 149994, 0.137902, 0.0133138, 100002, -0.162906
0.3425, 1.33318, 111.797, 149995, 0.137902, 0.0133138, 100002, -0.157906
0.3475, 1.33335, 111.795, 149996, 0.137902, 0.0133138, 100002, -0.152906
0.3525, 1.33349, 111.793, 149997, 0.137902, 0.0133138, 100002, -0.147906
0.3575, 1.33356, 111.792, 149997, 0.137902, 0.0133138, 100002, -0.142906
0.3625, 1.3336, 111.791, 149998, 0.137902, 0.0133138, 100002, -0.137906
0.3675, 1.33361, 111.791, 149997, 0.137902, 0.0133138, 100002, -0.132906
0.3725, 1.33361, 111.791, 149997, 0.137902, 0.0133138, 100002, -0.127906
0.3775, 1.33358, 111.792, 149997, 0.137902, 0.0133138, 100002, -0.122906
0.3825, 1.33348, 111.794, 149996, 0.137902, 0.0133138, 100002, -0.117906
0.3875, 1.33327, 111.797, 149995, 0.137902, 0.0133138, 100002, -0.112906
0.3925, 1.33304, 111.8, 149995, 0.137902, 0.0133138, 100002, -0.107906
0.3975, 1.33286, 111.801, 149995, 0.137902, 0.0133138, 100002, -0.102906
0.4025, 1.33277, 111.798, 149995, 0.137902, 0.0133138, 100002, -0.0979065
0.4075, 1.33276, 111.788, 149989, 0.137902, 0.0133138, 100002, -0.0929064
0.4125, 1.33279, 111.751, 149969, 0.137902, 0.0133138, 100002, -0.0879062
0.4175, 1.33269, 111.619, 149900, 0.137902, 0.0133138, 100002, -0.0829055
0.4225, 1.33152, 111.152, 149654, 0.137902, 0.0133138, 100002, -0.077903
0.4275, 1.32631, 109.549, 148813, 0.137902, 0.0133138, 100002, -0.0728932
0.4325, 1.30211, 102.449, 145101, 0.137902, 0.0133138, 100002, -0.0678544
0.4375, 1.23521, 82.0704, 134893, 0.137902, 0.0133138, 100002, -0.0627648
0.4425, 1.1465, 52.9094, 121452, 0.137902, 0.0133138, 100002, -0.0576613
0.4475, 1.07979, 29.4618, 111515, 0.137902, 0.0133138, 100002, -0.0525866
0.4525, 1.03999, 14.8988, 105697, 0.137902, 0.0133138, 100002, -0.0475429
0.4575, 1.01905, 7.11847, 102691, 0.137902, 0.0133138, 100002, -0.0425203
0.4625, 1.00882, 3.29986, 101241, 0.137902, 0.0133138, 100002, -0.0375094
0.4675, 1.00403, 1.50648, 100565, 0.137902, 0.0133138, 100002, -0.0325043
0.4725, 1.00182, 0.682249, 100256, 0.137902, 0.0133138, 100002, -0.027502
0.4775, 1.00082, 0.307564, 100115, 0.137902, 0.0133138, 100002, -0.022501
0.4825, 1.00037, 0.138356, 100052, 0.137902, 0.0133138, 100002, -0.0175005
0.4875, 1.00016, 0.0622612, 100023, 0.137902, 0.0133138, 100002, -0.0125003
0.4925, 1.00007, 0.0283183, 100009, 0.137902, 0.0133138, 100002, -0.00750018
0.4975, 1.00002, 0.0153771, 100003, 0.137902, 0.0131506, 100002, -0.00250014
0.5025, 1.00001, 0.0131027, 100002, 0.137902, 0.0126472, 100002, 0.00249987
0.5075, 1.00001, 0.0133138, 100002, 0.137901, 0.00896925, 100001, 0.00749988
0.5125, 1.00001, 0.0133138, 100002, 0.137901, 0.00632425, 100001, 0.0124999
0.5175, 1.00001, 0.0133138, 100002, 0.137901, 0.00442365, 100001, 0.0174999
0.5225, 1.00001, 0.0133138, 100002, 0.1379, 0.0030602, 100000, 0.0224999
0.5275, 1.00001, 0.0133138, 100002, 0.1379, 0.0020838, 100000, 0.0274999
0.5325, 1.00001, 0.0133138, 100002, 0.1379, 0.00138507, 100000, 0.0324999
0.5375, 1.00001, 0.0133138, 100002, 0.1379, 0.000884355, 100000, 0.0374999
0.5425, 1.00001, 0.0133138, 100002, 0.1379, 0.00052473, 100000, 0.0424999
0.5475, 1.00001, 0.0133138, 100002, 0.1379, 0.000265612, 100000, 0.0474999
0.5525, 1.00001, 0.0133138, 100002, 0.1379, 7.73863e-05, 100000, 0.0524999
0.5575, 1.00001, 0.0133138, 100002, 0.1379, -6.08239e-05, 100000, 0.0574999
0.5625, 1.00001, 0.0133138, 100002, 0.1379, -0.000162865, 100000, 0.0624999
0.5675, 1.00001, 0.0133138, 100002, 0.1379, -0.00023813, 100000, 0.0674999
0.5725, 1.00001, 0.0133138, 100002, 0.1379, -0.000293549, 100000, 0.0724999
0.5775, 1.00001, 0.0133138, 100002, 0.1379, -0.000334341, 99999.9, 0.0774999
0.5825, 1.00001, 0.0133138, 100002, 0.1379, -0.000364227, 99999.9, 0.0824999
0.5875, 1.00001, 0.0133138, 100002, 0.1379, -0.000385714, 99999.9, 0.0874999
0.5925, 1.00001, 0.0133138, 100002, 0.1379, -0.000400636, 99999.9, 0.0924999
0.5975, 1.00001, 0.0133138, 100002, 0.1379, -0.000410641, 99999.9, 0.0974999
0.6025, 1.00001, 0.0133138, 100002, 0.1379, -0.000417254, 99999.9, 0.1025
0.6075, 1.00001, 0.0133138, 100002, 0.1379, -0.000421678, 99999.9, 0.1075
0.6125, 1.00001, 0.0133138, 100002, 0.1379, -0.0004247, 99999.9, 0.1125
0.6175, 1.00001, 0.0133138, 100002, 0.1379, -0.000426776, 99999.9, 0.1175
0.6225, 1.00001, 0.0133138, 100002, 0.1379, -0.000428181, 99999.9, 0.1225
0.6275, 1.00001, 0.0133138, 100002, 0.1379, -0.0004291, 99999.9, 0.1275
0.6325, 1.00001, 0.0133138, 100002, 0.1379, -0.000429672, 99999.9, 0.1325
0.6375, 1.00001, 0.0133138, 100002, 0.1379, -0.000430003, 99999.9, 0.1375
0.6425, 1.00001, 0.0133138, 100002, 0.1379, -0.000430175, 99999.9, 0.1425
0.6475, 1.00001, 0.0133138, 100002, 0.1379, -0.000430252, 99999.9, 0.1475
0.6525, 1.00001, 0.0133138, 100002, 0.1379, -0.000430279, 99999.9, 0.1525
0.6575, 1.00001, 0.0133138, 100002, 0.1379, -0.000430285, 99999.9, 0.1575
0.6625, 1.00001, 0.0133138, 100002, 0.1379, -0.000430281, 99999.9, 0.1625
0.6675, 1.00001, 0.0133138, 100002, 0.1379, -0.000430262, 99999.9, 0.1675
0.6725, 1.00001, 0.0133138, 100002, 0.1379, -0.000430241, 99999.9, 0.1725
0.6775, 1.00001, 0.0133138, 100002, 0.1379, -0.000430224, 99999.9, 0.1775
0.6825, 1.00001, 0.0133138, 100002, 0.1379, -0.000430209, 99999.9, 0.1825
0.6875, 1.00001, 0.0133138, 100002, 0.1379, -0.000430197, 99999.9, 0.1875
0.6925, 1.00001, 0.0133138, 100002, 0.1379, -0.000430187, 99999.9, 0.1925
0.6975, 1.00001, 0.0133138, 100002, 0.1379, -0.00043018, 99999.9, 0.1975
0.7025, 1.00001, 0.0133138, 100002, 0.1379, -0.000430174, 99999.9, 0.2025
0.7075, 1.00001, 0.0133138, 100002, 0.1379, -0.00043017, 99999.9, 0.2075
0.7125, 1.00001, 0.0133138, 100002, 0.1379, -0.000430167, 99999.9, 0.2125
0.7175, 1.00001, 0.0133138, 100002, 0.1379, -0.000430165, 99999.9, 0.2175
0.7225, 1.00001, 0.0133138, 100002, 0.1379, -0.000430163, 99999.9, 0.2225
0.7275, 1.00001, 0.0133138, 100002, 0.1379, -0.000430162, 99999.9, 0.2275
0.7325, 1.00001, 0.0133138, 100002, 0.1379, -0.000430161, 99999.9, 0.2325
0.7375, 1.00001, 0.0133138, 100002, 0.1379, -0.000430161, 99999.9, 0.2375
0.7425, 1.00001, 0.0133138, 100002, 0.1379, -0.000430161, 99999.9, 0.2425
0.7475, 1.00001, 0.0133138, 100002, 0.1379, -0.00043016, 99999.9, 0.2475
0.7525, 1.00001, 0.0133138, 100002, 0.1379, -0.00043016, 99999.9, 0.2525
0.7575, 1.00001, 0.0133138, 100002, 0.1379, -0.00043016, 99999.9, 0.2575
0.7625, 1.00001, 0.0133138, 100002, 0.1379, -0.00043016, 99999.9, 0.2625
0.7675, 1.00001, 0.0133138, 100002, 0.1379, -0.00043016, 99999.9, 0.2675
0.7725, 1.00001, 0.0133138, 100002, 0.1379, -0.00043016, 99999.9, 0.2725
0.7775, 1.00001, 0.0133138, 100002, 0.1379, -0.00043016, 99999.9, 0.2775
0.7825, 1.00001, 0.0133138, 100002, 0.1379, -0.00043016, 99999.9, 0.2825
0.7875, 1.00001, 0.0133138, 100002, 0.1379, -0.00043016, 99999.9, 0.2875
0.7925, 1.00001, 0.0133138, 100002, 0.1379, -0.00043016, 99999.9, 0.2925
0.7975, 1.00001, 0.0133138, 100002, 0.1379, -0.00043016, 99999.9, 0.2975
0.8025, 1.00001, 0.0133138, 100002, 0.1379, -0.00043016, 99999.9, 0.3025
0.8075, 1.00001, 0.0133138, 100002, 0.1379, -0.00043016, 99999.9, 0.3075
0.8125, 1.00001, 0.0133138, 100002, 0.1379, -0.00043016, 99999.9, 0.3125
0.8175, 1.00001, 0.0133138, 100002, 0.1379, -0.00043016, 99999.9, 0.3175
0.8225, 1.00001, 0.0133138, 100002, 0.1379, -0.00043016, 99999.9, 0.3225
0.8275, 1.00001, 0.0133138, 100002, 0.1379, -0.00043016, 99999.9, 0.3275
0.8325, 1.00001, 0.0133138, 100002, 0.1379, -0.00043016, 99999.9, 0.3325
0.8375, 1.00001, 0.0133138, 100002, 0.1379, -0.00043016, 99999.9, 0.3375
0.8425, 1.00001, 0.0133138, 100002, 0.1379, -0.00043016, 99999.9, 0.3425
0.8475, 1.00001, 0.0133138, 100002, 0.1379, -0.00043016, 99999.9, 0.3475
0.8525, 1.00001, 0.0133138, 100002, 0.1379, -0.00043016, 99999.9, 0.3525
0.8575, 1.00001, 0.0133138, 100002, 0.1379, -0.00043016, 99999.9, 0.3575
0.8625, 1.00001, 0.0133138, 100002, 0.1379, -0.00043016, 99999.9, 0.3625
0.8675, 1.00001, 0.0133138, 100002, 0.1379, -0.00043016, 99999.9, 0.3675
0.8725, 1.00001, 0.0133138, 100002, 0.1379, -0.00043016, 99999.9, 0.3725
0.8775, 1.00001, 0.0133138, 100002, 0.1379, -0.00043016, 99999.9, 0.3775
0.8825, 1.00001, 0.0133138, 100002, 0.1379, -0.00043016, 99999.9, 0.3825
0.8875, 1.00001, 0.0133138, 100002, 0.1379, -0.00043016, 99999.9, 0.3875
0.8925, 1.00001, 0.0133138, 100002, 0.1379, -0.00043016, 99999.9, 0.3925
0.8975, 1.00001, 0.0133138, 100002, 0.1379, -0.00043016, 99999.9, 0.3975
0.9025, 1.00001, 0.0133138, 100002, 0.1379, -0.00043016, 99999.9, 0.4025
0.9075, 1.00001, 0.0133138, 100002, 0.1379, -0.00043016, 99999.9, 0.4075
0.9125, 1.00001, 0.0133138, 100002, 0.1379, -0.00043016, 99999.9, 0.4125
0.9175, 1.00001, 0.0133138, 100002, 0.1379, -0.000430161, 99999.9, 0.4175
0.9225, 1.00001, 0.0133138, 100002, 0.1379, -0.000430161, 99999.9, 0.4225
0.9275, 1.00001, 0.0133138, 100002, 0.1379, -0.000430161, 99999.9, 0.4275
0.9325, 1.00001, 0.0133138, 100002, 0.1379, -0.000430161, 99999.9, 0.4325
0.9375, 1.00001, 0.0133138, 100002, 0.1379, -0.000430161, 99999.9, 0.4375
0.9425, 1.00001, 0.0133138, 100002, 0.1379, -0.000430161, 99999.9, 0.4425
0.9475, 1.00001, 0.0133138, 100002, 0.1379, -0.000430161, 99999.9, 0.4475
0.9525, 1.00001, 0.0133138, 100002, 0.1379, -0.000430161, 99999.9, 0.4525
0.9575, 1.00001, 0.0133138, 100002, 0.1379, -0.00043016, 99999.9, 0.4575
0.9625, 1.00001, 0.0133138, 100002, 0.1379, -0.00043016, 99999.9, 0.4625
0.9675, 1.00001, 0.0133138, 100002, 0.1379, -0.00043016, 99999.9, 0.4675
0.9725, 1.00001, 0.0133138, 100002, 0.1379, -0.00043016, 99999.9, 0.4725
0.9775, 1.00001, 0.0133138, 100002, 0.1379, -0.00043016, 99999.9, 0.4775
0.9825, 1.00001, 0.0133138, 100002, 0.1379, -0.00043016, 99999.9, 0.4825
0.9875, 1.00001, 0.0133138, 100002, 0.1379, -0.000430159, 99999.9, 0.4875
0.9925, 1.00001, 0.0133138, 100002, 0.1379, -0.000430159, 99999.9, 0.4925
0.9975, 1.00001, 0.0133138, 100002, 0.1379, -0.000430159, 99999.9, 0.4975
