0.0025, 1.33269, 111.875, 149953, 0.1379, -0.000238513, 99999.9, -0.4975
0.0075, 1.33271, 111.867, 149957, 0.1379, -0.000238513, 99999.9, -0.492907
0.0125, 1.33274, 111.859, 149962, 0.1379, -0.000238513, 99999.9, -0.487907
0.0175, 1.33277, 111.853, 149965, 0.1379, -0.000238513, 99999.9, -0.482907
0.0225, 1.3328, 111.847, 149968, 0.1379, -0.000238513, 99999.9, -0.477907
0.0275, 1.33283, 111.84, 149972, 0.1379, -0.000238513, 99999.9, -0.472907
0.0325, 1.33287, 111.832, 149976, 0.1379, -0.000238513, 99999.9, -0.467906
0.0375, 1.3329, 111.826, 149979, 0.1379, -0.000238513, 99999.9, -0.462906
0.0425, 1.3329, 111.822, 149981, 0.1379, -0.000238513, 99999.9, -0.457906
0.0475, 1.3329, 111.82, 149982, 0.1379, -0.000238513, 99999.9, -0.452906
0.0525, 1.3329, 111.819, 149983, 0.1379, -0.000238513, 99999.9, -0.447906
0.0575, 1.33288, 111.819, 149983, 0.1379, -0.000238513, 99999.9, -0.442906
0.0625, 1.33282, 111.82, 149982, 0.1379, -0.000238513, 99999.9, -0.437906
0.0675, 1.3327, 111.821, 149982, 0.1379, -0.000238513, 99999.9, -0.432906
0.0725, 1.33234, 111.821, 149982, 0.1379, -0.000238513, 99999.9, -0.427906
0.0775, 1.33164, 111.82, 149983, 0.1379, -0.000238513, 99999.9, -0.422906
0.0825, 1.3308, 111.818, 149984, 0.1379, -0.000238513, 99999.9, -0.417906
0.0875, 1.3301, 111.816, 149986, 0.1379, -0.000238513, 99999.9, -0.412906
0.0925, 1.32967, 111.812, 149987, 0.1379, -0.000238513, 99999.9, -0.407906
0.0975, 1.32946, 111.808, 149989, 0.1379, -0.000238513, 99999.9, -0.402906
0.1025, 1.3294, 111.805, 149990, 0.1379, -0.000238513, 99999.9, -0.397906
0.1075, 1.32944, 111.802, 149991, 0.1379, -0.000238513, 99999.9, -0.392906
0.1125, 1.3298, 111.8, 149993, 0.1379, -0.000238513, 99999.9, -0.387906
0.1175, 1.33063, 111.8, 149991, 0.1379, -0.000238513, 99999.9, -0.382906
0.1225, 1.3316, 111.802, 149990, 0.1379, -0.000238513, 99999.9, -0.377906
0.1275, 1.33238, 111.805, 149989, 0.1379, -0.000238513, 99999.9, -0.372906
0.1325, 1.33293, 111.808, 149988, 0.1379, -0.000238513, 99999.9, -0.367906
0.1375, 1.33328, 111.811, 149988, 0.1379, -0.000238513, 99999.9, -0.362906
0.1425, 1.33349, 111.813, 149989, 0.1379, -0.000238513, 99999.9, -0.357906
0.1475, 1.33359, 111.815, 149990, 0.1379, -0.000238513, 99999.9, -0.352906
0.1525, 1.33363, 111.814, 149991, 0.1379, -0.000238513, 99999.9, -0.347906
0.1575, 1.33363, 111.812, 149992, 0.1379, -0.000238513, 99999.9, -0.342906
0.1625, 1.33357, 111.806, 149993, 0.1379, -0.000238513, 99999.9, -0.337906
0.1675, 1.33334, 111.793, 149988, 0.1379, -0.000238513, 99999.9, -0.332906
0.1725, 1.33278, 111.756, 149966, 0.1379, -0.000238513, 99999.9, -0.327906
0.1775, 1.33168, 111.618, 149889, 0.1379, -0.000238513, 99999.9, -0.322905
0.1825, 1.32966, 111.113, 149625, 0.1379, -0.000238513, 99999.9, -0.317903
0.1875, 1.3243, 109.345, 148703, 0.1379, -0.000238513, 99999.9, -0.312892
0.1925, 1.29873, 101.406, 144574, 0.1379, -0.000238513, 99999.9, -0.307849
0.1975, 1.22734, 79.4792, 133632, 0.1379, -0.000238513, 99999.9, -0.302754
0.2025, 1.13757, 49.9131, 120129, 0.1379, -0.000238513, 99999.9, -0.297651
0.2075, 1.07289, 26.9846, 110505, 0.1379, -0.000238513, 99999.9, -0.292578
0.2125, 1.03531, 13.1772, 105025, 0.1379, -0.000238513, 99999.9, -0.287537
0.2175, 1.01612, 6.03076, 102276, 0.1379, -0.000238513, 99999.9, -0.282517
0.2225, 1.00708, 2.64807, 100995, 0.1379, -0.000238513, 99999.9, -0.277507
0.2275, 1.00302, 1.12894, 100423, 0.1379, -0.000238513, 99999.9, -0.272503
0.2325, 1.00125, 0.469471, 100176, 0.1379, -0.000238513, 99999.9, -0.267501
0.2375, 1.00051, 0.19063, 100071, 0.1379, -0.000238513, 99999.9, -0.2625
0.2425, 1.0002, 0.0755412, 100028, 0.1379, -0.000238513, 99999.9, -0.2575
0.2475, 1.00008, 0.0291805, 100011, 0.1379, -0.000238513, 99999.9, -0.2525
0.2525, 1.00003, 0.0109741, 100004, 0.1379, -0.000238513, 99999.9, -0.2475
0.2575, 1.00001, 0.00401315, 100002, 0.1379, -0.000238513, 99999.9, -0.2425
0.2625, 1, 0.00142546, 100001, 0.1379, -0.000238513, 99999.9, -0.2375
0.2675, 1, 0.000491293, 100000, 0.1379, -0.000238513, 99999.9, -0.2325
0.2725, 1, 0.000164157, 100000, 0.1379, -0.000238513, 99999.9, -0.2275
0.2775, 1, 5.31323e-05, 100000, 0.1379, -0.000238513, 99999.9, -0.2225
0.2825, 1, 1.66465e-05, 100000, 0.1379, -0.000238513, 99999.9, -0.2175
0.2875, 1, 5.045e-06, 100000, 0.1379, -0.000238513, 99999.9, -0.2125
0.2925, 1, 1.47807e-06, 100000, 0.1379, -0.000238513, 99999.9, -0.2075
0.2975, 1, 4.1837e-07, 100000, 0.1379, -0.000238513, 99999.9, -0.2025
0.3025, 1, 1.14334e-07, 100000, 0.1379, -0.000238513, 99999.9, -0.1975
0.3075, 1, 3.01817e-08, 100000, 0.1379, -0.000238513, 99999.9, -0.1925
0.3125, 1, 7.90261e-09, 100000, 0.1379, -0.000238513, 99999.9, -0.1875
0.3175, 1, 2.73471e-09, 100000, 0.1379, -0.000238513, 99999.9, -0.1825
0.3225, 1, 2.30784e-09, 100000, 0.1379, -0.000238513, 99999.9, -0.1775
0.3275, 1, 4.34823e-09, 100000, 0.1379, -0.000238513, 99999.9, -0.1725
0.3325, 1, 1.11859e-08, 100000, 0.1379, -0.000238513, 99999.9, -0.1675
0.3375, 1, 2.91811e-08, 100000, 0.1379, -0.000238513, 99999.9, -0.1625
0.3425, 1, 7.4549e-08, 100000, 0.1379, -0.000238513, 99999.9, -0.1575
0.3475, 1, 1.88236e-07, 100000, 0.1379, -0.000238513, 99999.9, -0.1525
0.3525, 1, 4.69393e-07, 100000, 0.1379, -0.000238513, 99999.9, -0.1475
0.3575, 1, 1.14859e-06, 100000, 0.1379, -0.000238513, 99999.9, -0.1425
0.3625, 1, 2.25232e-06, 100000, 0.1379, -0.000238513, 99999.9, -0.1375
0.3675, 1, 3.53017e-06, 100000, 0.1379, -0.000238513, 99999.9, -0.1325
0.3725, 1, 4.66372e-06, 100000, 0.1379, -0.000238513, 99999.9, -0.1275
0.3775, 1, 5.53267e-06, 100000, 0.1379, -0.000238513, 99999.9, -0.1225
0.3825, 1, 6.15043e-06, 100000, 0.1379, -0.000238513, 99999.9, -0.1175
0.3875, 1, 6.55625e-06, 100000, 0.1379, -0.000238513, 99999.9, -0.1125
0.3925, 1, 6.80008e-06, 100000, 0.1379, -0.000238513, 99999.9, -0.1075
0.3975, 1, 6.93036e-06, 100000, 0.1379, -0.000238513, 99999.9, -0.1025
0.4025, 1, 6.98822e-06, 100000, 0.1379, -0.000238513, 99999.9, -0.0975
0.4075, 1, 7.00556e-06, 100000, 0.1379, -0.000238513, 99999.9, -0.0925
0.4125, 1, 7.00496e-06, 100000, 0.1379, -0.000238513, 99999.9, -0.0875
0.4175, 1, 6.98283e-06, 100000, 0.1379, -0.000238513, 99999.9, -0.0825
0.4225, 1, 6.93528e-06, 100000, 0.1379, -0.000238513, 99999.9, -0.0775
0.4275, 1, 6.88848e-06, 100000, 0.1379, -0.000238513, 99999.9, -0.0725
0.4325, 1, 6.85722e-06, 100000, 0.1379, -0.000238513, 99999.9, -0.0675
0.4375, 1, 6.83899e-06, 100000, 0.1379, -0.000238513, 99999.9, -0.0625
0.4425, 1, 6.82989e-06, 100000, 0.1379, -0.000238513, 99999.9, -0.0575
0.4475, 1, 6.82655e-06, 100000, 0.1379, -0.000238513, 99999.9, -0.0525
0.4525, 1, 6.82607e-06, 100000, 0.1379, -0.000238513, 99999.9, -0.0475
0.4575, 1, 6.82738e-06, 100000, 0.1379, -0.000238513, 99999.9, -0.0425
0.4625, 1, 6.83192e-06, 100000, 0.1379, -0.000238513, 99999.9, -0.0375
0.4675, 1, 6.83815e-06, 100000, 0.1379, -0.000238513, 99999.9, -0.0325
0.4725, 1, 6.84311e-06, 100000, 0.1379, -0.000238513, 99999.9, -0.0275
0.4775, 1, 6.8442e-06, 100000, 0.1379, -0.000238513, 99999.9, -0.0225
0.4825, 1, 6.82156e-06, 100000, 0.1379, -0.000238513, 99999.9, -0.0175
0.4875, 1, 6.54735e-06, 100000, 0.1379, -0.000238513, 99999.9, -0.0125
0.4925, 1, 3.67594e-06, 100000, 0.1379, -0.000238513, 99999.9, -0.00749998
0.4975, 1, -4.90152e-05, 100000, 0.1379, -0.000391832, 99999.9, -0.00249998
0.5025, 1, -0.000171776, 99999.9, 0.1379, -0.000428011, 99999.9, 0.00250002
0.5075, 0.999999, -0.000238513, 99999.9, 0.1379, -0.000430159, 99999.9, 0.00750002
0.5125, 0.999999, -0.000238513, 99999.9, 0.1379, -0.000430161, 99999.9, 0.0125
0.5175, 0.999999, -0.000238513, 99999.9, 0.1379, -0.00043016, 99999.9, 0.0175
0.5225, 0.999999, -0.000238513, 99999.9, 0.1379, -0.000430159, 99999.9, 0.0225
0.5275, 0.999999, -0.000238513, 99999.9, 0.1379, -0.000430158, 99999.9, 0.0275
0.5325, 0.999999, -0.000238513, 99999.9, 0.1379, -0.000430157, 99999.9, 0.0325
0.5375, 0.999999, -0.000238513, 99999.9, 0.1379, -0.000430156, 99999.9, 0.0375
0.5425, 0.999999, -0.000238513, 99999.9, 0.1379, -0.000430154, 99999.9, 0.0425
0.5475, 0.999999, -0.000238513, 99999.9, 0.1379, -0.000430153, 99999.9, 0.0475
0.5525, 0.999999, -0.000238513, 99999.9, 0.1379, -0.000430152, 99999.9, 0.0525
0.5575, 0.999999, -0.000238513, 99999.9, 0.1379, -0.000430151, 99999.9, 0.0575
0.5625, 0.999999, -0.000238513, 99999.9, 0.1379, -0.00043015, 99999.9, 0.0625
0.5675, 0.999999, -0.000238513, 99999.9, 0.1379, -0.000430149, 99999.9, 0.0675
0.5725, 0.999999, -0.000238513, 99999.9, 0.1379, -0.000430148, 99999.9, 0.0725
0.5775, 0.999999, -0.000238513, 99999.9, 0.1379, -0.000430148, 99999.9, 0.0775
0.5825, 0.999999, -0.000238513, 99999.9, 0.1379, -0.000430148, 99999.9, 0.0825
0.5875, 0.999999, -0.000238513, 99999.9, 0.1379, -0.000430148, 99999.9, 0.0875
0.5925, 0.999999, -0.000238513, 99999.9, 0.1379, -0.000430148, 99999.9, 0.0925
0.5975, 0.999999, -0.000238513, 99999.9, 0.1379, -0.000430149, 99999.9, 0.0975
0.6025, 0.999999, -0.000238513, 99999.9, 0.1379, -0.00043015, 99999.9, 0.1025
0.6075, 0.999999, -0.000238513, 99999.9, 0.1379, -0.000430151, 99999.9, 0.1075
0.6125, 0.999999, -0.000238513, 99999.9, 0.1379, -0.000430152, 99999.9, 0.1125
0.6175, 0.999999, -0.000238513, 99999.9, 0.1379, -0.000430154, 99999.9, 0.1175
0.6225, 0.999999, -0.000238513, 99999.9, 0.1379, -0.000430156, 99999.9, 0.1225
0.6275, 0.999999, -0.000238513, 99999.9, 0.1379, -0.000430159, 99999.9, 0.1275
0.6325, 0.999999, -0.000238513, 99999.9, 0.1379, -0.000430162, 99999.9, 0.1325
0.6375, 0.999999, -0.000238513, 99999.9, 0.1379, -0.000430167, 99999.9, 0.1375
0.6425, 0.999999, -0.000238513, 99999.9, 0.1379, -0.000430172, 99999.9, 0.1425
0.6475, 0.999999, -0.000238513, 99999.9, 0.1379, -0.000430177, 99999.9, 0.1475
0.6525, 0.999999, -0.000238513, 99999.9, 0.1379, -0.000430181, 99999.9, 0.1525
0.6575, 0.999999, -0.000238513, 99999.9, 0.1379, -0.000430184, 99999.9, 0.1575
0.6625, 0.999999, -0.000238513, 99999.9, 0.1379, -0.000430186, 99999.9, 0.1625
0.6675, 0.999999, -0.000238513, 99999.9, 0.1379, -0.000430187, 99999.9, 0.1675
0.6725, 0.999999, -0.000238513, 99999.9, 0.1379, -0.000430187, 99999.9, 0.1725
0.6775, 0.999999, -0.000238513, 99999.9, 0.1379, -0.000430187, 99999.9, 0.1775
0.6825, 0.999999, -0.000238513, 99999.9, 0.1379, -0.000430184, 99999.9, 0.1825
0.6875, 0.999999, -0.000238513, 99999.9, 0.1379, -0.000430177, 99999.9, 0.1875
0.6925, 0.999999, -0.000238513, 99999.9, 0.1379, -0.000430167, 99999.9, 0.1925
0.6975, 0.999999, -0.000238513, 99999.9, 0.1379, -0.000430154, 99999.9, 0.1975
0.7025, 0.999999, -0.000238513, 99999.9, 0.1379, -0.000430138, 99999.9, 0.2025
0.7075, 0.999999, -0.000238513, 99999.9, 0.1379, -0.000430117, 99999.9, 0.2075
0.7125, 0.999999, -0.000238513, 99999.9, 0.1379, -0.000430094, 99999.9, 0.2125
0.7175, 0.999999, -0.000238513, 99999.9, 0.1379, -0.000430069, 99999.9, 0.2175
0.7225, 0.999999, -0.000238513, 99999.9, 0.1379, -0.000430045, 99999.9, 0.2225
0.7275, 0.999999, -0.000238513, 99999.9, 0.1379, -0.000430023, 99999.9, 0.2275
0.7325, 0.999999, -0.000238513, 99999.9, 0.1379, -0.000430002, 99999.9, 0.2325
0.7375, 0.999999, -0.000238513, 99999.9, 0.1379, -0.000429982, 99999.9, 0.2375
0.7425, 0.999999, -0.000238513, 99999.9, 0.1379, -0.000429961, 99999.9, 0.2425
0.7475, 0.999999, -0.000238513, 99999.9, 0.1379, -0.000429936, 99999.9, 0.2475
0.7525, 0.999999, -0.000238513, 99999.9, 0.1379, -0.000429905, 99999.9, 0.2525
0.7575, 0.999999, -0.000238513, 99999.9, 0.1379, -0.00042987, 99999.9, 0.2575
0.7625, 0.999999, -0.000238513, 99999.9, 0.1379, -0.000429839, 99999.9, 0.2625
0.7675, 0.999999, -0.000238513, 99999.9, 0.1379, -0.000429815, 99999.9, 0.2675
0.7725, 0.999999, -0.000238513, 99999.9, 0.1379, -0.0004298, 99999.9, 0.2725
0.7775, 0.999999, -0.000238513, 99999.9, 0.1379, -0.000429793, 99999.9, 0.2775
0.7825, 0.999999, -0.000238513, 99999.9, 0.1379, -0.000429792, 99999.9, 0.2825
0.7875, 0.999999, -0.000238513, 99999.9, 0.1379, -0.0004298, 99999.9, 0.2875
0.7925, 0.999999, -0.000238513, 99999.9, 0.1379, -0.000429839, 99999.9, 0.2925
0.7975, 0.999999, -0.000238513, 99999.9, 0.1379, -0.000429918, 99999.9, 0.2975
0.8025, 0.999999, -0.000238513, 99999.9, 0.1379, -0.000429987, 99999.9, 0.3025
0.8075, 0.999999, -0.000238513, 99999.9, 0.1379, -0.000430035, 99999.9, 0.3075
0.8125, 0.999999, -0.000238513, 99999.9, 0.1379, -0.000430063, 99999.9, 0.3125
0.8175, 0.999999, -0.000238513, 99999.9, 0.1379, -0.000430073, 99999.9, 0.3175
0.8225, 0.999999, -0.000238513, 99999.9, 0.1379, -0.000430074, 99999.9, 0.3225
0.8275, 0.999999, -0.000238513, 99999.9, 0.1379, -0.000430057, 99999.9, 0.3275
0.8325, 0.999999, -0.000238513, 99999.9, 0.1379, -0.000429976, 99999.9, 0.3325
0.8375, 0.999999, -0.000238513, 99999.9, 0.1379, -0.0004297, 99999.9, 0.3375
0.8425, 0.999999, -0.000238513, 99999.9, 0.1379, -0.000428858, 99999.9, 0.3425
0.8475, 0.999999, -0.000238513, 99999.9, 0.1379, -0.000426395, 99999.9, 0.3475
0.8525, 0.999999, -0.000238513, 99999.9, 0.1379, -0.000419206, 99999.9, 0.3525
0.8575, 0.999999, -0.000238513, 99999.9, 0.1379, -0.000396303, 99999.9, 0.3575
0.8625, 0.999999, -0.000238513, 99999.9, 0.1379, -0.00033161, 99999.9, 0.3625
0.8675, 0.999999, -0.000238513, 99999.9, 0.1379, -0.000240873, 100000, 0.3675
0.8725, 0.999999, -0.000238513, 99999.9, 0.1379, -0.000159038, 100000, 0.3725
0.8775, 0.999999, -0.000238513, 99999.9, 0.1379, -9.63983e-05, 100000, 0.3775
0.8825, 0.999999, -0.000238513, 99999.9, 0.1379, -5.35379e-05, 100000, 0.3825
0.8875, 0.999999, -0.000238513, 99999.9, 0.1379, -2.71819e-05, 100000, 0.3875
0.8925, 0.999999, -0.000238513, 99999.9, 0.1379, -1.25815e-05, 100000, 0.3925
0.8975, 0.999999, -0.000238513, 99999.9, 0.1379, -5.29156e-06, 100000, 0.3975
0.9025, 0.999999, -0.000238513, 99999.9, 0.1379, -2.01415e-06, 100000, 0.4025
0.9075, 0.999999, -0.000238513, 99999.9, 0.1379, -6.90458e-07, 100000, 0.4075
0.9125, 0.999999, -0.000238513, 99999.9, 0.1379, -2.11896e-07, 100000, 0.4125
0.9175, 0.999999, -0.000238513, 99999.9, 0.1379, -5.77892e-08, 100000, 0.4175
0.9225, 0.999999, -0.000238513, 99999.9, 0.1379, -1.38779e-08, 100000, 0.4225
0.9275, 0.999999, -0.000238513, 99999.9, 0.1379, -2.9006e-09, 100000, 0.4275
0.9325, 0.999999, -0.000238513, 99999.9, 0.1379, -5.19731e-10, 100000, 0.4325
0.9375, 0.999999, -0.000238513, 99999.9, 0.1379, -7.8094e-11, 100000, 0.4375
0.9425, 0.999999, -0.000238513, 99999.9, 0.1379, -9.66585e-12, 100000, 0.4425
0.9475, 0.999999, -0.000238513, 99999.9, 0.1379, -1.07398e-12, 100000, 0.4475
0.9525, 0.999999, -0.000238513, 99999.9, 0.1379, -1.53426e-13, 100000, 0.4525
0.9575, 0.999999, -0.000238513, 99999.9, 0.1379, -7.67131e-14, 100000, 0.4575
0.9625, 0.999999, -0.000238513, 99999.9, 0.1379, -2.30139e-13, 100000, 0.4625
0.9675, 0.999999, -0.000238513, 99999.9, 0.1379, 7.67131e-14, 100000, 0.4675
0.9725, 0.999999, -0.000238513, 99999.9, 0.1379, 0, 100000, 0.4725
0.9775, 0.999999, -0.000238513, 99999.9, 0.1379, 0, 100000, 0.4775
0.9825, 0.999999, -0.000238513, 99999.9, 0.1379, 0, 100000, 0.4825
0.9875, 0.999999, -0.000238513, 99999.9, 0.1379, 0, 100000, 0.4875
0.9925, 0.999999, -0.000238513, 99999.9, 0.1379, 0, 100000, 0.4925
0.9975, 0.999999, -0.000238513, 99999.9, 0.1379, 0, 100000, 0.4975
