0.0025, 1.33294, 111.796, 149995, 0.158799, 158.997, 126570, -0.510259
0.0075, 1.33294, 111.796, 149995, 0.158799, 158.997, 126570, -0.5056
0.0125, 1.33294, 111.796, 149995, 0.158799, 158.997, 126570, -0.5006
0.0175, 1.33294, 111.797, 149994, 0.158799, 158.997, 126570, -0.4956
0.0225, 1.33294, 111.798, 149994, 0.158799, 158.997, 126570, -0.4906
0.0275, 1.33293, 111.799, 149993, 0.158799, 158.997, 126570, -0.4856
0.0325, 1.33293, 111.8, 149993, 0.158799, 158.997, 126570, -0.4806
0.0375, 1.33293, 111.8, 149993, 0.158799, 158.997, 126570, -0.4756
0.0425, 1.33293, 111.8, 149993, 0.158799, 158.997, 126570, -0.4706
0.0475, 1.33293, 111.8, 149993, 0.158799, 158.997, 126570, -0.4656
0.0525, 1.33293, 111.8, 149993, 0.158799, 158.997, 126570, -0.4606
0.0575, 1.33293, 111.799, 149993, 0.158799, 158.997, 126570, -0.4556
0.0625, 1.33294, 111.798, 149994, 0.158799, 158.997, 126570, -0.4506
0.0675, 1.33294, 111.796, 149995, 0.158799, 158.997, 126570, -0.4456
0.0725, 1.33295, 111.795, 149996, 0.158799, 158.997, 126570, -0.4406
0.0775, 1.33296, 111.794, 149996, 0.158799, 158.997, 126570, -0.4356
0.0825, 1.33296, 111.793, 149996, 0.158799, 158.997, 126570, -0.4306
0.0875, 1.33297, 111.793, 149997, 0.158799, 158.997, 126570, -0.4256
0.0925, 1.33298, 111.793, 149997, 0.158799, 158.997, 126570, -0.4206
0.0975, 1.33298, 111.793, 149996, 0.158799, 158.997, 126570, -0.4156
0.1025, 1.33298, 111.794, 149996, 0.158799, 158.997, 126570, -0.4106
0.1075, 1.33297, 111.796, 149995, 0.158799, 158.997, 126570, -0.4056
0.1125, 1.33297, 111.798, 149994, 0.158799, 158.997, 126570, -0.4006
0.1175, 1.33296, 111.799, 149993, 0.158799, 158.997, 126570, -0.3956
0.1225, 1.33296, 111.8, 149993, 0.158799, 158.997, 126570, -0.3906
0.1275, 1.33294, 111.801, 149992, 0.158799, 158.997, 126570, -0.3856
0.1325, 1.3329, 111.801, 149992, 0.158799, 158.997, 126570, -0.3806
0.1375, 1.33279, 111.8, 149992, 0.158799, 158.997, 126570, -0.3756
0.1425, 1.33255, 111.8, 149993, 0.158799, 158.997, 126570, -0.3706
0.1475, 1.33218, 111.799, 149993, 0.158799, 158.997, 126570, -0.3656
0.1525, 1.33177, 111.799, 149993, 0.158799, 158.997, 126570, -0.3606
0.1575, 1.33141, 111.798, 149994, 0.158799, 158.997, 126570, -0.3556
0.1625, 1.33113, 111.797, 149995, 0.158799, 158.997, 126570, -0.3506
0.1675, 1.33093, 111.796, 149996, 0.158799, 158.997, 126570, -0.3456
0.1725, 1.33081, 111.794, 149996, 0.158799, 158.997, 126570, -0.3406
0.1775, 1.33075, 111.793, 149997, 0.158799, 158.997, 126570, -0.3356
0.1825, 1.33073, 111.791, 149997, 0.158799, 158.997, 126570, -0.3306
0.1875, 1.33074, 111.79, 149998, 0.158799, 158.997, 126570, -0.3256
0.1925, 1.33078, 111.79, 149998, 0.158799, 158.997, 126570, -0.3206
0.1975, 1.33098, 111.791, 149998, 0.158799, 158.997, 126570, -0.3156
0.2025, 1.33137, 111.792, 149997, 0.158799, 158.997, 126570, -0.3106
0.2075, 1.33181, 111.793, 149996, 0.158799, 158.997, 126570, -0.3056
0.2125, 1.33219, 111.795, 149995, 0.158799, 158.997, 126570, -0.3006
0.2175, 1.33249, 111.796, 149995, 0.158799, 158.997, 126570, -0.2956
0.2225, 1.3327, 111.797, 149994, 0.158799, 158.997, 126570, -0.2906
0.2275, 1.33285, 111.797, 149994, 0.158799, 158.997, 126570, -0.2856
0.2325, 1.33294, 111.798, 149994, 0.158799, 158.997, 126570, -0.2806
0.2375, 1.33299, 111.798, 149994, 0.158799, 158.997, 126570, -0.2756
0.2425, 1.33301, 111.798, 149994, 0.158799, 158.997, 126570, -0.2706
0.2475, 1.33302, 111.798, 149994, 0.158799, 158.997, 126570, -0.2656
0.2525, 1.33301, 111.798, 149994, 0.158799, 158.997, 126570, -0.2606
0.2575, 1.33299, 111.798, 149994, 0.158799, 158.997, 126570, -0.2556
0.2625, 1.33298, 111.798, 149994, 0.158799, 158.997, 126570, -0.2506
0.2675, 1.33298, 111.798, 149994, 0.158799, 158.997, 126570, -0.2456
0.2725, 1.33298, 111.797, 149994, 0.158799, 158.997, 126570, -0.2406
0.2775, 1.333, 111.796, 149995, 0.158799, 158.997, 126570, -0.2356
0.2825, 1.33306, 111.795, 149996, 0.158799, 158.997, 126570, -0.2306
0.2875, 1.33316, 111.794, 149996, 0.158799, 158.997, 126570, -0.2256
0.2925, 1.33326, 111.793, 149997, 0.158799, 158.997, 126570, -0.2206
0.2975, 1.33334, 111.793, 149997, 0.158799, 158.997, 126570, -0.2156
0.3025, 1.33338, 111.792, 149997, 0.158799, 158.997, 126570, -0.2106
0.3075, 1.3334, 111.792, 149997, 0.158799, 158.997, 126570, -0.2056
0.3125, 1.33341, 111.792, 149997, 0.158799, 158.997, 126570, -0.2006
0.3175, 1.3334, 111.793, 149996, 0.158799, 158.997, 126570, -0.1956
0.3225, 1.33336, 111.794, 149995, 0.158799, 158.997, 126570, -0.1906
0.3275, 1.33329, 111.796, 149995, 0.158799, 158.997, 126570, -0.1856
0.3325, 1.3332, 111.796, 149995, 0.158799, 158.997, 126570, -0.1806
0.3375, 1.33314, 111.797, 149994, 0.158799, 158.997, 126570, -0.1756
0.3425, 1.3331, 111.797, 149994, 0.158799, 158.997, 126570, -0.1706
0.3475, 1.33309, 111.797, 149995, 0.158799, 158.997, 126570, -0.1656
0.3525, 1.33309, 111.797, 149995, 0.158799, 158.997, 126570, -0.1606
0.3575, 1.3331, 111.797, 149995, 0.158799, 158.997, 126570, -0.1556
0.3625, 1.33315, 111.797, 149995, 0.158799, 158.997, 126570, -0.1506
0.3675, 1.33325, 111.797, 149995, 0.158799, 158.997, 126570, -0.1456
0.3725, 1.33336, 111.797, 149995, 0.158799, 158.997, 126570, -0.1406
0.3775, 1.33343, 111.797, 149995, 0.158799, 158.997, 126570, -0.1356
0.3825, 1.33347, 111.796, 149995, 0.158799, 158.997, 126570, -0.1306
0.3875, 1.33349, 111.795, 149996, 0.158799, 158.997, 126570, -0.1256
0.3925, 1.3335, 111.794, 149997, 0.158799, 158.997, 126570, -0.1206
0.3975, 1.33349, 111.792, 149998, 0.158799, 158.997, 126570, -0.1156
0.4025, 1.33344, 111.789, 149999, 0.158799, 158.997, 126570, -0.1106
0.4075, 1.33332, 111.788, 149999, 0.158799, 158.997, 126570, -0.1056
0.4125, 1.3332, 111.788, 149999, 0.158799, 158.997, 126570, -0.1006
0.4175, 1.33312, 111.788, 149999, 0.158799, 158.997, 126570, -0.0955997
0.4225, 1.33309, 111.789, 149998, 0.158799, 158.997, 126570, -0.0905997
0.4275, 1.33307, 111.791, 149997, 0.158799, 158.997, 126570, -0.0855997
0.4325, 1.33305, 111.8, 149993, 0.158799, 158.997, 126570, -0.0805997
0.4375, 1.333, 111.826, 149979, 0.158799, 158.997, 126570, -0.0755998
0.4425, 1.33283, 111.894, 149943, 0.158799, 158.997, 126570, -0.0705999
0.4475, 1.33235, 112.066, 149852, 0.158799, 158.997, 126570, -0.0656004
0.4525, 1.33099, 112.503, 149621, 0.158799, 158.997, 126570, -0.0606015
0.4575, 1.32747, 113.581, 149053, 0.158799, 158.997, 126570, -0.0556043
0.4625, 1.31785, 116.493, 147528, 0.158799, 158.997, 126570, -0.0506118
0.4675, 1.29968, 122.023, 144671, 0.158799, 158.997, 126570, -0.0456273
0.4725, 1.27493, 129.667, 140796, 0.158799, 158.997, 126570, -0.04065
0.4775, 1.2488, 137.73, 136762, 0.158799, 158.997, 126570, -0.0356748
0.4825, 1.22585, 144.665, 133317, 0.158799, 158.997, 126570, -0.0306969
0.4875, 1.20846, 150.084, 130784, 0.158799, 158.997, 126570, -0.0257145
0.4925, 1.19693, 154.138, 129143, 0.158799, 158.997, 126570, -0.0207277
0.4975, 1.18982, 156.93, 128115, 0.158799, 158.997, 126570, -0.0157366
0.5025, 1.185, 158.435, 127382, 0.158799, 158.997, 126570, -0.0107412
0.5075, 1.18162, 158.935, 126860, 0.158799, 158.997, 126570, -0.00574285
0.5125, 1.18006, 158.996, 126622, 0.158799, 158.997, 126570, -0.000743354
0.5175, 1.17971, 158.989, 126572, 0.158794, 158.955, 126562, 0.00425765
0.5225, 1.1797, 158.997, 126570, 0.158735, 158.53, 126485, 0.0092591
0.5275, 1.1797, 158.997, 126570, 0.158666, 158.031, 126393, 0.0142609
0.5325, 1.1797, 158.997, 126570, 0.158578, 157.402, 126278, 0.0192632
0.5375, 1.1797, 158.997, 126570, 0.158472, 156.645, 126140, 0.0242656
0.5425, 1.1797, 158.997, 126570, 0.158361, 155.847, 125994, 0.029268
0.5475, 1.1797, 158.997, 126570, 0.158257, 155.096, 125857, 0.0342703
0.5525, 1.1797, 158.997, 126570, 0.158147, 154.302, 125712, 0.0392736
0.5575, 1.1797, 158.997, 126570, 0.157978, 153.07, 125488, 0.0442795
0.5625, 1.1797, 158.997, 126570, 0.157682, 150.911, 125095, 0.0492885
0.5675, 1.1797, 158.997, 126570, 0.157252, 147.768, 124526, 0.0542996
0.5725, 1.1797, 158.997, 126570, 0.156738, 144.008, 123848, 0.0593118
0.5775, 1.1797, 158.997, 126570, 0.156194, 140.015, 123130, 0.0643241
0.5825, 1.1797, 158.997, 126570, 0.155643, 135.972, 122407, 0.0693379
0.5875, 1.1797, 158.997, 126570, 0.154968, 131.014, 121526, 0.0743603
0.5925, 1.1797, 158.997, 126570, 0.153796, 122.386, 120003, 0.0794009
0.5975, 1.1797, 158.997, 126570, 0.151749, 107.154, 117353, 0.0844608
0.6025, 1.1797, 158.997, 126570, 0.148975, 86.2456, 113791, 0.0895247
0.6075, 1.1797, 158.997, 126570, 0.146279, 65.6688, 110370, 0.0945795
0.6125, 1.1797, 158.997, 126570, 0.144063, 48.5363, 107586, 0.0996229
0.6175, 1.1797, 158.997, 126570, 0.142357, 35.2297, 105462, 0.104656
0.6225, 1.1797, 158.997, 126570, 0.141096, 25.333, 103904, 0.10968
0.6275, 1.1797, 158.997, 126570, 0.140186, 18.1525, 102785, 0.114697
0.6325, 1.1797, 158.997, 126570, 0.139535, 13.0029, 101989, 0.119709
0.6375, 1.1797, 158.997, 126570, 0.139071, 9.3245, 101423, 0.124718
0.6425, 1.1797, 158.997, 126570, 0.138741, 6.69721, 101020, 0.129725
0.6475, 1.1797, 158.997, 126570, 0.138505, 4.81788, 100733, 0.134729
0.6525, 1.1797, 158.997, 126570, 0.138335, 3.47082, 100528, 0.139733
0.6575, 1.1797, 158.997, 126570, 0.138214, 2.50331, 100380, 0.144735
0.6625, 1.1797, 158.997, 126570, 0.138127, 1.80712, 100275, 0.149737
0.6675, 1.1797, 158.997, 126570, 0.138064, 1.30541, 100198, 0.154738
0.6725, 1.1797, 158.997, 126570, 0.138018, 0.943394, 100143, 0.159739
0.6775, 1.1797, 158.997, 126570, 0.137985, 0.681938, 100104, 0.164739
0.6825, 1.1797, 158.997, 126570, 0.137962, 0.492975, 100075, 0.16974
0.6875, 1.1797, 158.997, 126570, 0.137945, 0.356337, 100054, 0.17474
0.6925, 1.1797, 158.997, 126570, 0.137932, 0.257506, 100039, 0.17974
0.6975, 1.1797, 158.997, 126570, 0.137923, 0.186009, 100028, 0.184741
0.7025, 1.1797, 158.997, 126570, 0.137917, 0.134286, 100020, 0.189741
0.7075, 1.1797, 158.997, 126570, 0.137912, 0.0968714, 100015, 0.194741
0.7125, 1.1797, 158.997, 126570, 0.137909, 0.0698131, 100011, 0.199741
0.7175, 1.1797, 158.997, 126570, 0.137906, 0.0502508, 100008, 0.204741
0.7225, 1.1797, 158.997, 126570, 0.137905, 0.0361138, 100005, 0.209741
0.7275, 1.1797, 158.997, 126570, 0.137903, 0.0259029, 100004, 0.214741
0.7325, 1.1797, 158.997, 126570, 0.137902, 0.0185327, 100003, 0.219741
0.7375, 1.1797, 158.997, 126570, 0.137902, 0.0132173, 100002, 0.224741
0.7425, 1.1797, 158.997, 126570, 0.137901, 0.00938757, 100001, 0.229741
0.7475, 1.1797, 158.997, 126570, 0.137901, 0.00663138, 100001, 0.234741
0.7525, 1.1797, 158.997, 126570, 0.137901, 0.00465012, 100001, 0.239741
0.7575, 1.1797, 158.997, 126570, 0.1379, 0.00322743, 100000, 0.244741
0.7625, 1.1797, 158.997, 126570, 0.1379, 0.0022065, 100000, 0.249741
0.7675, 1.1797, 158.997, 126570, 0.1379, 0.00147385, 100000, 0.254741
0.7725, 1.1797, 158.997, 126570, 0.1379, 0.000947495, 100000, 0.259741
0.7775, 1.1797, 158.997, 126570, 0.1379, 0.000568476, 100000, 0.264741
0.7825, 1.1797, 158.997, 126570, 0.1379, 0.00029458, 100000, 0.269741
0.7875, 1.1797, 158.997, 126570, 0.1379, 9.57752e-05, 100000, 0.274741
0.7925, 1.1797, 158.997, 126570, 0.1379, -4.91889e-05, 100000, 0.279741
0.7975, 1.1797, 158.997, 126570, 0.1379, -0.000155289, 100000, 0.284741
0.8025, 1.1797, 158.997, 126570, 0.1379, -0.000233075, 100000, 0.289741
0.8075, 1.1797, 158.997, 126570, 0.1379, -0.000290023, 100000, 0.294741
0.8125, 1.1797, 158.997, 126570, 0.1379, -0.000331504, 99999.9, 0.299741
0.8175, 1.1797, 158.997, 126570, 0.1379, -0.000361461, 99999.9, 0.304741
0.8225, 1.1797, 158.997, 126570, 0.1379, -0.000382855, 99999.9, 0.309741
0.8275, 1.1797, 158.997, 126570, 0.1379, -0.000397946, 99999.9, 0.314741
0.8325, 1.1797, 158.997, 126570, 0.1379, -0.000408466, 99999.9, 0.319741
0.8375, 1.1797, 158.997, 126570, 0.1379, -0.000415725, 99999.9, 0.324741
0.8425, 1.1797, 158.997, 126570, 0.1379, -0.000420693, 99999.9, 0.329741
0.8475, 1.1797, 158.997, 126570, 0.1379, -0.000424066, 99999.9, 0.334741
0.8525, 1.1797, 158.997, 126570, 0.1379, -0.000426336, 99999.9, 0.339741
0.8575, 1.1797, 158.997, 126570, 0.1379, -0.000427843, 99999.9, 0.344741
0.8625, 1.1797, 158.997, 126570, 0.1379, -0.000428823, 99999.9, 0.349741
0.8675, 1.1797, 158.997, 126570, 0.1379, -0.000429444, 99999.9, 0.354741
0.8725, 1.1797, 158.997, 126570, 0.1379, -0.000429823, 99999.9, 0.359741
0.8775, 1.1797, 158.997, 126570, 0.1379, -0.000430043, 99999.9, 0.364741
0.8825, 1.1797, 158.997, 126570, 0.1379, -0.000430163, 99999.9, 0.369741
0.8875, 1.1797, 158.997, 126570, 0.1379, -0.000430222, 99999.9, 0.374741
0.8925, 1.1797, 158.997, 126570, 0.1379, -0.000430247, 99999.9, 0.379741
0.8975, 1.1797, 158.997, 126570, 0.1379, -0.000430255, 99999.9, 0.384741
0.9025, 1.1797, 158.997, 126570, 0.1379, -0.000430254, 99999.9, 0.389741
0.9075, 1.1797, 158.997, 126570, 0.1379, -0.000430243, 99999.9, 0.394741
0.9125, 1.1797, 158.997, 126570, 0.1379, -0.000430224, 99999.9, 0.399741
0.9175, 1.1797, 158.997, 126570, 0.1379, -0.000430208, 99999.9, 0.404741
0.9225, 1.1797, 158.997, 126570, 0.1379, -0.000430196, 99999.9, 0.409741
0.9275, 1.1797, 158.997, 126570, 0.1379, -0.000430187, 99999.9, 0.414741
0.9325, 1.1797, 158.997, 126570, 0.1379, -0.00043018, 99999.9, 0.419741
0.9375, 1.1797, 158.997, 126570, 0.1379, -0.000430174, 99999.9, 0.424741
0.9425, 1.1797, 158.997, 126570, 0.1379, -0.00043017, 99999.9, 0.429741
0.9475, 1.1797, 158.997, 126570, 0.1379, -0.000430167, 99999.9, 0.434741
0.9525, 1.1797, 158.997, 126570, 0.1379, -0.000430165, 99999.9, 0.439741
0.9575, 1.1797, 158.997, 126570, 0.1379, -0.000430163, 99999.9, 0.444741
0.9625, 1.1797, 158.997, 126570, 0.1379, -0.000430162, 99999.9, 0.449741
0.9675, 1.1797, 158.997, 126570, 0.1379, -0.000430162, 99999.9, 0.454741
0.9725, 1.1797, 158.997, 126570, 0.1379, -0.000430161, 99999.9, 0.459741
0.9775, 1.1797, 158.997, 126570, 0.1379, -0.000430161, 99999.9, 0.464741
0.9825, 1.1797, 158.997, 126570, 0.1379, -0.000430161, 99999.9, 0.469741
0.9875, 1.1797, 158.997, 126570, 0.1379, -0.00043016, 99999.9, 0.474741
0.9925, 1.1797, 158.997, 126570, 0.1379, -0.00043016, 99999.9, 0.479741
0.9975, 1.1797, 158.997, 126570, 0.1379, -0.00043016, 99999.9, 0.484741
