0.0025, 1.33283, 111.83, 149977, 0.1379, -0.000238511, 99999.9, -0.4975
0.0075, 1.33284, 111.826, 149979, 0.1379, -0.000238511, 99999.9, -0.492906
0.0125, 1.33286, 111.823, 149981, 0.1379, -0.000238511, 99999.9, -0.487906
0.0175, 1.33286, 111.821, 149982, 0.1379, -0.000238511, 99999.9, -0.482906
0.0225, 1.33287, 111.82, 149982, 0.1379, -0.000238511, 99999.9, -0.477906
0.0275, 1.33288, 111.82, 149982, 0.1379, -0.000238511, 99999.9, -0.472906
0.0325, 1.33289, 111.82, 149982, 0.1379, -0.000238511, 99999.9, -0.467906
0.0375, 1.3329, 111.82, 149982, 0.1379, -0.000238511, 99999.9, -0.462906
0.0425, 1.3329, 111.819, 149983, 0.1379, -0.000238511, 99999.9, -0.457906
0.0475, 1.33291, 111.818, 149983, 0.1379, -0.000238511, 99999.9, -0.452906
0.0525, 1.33292, 111.817, 149984, 0.1379, -0.000238511, 99999.9, -0.447906
0.0575, 1.33293, 111.813, 149986, 0.1379, -0.000238511, 99999.9, -0.442906
0.0625, 1.33293, 111.81, 149988, 0.1379, -0.000238511, 99999.9, -0.437906
0.0675, 1.33292, 111.806, 149990, 0.1379, -0.000238511, 99999.9, -0.432906
0.0725, 1.33289, 111.804, 149992, 0.1379, -0.000238511, 99999.9, -0.427906
0.0775, 1.33279, 111.802, 149993, 0.1379, -0.000238511, 99999.9, -0.422906
0.0825, 1.33246, 111.802, 149992, 0.1379, -0.000238511, 99999.9, -0.417906
0.0875, 1.33184, 111.804, 149991, 0.1379, -0.000238511, 99999.9, -0.412906
0.0925, 1.33111, 111.806, 149990, 0.1379, -0.000238511, 99999.9, -0.407906
0.0975, 1.3305, 111.807, 149988, 0.1379, -0.000238511, 99999.9, -0.402906
0.1025, 1.33008, 111.808, 149988, 0.1379, -0.000238511, 99999.9, -0.397906
0.1075, 1.32984, 111.809, 149988, 0.1379, -0.000238511, 99999.9, -0.392906
0.1125, 1.32976, 111.809, 149988, 0.1379, -0.000238511, 99999.9, -0.387906
0.1175, 1.32975, 111.809, 149988, 0.1379, -0.000238511, 99999.9, -0.382906
0.1225, 1.32986, 111.807, 149990, 0.1379, -0.000238511, 99999.9, -0.377906
0.1275, 1.33028, 111.805, 149991, 0.1379, -0.000238511, 99999.9, -0.372906
0.1325, 1.33106, 111.805, 149991, 0.1379, -0.000238511, 99999.9, -0.367906
0.1375, 1.33187, 111.805, 149991, 0.1379, -0.000238511, 99999.9, -0.362906
0.1425, 1.3325, 111.806, 149991, 0.1379, -0.000238511, 99999.9, -0.357906
0.1475, 1.33294, 111.806, 149991, 0.1379, -0.000238511, 99999.9, -0.352906
0.1525, 1.33324, 111.805, 149991, 0.1379, -0.000238511, 99999.9, -0.347906
0.1575, 1.33341, 111.803, 149992, 0.1379, -0.000238511, 99999.9, -0.342906
0.1625, 1.3335, 111.8, 149992, 0.1379, -0.000238511, 99999.9, -0.337906
0.1675, 1.33353, 111.797, 149994, 0.1379, -0.000238511, 99999.9, -0.332906
0.1725, 1.33353, 111.793, 149996, 0.1379, -0.000238511, 99999.9, -0.327906
0.1775, 1.33348, 111.79, 149998, 0.1379, -0.000238511, 99999.9, -0.322906
0.1825, 1.33328, 111.788, 149998, 0.1379, -0.000238511, 99999.9, -0.317906
0.1875, 1.33294, 111.79, 149997, 0.1379, -0.000238511, 99999.9, -0.312906
0.1925, 1.33263, 111.795, 149996, 0.1379, -0.000238511, 99999.9, -0.307906
0.1975, 1.33246, 111.8, 149995, 0.1379, -0.000238511, 99999.9, -0.302906
0.2025, 1.33241, 111.804, 149995, 0.1379, -0.000238511, 99999.9, -0.297906
0.2075, 1.33247, 111.808, 149994, 0.1379, -0.000238511, 99999.9, -0.292906
0.2125, 1.3327, 111.809, 149995, 0.1379, -0.000238511, 99999.9, -0.287906
0.2175, 1.33304, 111.799, 149991, 0.1379, -0.000238511, 99999.9, -0.282906
0.2225, 1.33325, 111.777, 149974, 0.1379, -0.000238511, 99999.9, -0.277906
0.2275, 1.33331, 111.691, 149932, 0.1379, -0.000238511, 99999.9, -0.272906
0.2325, 1.3326, 111.371, 149770, 0.1379, -0.000238511, 99999.9, -0.267904
0.2375, 1.32888, 110.307, 149206, 0.1379, -0.000238511, 99999.9, -0.262898
0.2425, 1.31254, 105.621, 146753, 0.1379, -0.000238511, 99999.9, -0.257871
0.2475, 1.25967, 89.7843, 138676, 0.1379, -0.000238511, 99999.9, -0.252796
0.2525, 1.17164, 61.4471, 125253, 0.1379, -0.000238511, 99999.9, -0.247689
0.2575, 1.09572, 35.1975, 113876, 0.1379, -0.000238511, 99999.9, -0.242604
0.2625, 1.04851, 18.0515, 106934, 0.1379, -0.000238511, 99999.9, -0.237552
0.2675, 1.02304, 8.60811, 103261, 0.1379, -0.000238511, 99999.9, -0.232524
0.2725, 1.01052, 3.93352, 101480, 0.1379, -0.000238511, 99999.9, -0.227511
0.2775, 1.00468, 1.75152, 100657, 0.1379, -0.000238511, 99999.9, -0.222505
0.2825, 1.00205, 0.765938, 100287, 0.1379, -0.000238511, 99999.9, -0.217502
0.2875, 1.00088, 0.329871, 100123, 0.1379, -0.000238511, 99999.9, -0.212501
0.2925, 1.00037, 0.139979, 100052, 0.1379, -0.000238511, 99999.9, -0.2075
0.2975, 1.00016, 0.0584922, 100022, 0.1379, -0.000238511, 99999.9, -0.2025
0.3025, 1.00006, 0.0240451, 100009, 0.1379, -0.000238511, 99999.9, -0.1975
0.3075, 1.00003, 0.00971395, 100004, 0.1379, -0.000238511, 99999.9, -0.1925
0.3125, 1.00001, 0.00385325, 100001, 0.1379, -0.000238511, 99999.9, -0.1875
0.3175, 1, 0.00150032, 100001, 0.1379, -0.000238511, 99999.9, -0.1825
0.3225, 1, 0.000574173, 100000, 0.1379, -0.000238511, 99999.9, -0.1775
0.3275, 1, 0.000217326, 100000, 0.1379, -0.000238511, 99999.9, -0.1725
0.3325, 1, 8.30029e-05, 100000, 0.1379, -0.000238511, 99999.9, -0.1675
0.3375, 1, 3.37083e-05, 100000, 0.1379, -0.000238511, 99999.9, -0.1625
0.3425, 1, 1.60822e-05, 100000, 0.1379, -0.000238511, 99999.9, -0.1575
0.3475, 1, 9.92571e-06, 100000, 0.1379, -0.000238511, 99999.9, -0.1525
0.3525, 1, 7.8298e-06, 100000, 0.1379, -0.000238511, 99999.9, -0.1475
0.3575, 1, 7.1552e-06, 100000, 0.1379, -0.000238511, 99999.9, -0.1425
0.3625, 1, 6.97043e-06, 100000, 0.1379, -0.000238511, 99999.9, -0.1375
0.3675, 1, 6.94075e-06, 100000, 0.1379, -0.000238511, 99999.9, -0.1325
0.3725, 1, 6.94401e-06, 100000, 0.1379, -0.000238511, 99999.9, -0.1275
0.3775, 1, 6.93724e-06, 100000, 0.1379, -0.000238511, 99999.9, -0.1225
0.3825, 1, 6.90925e-06, 100000, 0.1379, -0.000238511, 99999.9, -0.1175
0.3875, 1, 6.87708e-06, 100000, 0.1379, -0.000238511, 99999.9, -0.1125
0.3925, 1, 6.85451e-06, 100000, 0.1379, -0.000238511, 99999.9, -0.1075
0.3975, 1, 6.84138e-06, 100000, 0.1379, -0.000238511, 99999.9, -0.1025
0.4025, 1, 6.83468e-06, 100000, 0.1379, -0.000238511, 99999.9, -0.0975
0.4075, 1, 6.83206e-06, 100000, 0.1379, -0.000238511, 99999.9, -0.0925
0.4125, 1, 6.83154e-06, 100000, 0.1379, -0.000238511, 99999.9, -0.0875
0.4175, 1, 6.83222e-06, 100000, 0.1379, -0.000238511, 99999.9, -0.0825
0.4225, 1, 6.83532e-06, 100000, 0.1379, -0.000238511, 99999.9, -0.0775
0.4275, 1, 6.83957e-06, 100000, 0.1379, -0.000238511, 99999.9, -0.0725
0.4325, 1, 6.84266e-06, 100000, 0.1379, -0.000238511, 99999.9, -0.0675
0.4375, 1, 6.84425e-06, 100000, 0.1379, -0.000238511, 99999.9, -0.0625
0.4425, 1, 6.84484e-06, 100000, 0.1379, -0.000238511, 99999.9, -0.0575
0.4475, 1, 6.84492e-06, 100000, 0.1379, -0.000238511, 99999.9, -0.0525
0.4525, 1, 6.84459e-06, 100000, 0.1379, -0.000238511, 99999.9, -0.0475
0.4575, 1, 6.84355e-06, 100000, 0.1379, -0.000238511, 99999.9, -0.0425
0.4625, 1, 6.84229e-06, 100000, 0.1379, -0.000238511, 99999.9, -0.0375
0.4675, 1, 6.84135e-06, 100000, 0.1379, -0.000238511, 99999.9, -0.0325
0.4725, 1, 6.84036e-06, 100000, 0.1379, -0.000238511, 99999.9, -0.0275
0.4775, 1, 6.8375e-06, 100000, 0.1379, -0.000238511, 99999.9, -0.0225
0.4825, 1, 6.81361e-06, 100000, 0.1379, -0.000238511, 99999.9, -0.0175
0.4875, 1, 6.54189e-06, 100000, 0.1379, -0.000238511, 99999.9, -0.0125
0.4925, 1, 3.67468e-06, 100000, 0.1379, -0.000238511, 99999.9, -0.00749998
0.4975, 1, -4.90129e-05, 100000, 0.1379, -0.00039183, 99999.9, -0.00249998
0.5025, 1, -0.000171773, 99999.9, 0.1379, -0.000428009, 99999.9, 0.00250002
0.5075, 0.999999, -0.000238511, 99999.9, 0.1379, -0.000430158, 99999.9, 0.00750002
0.5125, 0.999999, -0.000238511, 99999.9, 0.1379, -0.00043016, 99999.9, 0.0125
0.5175, 0.999999, -0.000238511, 99999.9, 0.1379, -0.00043016, 99999.9, 0.0175
0.5225, 0.999999, -0.000238511, 99999.9, 0.1379, -0.00043016, 99999.9, 0.0225
0.5275, 0.999999, -0.000238511, 99999.9, 0.1379, -0.000430159, 99999.9, 0.0275
0.5325, 0.999999, -0.000238511, 99999.9, 0.1379, -0.000430159, 99999.9, 0.0325
0.5375, 0.999999, -0.000238511, 99999.9, 0.1379, -0.000430159, 99999.9, 0.0375
0.5425, 0.999999, -0.000238511, 99999.9, 0.1379, -0.000430159, 99999.9, 0.0425
0.5475, 0.999999, -0.000238511, 99999.9, 0.1379, -0.000430159, 99999.9, 0.0475
0.5525, 0.999999, -0.000238511, 99999.9, 0.1379, -0.000430159, 99999.9, 0.0525
0.5575, 0.999999, -0.000238511, 99999.9, 0.1379, -0.00043016, 99999.9, 0.0575
0.5625, 0.999999, -0.000238511, 99999.9, 0.1379, -0.00043016, 99999.9, 0.0625
0.5675, 0.999999, -0.000238511, 99999.9, 0.1379, -0.00043016, 99999.9, 0.0675
0.5725, 0.999999, -0.000238511, 99999.9, 0.1379, -0.00043016, 99999.9, 0.0725
0.5775, 0.999999, -0.000238511, 99999.9, 0.1379, -0.00043016, 99999.9, 0.0775
0.5825, 0.999999, -0.000238511, 99999.9, 0.1379, -0.00043016, 99999.9, 0.0825
0.5875, 0.999999, -0.000238511, 99999.9, 0.1379, -0.000430161, 99999.9, 0.0875
0.5925, 0.999999, -0.000238511, 99999.9, 0.1379, -0.000430161, 99999.9, 0.0925
0.5975, 0.999999, -0.000238511, 99999.9, 0.1379, -0.000430161, 99999.9, 0.0975
0.6025, 0.999999, -0.000238511, 99999.9, 0.1379, -0.000430162, 99999.9, 0.1025
0.6075, 0.999999, -0.000238511, 99999.9, 0.1379, -0.000430162, 99999.9, 0.1075
0.6125, 0.999999, -0.000238511, 99999.9, 0.1379, -0.000430162, 99999.9, 0.1125
0.6175, 0.999999, -0.000238511, 99999.9, 0.1379, -0.000430162, 99999.9, 0.1175
0.6225, 0.999999, -0.000238511, 99999.9, 0.1379, -0.000430162, 99999.9, 0.1225
0.6275, 0.999999, -0.000238511, 99999.9, 0.1379, -0.000430162, 99999.9, 0.1275
0.6325, 0.999999, -0.000238511, 99999.9, 0.1379, -0.000430162, 99999.9, 0.1325
0.6375, 0.999999, -0.000238511, 99999.9, 0.1379, -0.000430161, 99999.9, 0.1375
0.6425, 0.999999, -0.000238511, 99999.9, 0.1379, -0.000430161, 99999.9, 0.1425
0.6475, 0.999999, -0.000238511, 99999.9, 0.1379, -0.00043016, 99999.9, 0.1475
0.6525, 0.999999, -0.000238511, 99999.9, 0.1379, -0.000430159, 99999.9, 0.1525
0.6575, 0.999999, -0.000238511, 99999.9, 0.1379, -0.000430158, 99999.9, 0.1575
0.6625, 0.999999, -0.000238511, 99999.9, 0.1379, -0.000430157, 99999.9, 0.1625
0.6675, 0.999999, -0.000238511, 99999.9, 0.1379, -0.000430155, 99999.9, 0.1675
0.6725, 0.999999, -0.000238511, 99999.9, 0.1379, -0.000430154, 99999.9, 0.1725
0.6775, 0.999999, -0.000238511, 99999.9, 0.1379, -0.000430152, 99999.9, 0.1775
0.6825, 0.999999, -0.000238511, 99999.9, 0.1379, -0.000430151, 99999.9, 0.1825
0.6875, 0.999999, -0.000238511, 99999.9, 0.1379, -0.00043015, 99999.9, 0.1875
0.6925, 0.999999, -0.000238511, 99999.9, 0.1379, -0.000430149, 99999.9, 0.1925
0.6975, 0.999999, -0.000238511, 99999.9, 0.1379, -0.000430149, 99999.9, 0.1975
0.7025, 0.999999, -0.000238511, 99999.9, 0.1379, -0.000430148, 99999.9, 0.2025
0.7075, 0.999999, -0.000238511, 99999.9, 0.1379, -0.000430148, 99999.9, 0.2075
0.7125, 0.999999, -0.000238511, 99999.9, 0.1379, -0.000430148, 99999.9, 0.2125
0.7175, 0.999999, -0.000238511, 99999.9, 0.1379, -0.000430148, 99999.9, 0.2175
0.7225, 0.999999, -0.000238511, 99999.9, 0.1379, -0.000430148, 99999.9, 0.2225
0.7275, 0.999999, -0.000238511, 99999.9, 0.1379, -0.000430149, 99999.9, 0.2275
0.7325, 0.999999, -0.000238511, 99999.9, 0.1379, -0.00043015, 99999.9, 0.2325
0.7375, 0.999999, -0.000238511, 99999.9, 0.1379, -0.000430151, 99999.9, 0.2375
0.7425, 0.999999, -0.000238511, 99999.9, 0.1379, -0.000430152, 99999.9, 0.2425
0.7475, 0.999999, -0.000238511, 99999.9, 0.1379, -0.000430154, 99999.9, 0.2475
0.7525, 0.999999, -0.000238511, 99999.9, 0.1379, -0.000430157, 99999.9, 0.2525
0.7575, 0.999999, -0.000238511, 99999.9, 0.1379, -0.00043016, 99999.9, 0.2575
0.7625, 0.999999, -0.000238511, 99999.9, 0.1379, -0.000430164, 99999.9, 0.2625
0.7675, 0.999999, -0.000238511, 99999.9, 0.1379, -0.000430169, 99999.9, 0.2675
0.7725, 0.999999, -0.000238511, 99999.9, 0.1379, -0.000430174, 99999.9, 0.2725
0.7775, 0.999999, -0.000238511, 99999.9, 0.1379, -0.000430179, 99999.9, 0.2775
0.7825, 0.999999, -0.000238511, 99999.9, 0.1379, -0.000430182, 99999.9, 0.2825
0.7875, 0.999999, -0.000238511, 99999.9, 0.1379, -0.000430185, 99999.9, 0.2875
0.7925, 0.999999, -0.000238511, 99999.9, 0.1379, -0.000430186, 99999.9, 0.2925
0.7975, 0.999999, -0.000238511, 99999.9, 0.1379, -0.000430186, 99999.9, 0.2975
0.8025, 0.999999, -0.000238511, 99999.9, 0.1379, -0.000430186, 99999.9, 0.3025
0.8075, 0.999999, -0.000238511, 99999.9, 0.1379, -0.000430186, 99999.9, 0.3075
0.8125, 0.999999, -0.000238511, 99999.9, 0.1379, -0.000430183, 99999.9, 0.3125
0.8175, 0.999999, -0.000238511, 99999.9, 0.1379, -0.000430174, 99999.9, 0.3175
0.8225, 0.999999, -0.000238511, 99999.9, 0.1379, -0.000430162, 99999.9, 0.3225
0.8275, 0.999999, -0.000238511, 99999.9, 0.1379, -0.000430148, 99999.9, 0.3275
0.8325, 0.999999, -0.000238511, 99999.9, 0.1379, -0.000430129, 99999.9, 0.3325
0.8375, 0.999999, -0.000238511, 99999.9, 0.1379, -0.000430107, 99999.9, 0.3375
0.8425, 0.999999, -0.000238511, 99999.9, 0.1379, -0.000430083, 99999.9, 0.3425
0.8475, 0.999999, -0.000238511, 99999.9, 0.1379, -0.00043006, 99999.9, 0.3475
0.8525, 0.999999, -0.000238511, 99999.9, 0.1379, -0.000430038, 99999.9, 0.3525
0.8575, 0.999999, -0.000238511, 99999.9, 0.1379, -0.000430017, 99999.9, 0.3575
0.8625, 0.999999, -0.000238511, 99999.9, 0.1379, -0.000429996, 99999.9, 0.3625
0.8675, 0.999999, -0.000238511, 99999.9, 0.1379, -0.000429974, 99999.9, 0.3675
0.8725, 0.999999, -0.000238511, 99999.9, 0.1379, -0.000429949, 99999.9, 0.3725
0.8775, 0.999999, -0.000238511, 99999.9, 0.1379, -0.000429918, 99999.9, 0.3775
0.8825, 0.999999, -0.000238511, 99999.9, 0.1379, -0.000429884, 99999.9, 0.3825
0.8875, 0.999999, -0.000238511, 99999.9, 0.1379, -0.000429853, 99999.9, 0.3875
0.8925, 0.999999, -0.000238511, 99999.9, 0.1379, -0.000429829, 99999.9, 0.3925
0.8975, 0.999999, -0.000238511, 99999.9, 0.1379, -0.000429812, 99999.9, 0.3975
0.9025, 0.999999, -0.000238511, 99999.9, 0.1379, -0.000429803, 99999.9, 0.4025
0.9075, 0.999999, -0.000238511, 99999.9, 0.1379, -0.000429801, 99999.9, 0.4075
0.9125, 0.999999, -0.000238511, 99999.9, 0.1379, -0.000429803, 99999.9, 0.4125
0.9175, 0.999999, -0.000238511, 99999.9, 0.1379, -0.000429821, 99999.9, 0.4175
0.9225, 0.999999, -0.000238511, 99999.9, 0.1379, -0.00042988, 99999.9, 0.4225
0.9275, 0.999999, -0.000238511, 99999.9, 0.1379, -0.00042995, 99999.9, 0.4275
0.9325, 0.999999, -0.000238511, 99999.9, 0.1379, -0.000430004, 99999.9, 0.4325
0.9375, 0.999999, -0.000238511, 99999.9, 0.1379, -0.000430038, 99999.9, 0.4375
0.9425, 0.999999, -0.000238511, 99999.9, 0.1379, -0.000430055, 99999.9, 0.4425
0.9475, 0.999999, -0.000238511, 99999.9, 0.1379, -0.000430059, 99999.9, 0.4475
0.9525, 0.999999, -0.000238511, 99999.9, 0.1379, -0.000430055, 99999.9, 0.4525
0.9575, 0.999999, -0.000238511, 99999.9, 0.1379, -0.000430023, 99999.9, 0.4575
0.9625, 0.999999, -0.000238511, 99999.9, 0.1379, -0.000429888, 99999.9, 0.4625
0.9675, 0.999999, -0.000238511, 99999.9, 0.1379, -0.00042943, 99999.9, 0.4675
0.9725, 0.999999, -0.000238511, 99999.9, 0.1379, -0.000427979, 99999.9, 0.4725
0.9775, 0.999999, -0.000238511, 99999.9, 0.1379, -0.00042355, 99999.9, 0.4775
0.9825, 0.999999, -0.000238511, 99999.9, 0.1379, -0.00040934, 99999.9, 0.4825
0.9875, 0.999999, -0.000238511, 99999.9, 0.1379, -0.000363577, 99999.9, 0.4875
0.9925, 0.999999, -0.000238511, 99999.9, 0.1379, -0.000283509, 100000, 0.4925
0.9975, 0.999999, -0.000238511, 99999.9, 0.1379, -0.000197363, 100000, 0.4975
