0.0025, 1.33294, 111.797, 149994, 0.158868, 159.497, 126662, -0.519
0.0075, 1.33294, 111.798, 149994, 0.158868, 159.497, 126662, -0.51434
0.0125, 1.33293, 111.799, 149993, 0.158868, 159.497, 126662, -0.50934
0.0175, 1.33293, 111.8, 149993, 0.158868, 159.497, 126662, -0.50434
0.0225, 1.33293, 111.8, 149993, 0.158868, 159.497, 126662, -0.49934
0.0275, 1.33293, 111.8, 149993, 0.158868, 159.497, 126662, -0.49434
0.0325, 1.33293, 111.8, 149993, 0.158868, 159.497, 126662, -0.48934
0.0375, 1.33293, 111.8, 149993, 0.158868, 159.497, 126662, -0.48434
0.0425, 1.33293, 111.799, 149993, 0.158868, 159.497, 126662, -0.47934
0.0475, 1.33294, 111.797, 149994, 0.158868, 159.497, 126662, -0.47434
0.0525, 1.33294, 111.796, 149995, 0.158868, 159.497, 126662, -0.46934
0.0575, 1.33295, 111.795, 149996, 0.158868, 159.497, 126662, -0.46434
0.0625, 1.33295, 111.794, 149996, 0.158868, 159.497, 126662, -0.45934
0.0675, 1.33295, 111.793, 149996, 0.158868, 159.497, 126662, -0.45434
0.0725, 1.33295, 111.793, 149997, 0.158868, 159.497, 126662, -0.44934
0.0775, 1.33296, 111.793, 149996, 0.158868, 159.497, 126662, -0.44434
0.0825, 1.33296, 111.794, 149996, 0.158868, 159.497, 126662, -0.43934
0.0875, 1.33296, 111.795, 149996, 0.158868, 159.497, 126662, -0.43434
0.0925, 1.33296, 111.797, 149995, 0.158868, 159.497, 126662, -0.42934
0.0975, 1.33296, 111.798, 149994, 0.158868, 159.497, 126662, -0.42434
0.1025, 1.33296, 111.799, 149993, 0.158868, 159.497, 126662, -0.41934
0.1075, 1.33296, 111.8, 149993, 0.158868, 159.497, 126662, -0.41434
0.1125, 1.33296, 111.801, 149993, 0.158868, 159.497, 126662, -0.40934
0.1175, 1.33296, 111.801, 149992, 0.158868, 159.497, 126662, -0.40434
0.1225, 1.33296, 111.801, 149992, 0.158868, 159.497, 126662, -0.39934
0.1275, 1.33296, 111.8, 149993, 0.158868, 159.497, 126662, -0.39434
0.1325, 1.33294, 111.8, 149993, 0.158868, 159.497, 126662, -0.38934
0.1375, 1.33291, 111.799, 149993, 0.158868, 159.497, 126662, -0.38434
0.1425, 1.33282, 111.798, 149994, 0.158868, 159.497, 126662, -0.37934
0.1475, 1.33259, 111.796, 149995, 0.158868, 159.497, 126662, -0.37434
0.1525, 1.33223, 111.795, 149995, 0.158868, 159.497, 126662, -0.36934
0.1575, 1.33184, 111.793, 149996, 0.158868, 159.497, 126662, -0.36434
0.1625, 1.33149, 111.792, 149997, 0.158868, 159.497, 126662, -0.35934
0.1675, 1.33122, 111.791, 149997, 0.158868, 159.497, 126662, -0.35434
0.1725, 1.33102, 111.791, 149998, 0.158868, 159.497, 126662, -0.34934
0.1775, 1.33088, 111.791, 149998, 0.158868, 159.497, 126662, -0.34434
0.1825, 1.33081, 111.792, 149998, 0.158868, 159.497, 126662, -0.33934
0.1875, 1.33079, 111.792, 149997, 0.158868, 159.497, 126662, -0.33434
0.1925, 1.33078, 111.793, 149996, 0.158868, 159.497, 126662, -0.32934
0.1975, 1.33081, 111.795, 149996, 0.158868, 159.497, 126662, -0.32434
0.2025, 1.33094, 111.797, 149995, 0.158868, 159.497, 126662, -0.31934
0.2075, 1.33128, 111.798, 149994, 0.158868, 159.497, 126662, -0.31434
0.2125, 1.33171, 111.798, 149994, 0.158868, 159.497, 126662, -0.30934
0.2175, 1.3321, 111.798, 149994, 0.158868, 159.497, 126662, -0.30434
0.2225, 1.3324, 111.798, 149994, 0.158868, 159.497, 126662, -0.29934
0.2275, 1.33263, 111.798, 149994, 0.158868, 159.497, 126662, -0.29434
0.2325, 1.33279, 111.798, 149994, 0.158868, 159.497, 126662, -0.28934
0.2375, 1.33289, 111.798, 149994, 0.158868, 159.497, 126662, -0.28434
0.2425, 1.33295, 111.797, 149994, 0.158868, 159.497, 126662, -0.27934
0.2475, 1.33298, 111.797, 149994, 0.158868, 159.497, 126662, -0.27434
0.2525, 1.333, 111.797, 149994, 0.158868, 159.497, 126662, -0.26934
0.2575, 1.333, 111.796, 149994, 0.158868, 159.497, 126662, -0.26434
0.2625, 1.333, 111.796, 149995, 0.158868, 159.497, 126662, -0.25934
0.2675, 1.333, 111.795, 149995, 0.158868, 159.497, 126662, -0.25434
0.2725, 1.333, 111.794, 149996, 0.158868, 159.497, 126662, -0.24934
0.2775, 1.333, 111.793, 149997, 0.158868, 159.497, 126662, -0.24434
0.2825, 1.33302, 111.793, 149997, 0.158868, 159.497, 126662, -0.23934
0.2875, 1.33307, 111.792, 149997, 0.158868, 159.497, 126662, -0.23434
0.2925, 1.33316, 111.793, 149997, 0.158868, 159.497, 126662, -0.22934
0.2975, 1.33325, 111.793, 149997, 0.158868, 159.497, 126662, -0.22434
0.3025, 1.33331, 111.794, 149996, 0.158868, 159.497, 126662, -0.21934
0.3075, 1.33335, 111.795, 149995, 0.158868, 159.497, 126662, -0.21434
0.3125, 1.33337, 111.796, 149995, 0.158868, 159.497, 126662, -0.20934
0.3175, 1.33338, 111.797, 149995, 0.158868, 159.497, 126662, -0.20434
0.3225, 1.33337, 111.797, 149995, 0.158868, 159.497, 126662, -0.19934
0.3275, 1.33335, 111.797, 149995, 0.158868, 159.497, 126662, -0.19434
0.3325, 1.33329, 111.797, 149995, 0.158868, 159.497, 126662, -0.18934
0.3375, 1.33322, 111.796, 149995, 0.158868, 159.497, 126662, -0.18434
0.3425, 1.33316, 111.796, 149995, 0.158868, 159.497, 126662, -0.17934
0.3475, 1.33312, 111.796, 149995, 0.158868, 159.497, 126662, -0.17434
0.3525, 1.33311, 111.796, 149995, 0.158868, 159.497, 126662, -0.16934
0.3575, 1.33311, 111.796, 149995, 0.158868, 159.497, 126662, -0.16434
0.3625, 1.33311, 111.796, 149995, 0.158868, 159.497, 126662, -0.15934
0.3675, 1.33316, 111.796, 149995, 0.158868, 159.497, 126662, -0.15434
0.3725, 1.33325, 111.794, 149996, 0.158868, 159.497, 126662, -0.14934
0.3775, 1.33335, 111.793, 149997, 0.158868, 159.497, 126662, -0.14434
0.3825, 1.33342, 111.791, 149998, 0.158868, 159.497, 126662, -0.13934
0.3875, 1.33347, 111.79, 149998, 0.158868, 159.497, 126662, -0.13434
0.3925, 1.33348, 111.789, 149999, 0.158868, 159.497, 126662, -0.12934
0.3975, 1.33349, 111.788, 149999, 0.158868, 159.497, 126662, -0.12434
0.4025, 1.33348, 111.788, 150000, 0.158868, 159.497, 126662, -0.11934
0.4075, 1.33343, 111.79, 149998, 0.158868, 159.497, 126662, -0.11434
0.4125, 1.33332, 111.797, 149995, 0.158868, 159.497, 126662, -0.10934
0.4175, 1.3332, 111.812, 149987, 0.158868, 159.497, 126662, -0.10434
0.4225, 1.33302, 111.845, 149970, 0.158868, 159.497, 126662, -0.0993404
0.4275, 1.33266, 111.931, 149924, 0.158868, 159.497, 126662, -0.0943406
0.4325, 1.33188, 112.15, 149807, 0.158868, 159.497, 126662, -0.0893412
0.4375, 1.33, 112.699, 149517, 0.158868, 159.497, 126662, -0.0843426
0.4425, 1.32547, 114.05, 148806, 0.158868, 159.497, 126662, -0.0793461
0.4475, 1.31483, 117.26, 147128, 0.158868, 159.497, 126662, -0.0743547
0.4525, 1.29712, 122.643, 144347, 0.158868, 159.497, 126662, -0.0693701
0.4575, 1.27479, 129.532, 140856, 0.158868, 159.497, 126662, -0.0643906
0.4625, 1.25213, 136.626, 137338, 0.158868, 159.497, 126662, -0.0594126
0.4675, 1.23231, 142.905, 134279, 0.158868, 159.497, 126662, -0.0544323
0.4725, 1.21626, 148.068, 131816, 0.158868, 159.497, 126662, -0.0494487
0.4775, 1.20397, 152.056, 129954, 0.158868, 159.497, 126662, -0.0444614
0.4825, 1.19502, 154.927, 128632, 0.158868, 159.497, 126662, -0.0394707
0.4875, 1.18874, 156.831, 127741, 0.158868, 159.497, 126662, -0.0344768
0.4925, 1.18449, 157.977, 127168, 0.158868, 159.497, 126662, -0.0294805
0.4975, 1.1818, 158.609, 126822, 0.158868, 159.497, 126662, -0.0244826
0.5025, 1.18036, 158.964, 126644, 0.158868, 159.497, 126662, -0.0194838
0.5075, 1.17986, 159.208, 126580, 0.158868, 159.497, 126662, -0.0144847
0.5125, 1.1799, 159.385, 126590, 0.158868, 159.497, 126662, -0.00948529
0.5175, 1.18015, 159.485, 126638, 0.158868, 159.497, 126662, -0.00448562
0.5225, 1.1803, 159.501, 126661, 0.158869, 159.503, 126663, 0.000514315
0.5275, 1.1803, 159.497, 126662, 0.158876, 159.555, 126672, 0.00551418
0.5325, 1.1803, 159.497, 126662, 0.158882, 159.599, 126680, 0.0105141
0.5375, 1.1803, 159.497, 126662, 0.158885, 159.631, 126686, 0.015514
0.5425, 1.1803, 159.497, 126662, 0.158887, 159.651, 126690, 0.020514
0.5475, 1.1803, 159.497, 126662, 0.158887, 159.661, 126692, 0.025514
0.5525, 1.1803, 159.497, 126662, 0.158885, 159.662, 126692, 0.030514
0.5575, 1.1803, 159.497, 126662, 0.158883, 159.653, 126690, 0.0355141
0.5625, 1.1803, 159.497, 126662, 0.158877, 159.607, 126682, 0.0405143
0.5675, 1.1803, 159.497, 126662, 0.158865, 159.525, 126667, 0.0455146
0.5725, 1.1803, 159.497, 126662, 0.158852, 159.424, 126648, 0.050515
0.5775, 1.1803, 159.497, 126662, 0.158836, 159.309, 126627, 0.0555153
0.5825, 1.1803, 159.497, 126662, 0.158818, 159.18, 126604, 0.0605158
0.5875, 1.1803, 159.497, 126662, 0.158793, 159.001, 126571, 0.0655167
0.5925, 1.1803, 159.497, 126662, 0.158752, 158.703, 126516, 0.070518
0.5975, 1.1803, 159.497, 126662, 0.158688, 158.238, 126431, 0.0755198
0.6025, 1.1803, 159.497, 126662, 0.158603, 157.62, 126318, 0.0805219
0.6075, 1.1803, 159.497, 126662, 0.158505, 156.915, 126189, 0.0855241
0.6125, 1.1803, 159.497, 126662, 0.158407, 156.2, 126058, 0.0905262
0.6175, 1.1803, 159.497, 126662, 0.15831, 155.495, 125930, 0.0955286
0.6225, 1.1803, 159.497, 126662, 0.158198, 154.687, 125782, 0.100532
0.6275, 1.1803, 159.497, 126662, 0.15803, 153.457, 125558, 0.105537
0.6325, 1.1803, 159.497, 126662, 0.157751, 151.424, 125189, 0.110546
0.6375, 1.1803, 159.497, 126662, 0.157347, 148.473, 124653, 0.115556
0.6425, 1.1803, 159.497, 126662, 0.156868, 144.97, 124021, 0.120567
0.6475, 1.1803, 159.497, 126662, 0.156383, 141.433, 123385, 0.125579
0.6525, 1.1803, 159.497, 126662, 0.15584, 137.448, 122671, 0.130597
0.6575, 1.1803, 159.497, 126662, 0.154886, 130.459, 121427, 0.135633
0.6625, 1.1803, 159.497, 126662, 0.152918, 115.941, 118876, 0.140698
0.6675, 1.1803, 159.497, 126662, 0.149762, 92.2777, 114809, 0.145777
0.6725, 1.1803, 159.497, 126662, 0.146397, 66.6221, 110527, 0.150844
0.6775, 1.1803, 159.497, 126662, 0.143757, 46.1724, 107206, 0.155893
0.6825, 1.1803, 159.497, 126662, 0.141897, 31.6355, 104894, 0.160926
0.6875, 1.1803, 159.497, 126662, 0.140642, 21.7546, 103345, 0.165949
0.6925, 1.1803, 159.497, 126662, 0.139799, 15.0925, 102311, 0.170964
0.6975, 1.1803, 159.497, 126662, 0.139228, 10.568, 101614, 0.175975
0.7025, 1.1803, 159.497, 126662, 0.138837, 7.45937, 101137, 0.180982
0.7075, 1.1803, 159.497, 126662, 0.138565, 5.299, 100807, 0.185987
0.7125, 1.1803, 159.497, 126662, 0.138375, 3.78287, 100575, 0.190991
0.7175, 1.1803, 159.497, 126662, 0.13824, 2.71051, 100412, 0.195994
0.7225, 1.1803, 159.497, 126662, 0.138144, 1.94744, 100296, 0.200995
0.7275, 1.1803, 159.497, 126662, 0.138076, 1.40196, 100213, 0.205997
0.7325, 1.1803, 159.497, 126662, 0.138027, 1.01067, 100153, 0.210998
0.7375, 1.1803, 159.497, 126662, 0.137991, 0.729281, 100111, 0.215998
0.7425, 1.1803, 159.497, 126662, 0.137966, 0.526539, 100080, 0.220999
0.7475, 1.1803, 159.497, 126662, 0.137948, 0.380268, 100058, 0.225999
0.7525, 1.1803, 159.497, 126662, 0.137934, 0.27464, 100042, 0.230999
0.7575, 1.1803, 159.497, 126662, 0.137925, 0.198315, 100030, 0.236
0.7625, 1.1803, 159.497, 126662, 0.137918, 0.143144, 100022, 0.241
0.7675, 1.1803, 159.497, 126662, 0.137913, 0.103258, 100016, 0.246
0.7725, 1.1803, 159.497, 126662, 0.137909, 0.0744231, 100011, 0.251
0.7775, 1.1803, 159.497, 126662, 0.137907, 0.0535805, 100008, 0.256
0.7825, 1.1803, 159.497, 126662, 0.137905, 0.0385198, 100006, 0.261
0.7875, 1.1803, 159.497, 126662, 0.137903, 0.0276417, 100004, 0.266
0.7925, 1.1803, 159.497, 126662, 0.137902, 0.0197895, 100003, 0.271
0.7975, 1.1803, 159.497, 126662, 0.137902, 0.0141258, 100002, 0.276
0.8025, 1.1803, 159.497, 126662, 0.137901, 0.0100442, 100002, 0.281
0.8075, 1.1803, 159.497, 126662, 0.137901, 0.00710596, 100001, 0.286
0.8125, 1.1803, 159.497, 126662, 0.137901, 0.00499294, 100001, 0.291
0.8175, 1.1803, 159.497, 126662, 0.1379, 0.0034748, 100001, 0.296
0.8225, 1.1803, 159.497, 126662, 0.1379, 0.0023847, 100000, 0.301
0.8275, 1.1803, 159.497, 126662, 0.1379, 0.00160191, 100000, 0.306
0.8325, 1.1803, 159.497, 126662, 0.1379, 0.00103926, 100000, 0.311
0.8375, 1.1803, 159.497, 126662, 0.1379, 0.000634054, 100000, 0.316
0.8425, 1.1803, 159.497, 126662, 0.1379, 0.000341345, 100000, 0.321
0.8475, 1.1803, 159.497, 126662, 0.1379, 0.000129107, 100000, 0.326
0.8525, 1.1803, 159.497, 126662, 0.1379, -2.53806e-05, 100000, 0.331
0.8575, 1.1803, 159.497, 126662, 0.1379, -0.000138186, 100000, 0.336
0.8625, 1.1803, 159.497, 126662, 0.1379, -0.000220672, 100000, 0.341
0.8675, 1.1803, 159.497, 126662, 0.1379, -0.000280924, 100000, 0.346
0.8725, 1.1803, 159.497, 126662, 0.1379, -0.000324758, 100000, 0.351
0.8775, 1.1803, 159.497, 126662, 0.1379, -0.000356432, 99999.9, 0.356
0.8825, 1.1803, 159.497, 126662, 0.1379, -0.000379114, 99999.9, 0.361
0.8875, 1.1803, 159.497, 126662, 0.1379, -0.000395193, 99999.9, 0.366
0.8925, 1.1803, 159.497, 126662, 0.1379, -0.000406472, 99999.9, 0.371
0.8975, 1.1803, 159.497, 126662, 0.1379, -0.000414308, 99999.9, 0.376
0.9025, 1.1803, 159.497, 126662, 0.1379, -0.0004197, 99999.9, 0.381
0.9075, 1.1803, 159.497, 126662, 0.1379, -0.000423378, 99999.9, 0.386
0.9125, 1.1803, 159.497, 126662, 0.1379, -0.000425861, 99999.9, 0.391
0.9175, 1.1803, 159.497, 126662, 0.1379, -0.000427514, 99999.9, 0.396
0.9225, 1.1803, 159.497, 126662, 0.1379, -0.000428596, 99999.9, 0.401
0.9275, 1.1803, 159.497, 126662, 0.1379, -0.000429289, 99999.9, 0.406
0.9325, 1.1803, 159.497, 126662, 0.1379, -0.000429718, 99999.9, 0.411
0.9375, 1.1803, 159.497, 126662, 0.1379, -0.000429974, 99999.9, 0.416
0.9425, 1.1803, 159.497, 126662, 0.1379, -0.000430119, 99999.9, 0.421
0.9475, 1.1803, 159.497, 126662, 0.1379, -0.000430195, 99999.9, 0.426
0.9525, 1.1803, 159.497, 126662, 0.1379, -0.000430231, 99999.9, 0.431
0.9575, 1.1803, 159.497, 126662, 0.1379, -0.000430244, 99999.9, 0.436
0.9625, 1.1803, 159.497, 126662, 0.1379, -0.000430247, 99999.9, 0.441
0.9675, 1.1803, 159.497, 126662, 0.1379, -0.000430243, 99999.9, 0.446
0.9725, 1.1803, 159.497, 126662, 0.1379, -0.000430227, 99999.9, 0.451
0.9775, 1.1803, 159.497, 126662, 0.1379, -0.00043021, 99999.9, 0.456
0.9825, 1.1803, 159.497, 126662, 0.1379, -0.000430198, 99999.9, 0.461
0.9875, 1.1803, 159.497, 126662, 0.1379, -0.000430188, 99999.9, 0.466
0.9925, 1.1803, 159.497, 126662, 0.1379, -0.00043018, 99999.9, 0.471
0.9975, 1.1803, 159.497, 126662, 0.1379, -0.000430174, 99999.9, 0.476
