0.0025, 1.33292, 111.802, 149992, 0.140741, 22.5216, 103465, -0.49776
0.0075, 1.33293, 111.8, 149993, 0.140741, 22.5216, 103465, -0.493155
0.0125, 1.33294, 111.798, 149994, 0.140741, 22.5216, 103465, -0.488155
0.0175, 1.33294, 111.796, 149995, 0.140741, 22.5216, 103465, -0.483155
0.0225, 1.33294, 111.795, 149995, 0.140741, 22.5216, 103465, -0.478155
0.0275, 1.33295, 111.795, 149995, 0.140741, 22.5216, 103465, -0.473155
0.0325, 1.33295, 111.795, 149996, 0.140741, 22.5216, 103465, -0.468155
0.0375, 1.33295, 111.795, 149995, 0.140741, 22.5216, 103465, -0.463155
0.0425, 1.33294, 111.796, 149995, 0.140741, 22.5216, 103465, -0.458155
0.0475, 1.33294, 111.797, 149995, 0.140741, 22.5216, 103465, -0.453155
0.0525, 1.33293, 111.798, 149994, 0.140741, 22.5216, 103465, -0.448155
0.0575, 1.33293, 111.8, 149993, 0.140741, 22.5216, 103465, -0.443155
0.0625, 1.33293, 111.8, 149993, 0.140741, 22.5216, 103465, -0.438155
0.0675, 1.33293, 111.801, 149992, 0.140741, 22.5216, 103465, -0.433155
0.0725, 1.33294, 111.801, 149992, 0.140741, 22.5216, 103465, -0.428155
0.0775, 1.33294, 111.801, 149992, 0.140741, 22.5216, 103465, -0.423155
0.0825, 1.33295, 111.8, 149993, 0.140741, 22.5216, 103465, -0.418155
0.0875, 1.33296, 111.799, 149993, 0.140741, 22.5216, 103465, -0.413155
0.0925, 1.33297, 111.798, 149994, 0.140741, 22.5216, 103465, -0.408155
0.0975, 1.33298, 111.797, 149995, 0.140741, 22.5216, 103465, -0.403155
0.1025, 1.33298, 111.795, 149995, 0.140741, 22.5216, 103465, -0.398155
0.1075, 1.33298, 111.794, 149996, 0.140741, 22.5216, 103465, -0.393155
0.1125, 1.33298, 111.793, 149997, 0.140741, 22.5216, 103465, -0.388155
0.1175, 1.33296, 111.792, 149997, 0.140741, 22.5216, 103465, -0.383155
0.1225, 1.33293, 111.792, 149997, 0.140741, 22.5216, 103465, -0.378155
0.1275, 1.33282, 111.793, 149997, 0.140741, 22.5216, 103465, -0.373155
0.1325, 1.33255, 111.795, 149996, 0.140741, 22.5216, 103465, -0.368155
0.1375, 1.33213, 111.797, 149995, 0.140741, 22.5216, 103465, -0.363155
0.1425, 1.33167, 111.798, 149994, 0.140741, 22.5216, 103465, -0.358155
0.1475, 1.33128, 111.799, 149993, 0.140741, 22.5216, 103465, -0.353155
0.1525, 1.33098, 111.8, 149993, 0.140741, 22.5216, 103465, -0.348155
0.1575, 1.33078, 111.8, 149992, 0.140741, 22.5216, 103465, -0.343155
0.1625, 1.33066, 111.8, 149992, 0.140741, 22.5216, 103465, -0.338155
0.1675, 1.3306, 111.8, 149992, 0.140741, 22.5216, 103465, -0.333155
0.1725, 1.33059, 111.8, 149993, 0.140741, 22.5216, 103465, -0.328155
0.1775, 1.33061, 111.8, 149993, 0.140741, 22.5216, 103465, -0.323155
0.1825, 1.3307, 111.799, 149993, 0.140741, 22.5216, 103465, -0.318155
0.1875, 1.331, 111.798, 149994, 0.140741, 22.5216, 103465, -0.313155
0.1925, 1.33148, 111.797, 149994, 0.140741, 22.5216, 103465, -0.308155
0.1975, 1.33197, 111.796, 149995, 0.140741, 22.5216, 103465, -0.303155
0.2025, 1.33237, 111.794, 149996, 0.140741, 22.5216, 103465, -0.298155
0.2075, 1.33266, 111.793, 149997, 0.140741, 22.5216, 103465, -0.293155
0.2125, 1.33287, 111.791, 149998, 0.140741, 22.5216, 103465, -0.288155
0.2175, 1.33299, 111.791, 149998, 0.140741, 22.5216, 103465, -0.283155
0.2225, 1.33306, 111.79, 149998, 0.140741, 22.5216, 103465, -0.278155
0.2275, 1.33309, 111.79, 149998, 0.140741, 22.5216, 103465, -0.273155
0.2325, 1.33309, 111.791, 149998, 0.140741, 22.5216, 103465, -0.268155
0.2375, 1.33307, 111.792, 149997, 0.140741, 22.5216, 103465, -0.263155
0.2425, 1.33303, 111.795, 149996, 0.140741, 22.5216, 103465, -0.258155
0.2475, 1.33298, 111.796, 149995, 0.140741, 22.5216, 103465, -0.253155
0.2525, 1.33295, 111.798, 149994, 0.140741, 22.5216, 103465, -0.248155
0.2575, 1.33294, 111.798, 149994, 0.140741, 22.5216, 103465, -0.243155
0.2625, 1.33294, 111.798, 149993, 0.140741, 22.5216, 103465, -0.238155
0.2675, 1.33296, 111.798, 149993, 0.140741, 22.5216, 103465, -0.233155
0.2725, 1.33304, 111.798, 149993, 0.140741, 22.5216, 103465, -0.228155
0.2775, 1.33317, 111.797, 149994, 0.140741, 22.5216, 103465, -0.223155
0.2825, 1.33329, 111.797, 149994, 0.140741, 22.5216, 103465, -0.218155
0.2875, 1.33337, 111.797, 149994, 0.140741, 22.5216, 103465, -0.213155
0.2925, 1.33342, 111.798, 149994, 0.140741, 22.5216, 103465, -0.208155
0.2975, 1.33344, 111.798, 149994, 0.140741, 22.5216, 103465, -0.203155
0.3025, 1.33344, 111.798, 149994, 0.140741, 22.5216, 103465, -0.198155
0.3075, 1.33343, 111.797, 149995, 0.140741, 22.5216, 103465, -0.193155
0.3125, 1.33338, 111.796, 149995, 0.140741, 22.5216, 103465, -0.188155
0.3175, 1.33328, 111.795, 149996, 0.140741, 22.5216, 103465, -0.183155
0.3225, 1.33317, 111.793, 149997, 0.140741, 22.5216, 103465, -0.178155
0.3275, 1.3331, 111.793, 149997, 0.140741, 22.5216, 103465, -0.173155
0.3325, 1.33306, 111.792, 149998, 0.140741, 22.5216, 103465, -0.168155
0.3375, 1.33305, 111.792, 149998, 0.140741, 22.5216, 103465, -0.163155
0.3425, 1.33305, 111.792, 149997, 0.140741, 22.5216, 103465, -0.158155
0.3475, 1.33307, 111.793, 149996, 0.140741, 22.5216, 103465, -0.153155
0.3525, 1.33316, 111.795, 149995, 0.140741, 22.5216, 103465, -0.148155
0.3575, 1.33329, 111.796, 149995, 0.140741, 22.5216, 103465, -0.143155
0.3625, 1.3334, 111.797, 149994, 0.140741, 22.5216, 103465, -0.138155
0.3675, 1.33348, 111.797, 149994, 0.140741, 22.5216, 103465, -0.133155
0.3725, 1.33353, 111.797, 149994, 0.140741, 22.5216, 103465, -0.128155
0.3775, 1.33354, 111.797, 149994, 0.140741, 22.5216, 103465, -0.123155
0.3825, 1.33355, 111.796, 149995, 0.140741, 22.5216, 103465, -0.118155
0.3875, 1.33353, 111.796, 149995, 0.140741, 22.5216, 103465, -0.113155
0.3925, 1.33344, 111.797, 149995, 0.140741, 22.5216, 103465, -0.108155
0.3975, 1.33327, 111.797, 149995, 0.140741, 22.5216, 103465, -0.103155
0.4025, 1.3331, 111.797, 149995, 0.140741, 22.5216, 103465, -0.0981551
0.4075, 1.333, 111.797, 149995, 0.140741, 22.5216, 103465, -0.0931551
0.4125, 1.33296, 111.797, 149995, 0.140741, 22.5216, 103465, -0.0881551
0.4175, 1.33295, 111.796, 149995, 0.140741, 22.5216, 103465, -0.0831551
0.4225, 1.333, 111.794, 149996, 0.140741, 22.5216, 103465, -0.0781551
0.4275, 1.33313, 111.792, 149998, 0.140741, 22.5216, 103465, -0.0731551
0.4325, 1.33332, 111.79, 149999, 0.140741, 22.5216, 103465, -0.0681551
0.4375, 1.33347, 111.789, 150000, 0.140741, 22.5216, 103465, -0.0631551
0.4425, 1.33355, 111.787, 150000, 0.140741, 22.5216, 103465, -0.0581551
0.4475, 1.33358, 111.786, 149998, 0.140741, 22.5216, 103465, -0.0531551
0.4525, 1.33359, 111.783, 149993, 0.140741, 22.5216, 103465, -0.0481551
0.4575, 1.33351, 111.766, 149981, 0.140741, 22.5216, 103465, -0.043155
0.4625, 1.33317, 111.692, 149939, 0.140741, 22.5216, 103465, -0.0381546
0.4675, 1.33199, 111.403, 149787, 0.140741, 22.5216, 103465, -0.033153
0.4725, 1.32846, 110.436, 149268, 0.140741, 22.5216, 103465, -0.0281479
0.4775, 1.31442, 106.305, 147059, 0.140741, 22.5216, 103465, -0.023125
0.4825, 1.2654, 92.0589, 139507, 0.140741, 22.5216, 103465, -0.0180577
0.4875, 1.17613, 65.2161, 125956, 0.140741, 22.5216, 103465, -0.0129566
0.4925, 1.09124, 39.1077, 113267, 0.140741, 22.5216, 103465, -0.00787306
0.4975, 1.03921, 24.7856, 105634, 0.14074, 22.5093, 103463, -0.00282972
0.5025, 1.02432, 22.0808, 103493, 0.140654, 21.8394, 103358, 0.00217901
0.5075, 1.02414, 22.5216, 103465, 0.13996, 16.3605, 102508, 0.00719472
0.5125, 1.02414, 22.5216, 103465, 0.139427, 12.1416, 101856, 0.0122067
0.5175, 1.02414, 22.5216, 103465, 0.139024, 8.94841, 101365, 0.0172156
0.5225, 1.02414, 22.5216, 103465, 0.138724, 6.56189, 101000, 0.0222223
0.5275, 1.02414, 22.5216, 103465, 0.138502, 4.7945, 100730, 0.0272272
0.5325, 1.02414, 22.5216, 103465, 0.138338, 3.49411, 100531, 0.0322308
0.5375, 1.02414, 22.5216, 103465, 0.138219, 2.54171, 100386, 0.0372334
0.5425, 1.02414, 22.5216, 103465, 0.138131, 1.84641, 100281, 0.0422354
0.5475, 1.02414, 22.5216, 103465, 0.138068, 1.33995, 100204, 0.0472367
0.5525, 1.02414, 22.5216, 103465, 0.138022, 0.971641, 100148, 0.0522378
0.5575, 1.02414, 22.5216, 103465, 0.137988, 0.704098, 100107, 0.0572385
0.5625, 1.02414, 22.5216, 103465, 0.137964, 0.509915, 100077, 0.062239
0.5675, 1.02414, 22.5216, 103465, 0.137946, 0.369069, 100056, 0.0672394
0.5725, 1.02414, 22.5216, 103465, 0.137933, 0.266963, 100041, 0.0722397
0.5775, 1.02414, 22.5216, 103465, 0.137924, 0.192974, 100029, 0.0772399
0.5825, 1.02414, 22.5216, 103465, 0.137917, 0.139384, 100021, 0.08224
0.5875, 1.02414, 22.5216, 103465, 0.137913, 0.100585, 100015, 0.0872402
0.5925, 1.02414, 22.5216, 103465, 0.137909, 0.072508, 100011, 0.0922402
0.5975, 1.02414, 22.5216, 103465, 0.137907, 0.0522003, 100008, 0.0972403
0.6025, 1.02414, 22.5216, 103465, 0.137905, 0.0375204, 100006, 0.10224
0.6075, 1.02414, 22.5216, 103465, 0.137903, 0.0269152, 100004, 0.10724
0.6125, 1.02414, 22.5216, 103465, 0.137902, 0.0192593, 100003, 0.11224
0.6175, 1.02414, 22.5216, 103465, 0.137902, 0.013737, 100002, 0.11724
0.6225, 1.02414, 22.5216, 103465, 0.137901, 0.00975764, 100001, 0.12224
0.6275, 1.02414, 22.5216, 103465, 0.137901, 0.0068935, 100001, 0.12724
0.6325, 1.02414, 22.5216, 103465, 0.137901, 0.00483484, 100001, 0.13224
0.6375, 1.02414, 22.5216, 103465, 0.1379, 0.0033572, 100001, 0.13724
0.6425, 1.02414, 22.5216, 103465, 0.1379, 0.00229787, 100000, 0.14224
0.6475, 1.02414, 22.5216, 103465, 0.1379, 0.00153885, 100000, 0.14724
0.6525, 1.02414, 22.5216, 103465, 0.1379, 0.000994685, 100000, 0.15224
0.6575, 1.02414, 22.5216, 103465, 0.1379, 0.00060366, 100000, 0.15724
0.6625, 1.02414, 22.5216, 103465, 0.1379, 0.000321505, 100000, 0.16224
0.6675, 1.02414, 22.5216, 103465, 0.1379, 0.000116755, 100000, 0.16724
0.6725, 1.02414, 22.5216, 103465, 0.1379, -3.27304e-05, 100000, 0.17224
0.6775, 1.02414, 22.5216, 103465, 0.1379, -0.000142446, 100000, 0.17724
0.6825, 1.02414, 22.5216, 103465, 0.1379, -0.000223251, 100000, 0.18224
0.6875, 1.02414, 22.5216, 103465, 0.1379, -0.000282798, 100000, 0.18724
0.6925, 1.02414, 22.5216, 103465, 0.1379, -0.000326515, 100000, 0.19224
0.6975, 1.02414, 22.5216, 103465, 0.1379, -0.000358299, 99999.9, 0.19724
0.7025, 1.02414, 22.5216, 103465, 0.1379, -0.000381046, 99999.9, 0.20224
0.7075, 1.02414, 22.5216, 103465, 0.1379, -0.000397011, 99999.9, 0.20724
0.7125, 1.02414, 22.5216, 103465, 0.1379, -0.000408006, 99999.9, 0.21224
0.7175, 1.02414, 22.5216, 103465, 0.1379, -0.000415482, 99999.9, 0.21724
0.7225, 1.02414, 22.5216, 103465, 0.1379, -0.00042054, 99999.9, 0.22224
0.7275, 1.02414, 22.5216, 103465, 0.1379, -0.000423963, 99999.9, 0.22724
0.7325, 1.02414, 22.5216, 103465, 0.1379, -0.000426278, 99999.9, 0.23224
0.7375, 1.02414, 22.5216, 103465, 0.1379, -0.00042783, 99999.9, 0.23724
0.7425, 1.02414, 22.5216, 103465, 0.1379, -0.000428848, 99999.9, 0.24224
0.7475, 1.02414, 22.5216, 103465, 0.1379, -0.000429491, 99999.9, 0.24724
0.7525, 1.02414, 22.5216, 103465, 0.1379, -0.000429877, 99999.9, 0.25224
0.7575, 1.02414, 22.5216, 103465, 0.1379, -0.000430093, 99999.9, 0.25724
0.7625, 1.02414, 22.5216, 103465, 0.1379, -0.000430203, 99999.9, 0.26224
0.7675, 1.02414, 22.5216, 103465, 0.1379, -0.000430252, 99999.9, 0.26724
0.7725, 1.02414, 22.5216, 103465, 0.1379, -0.00043027, 99999.9, 0.27224
0.7775, 1.02414, 22.5216, 103465, 0.1379, -0.000430273, 99999.9, 0.27724
0.7825, 1.02414, 22.5216, 103465, 0.1379, -0.000430267, 99999.9, 0.28224
0.7875, 1.02414, 22.5216, 103465, 0.1379, -0.000430246, 99999.9, 0.28724
0.7925, 1.02414, 22.5216, 103465, 0.1379, -0.000430226, 99999.9, 0.29224
0.7975, 1.02414, 22.5216, 103465, 0.1379, -0.000430211, 99999.9, 0.29724
0.8025, 1.02414, 22.5216, 103465, 0.1379, -0.000430198, 99999.9, 0.30224
0.8075, 1.02414, 22.5216, 103465, 0.1379, -0.000430188, 99999.9, 0.30724
0.8125, 1.02414, 22.5216, 103465, 0.1379, -0.000430181, 99999.9, 0.31224
0.8175, 1.02414, 22.5216, 103465, 0.1379, -0.000430175, 99999.9, 0.31724
0.8225, 1.02414, 22.5216, 103465, 0.1379, -0.000430171, 99999.9, 0.32224
0.8275, 1.02414, 22.5216, 103465, 0.1379, -0.000430168, 99999.9, 0.32724
0.8325, 1.02414, 22.5216, 103465, 0.1379, -0.000430165, 99999.9, 0.33224
0.8375, 1.02414, 22.5216, 103465, 0.1379, -0.000430164, 99999.9, 0.33724
0.8425, 1.02414, 22.5216, 103465, 0.1379, -0.000430162, 99999.9, 0.34224
0.8475, 1.02414, 22.5216, 103465, 0.1379, -0.000430162, 99999.9, 0.34724
0.8525, 1.02414, 22.5216, 103465, 0.1379, -0.000430161, 99999.9, 0.35224
0.8575, 1.02414, 22.5216, 103465, 0.1379, -0.000430161, 99999.9, 0.35724
0.8625, 1.02414, 22.5216, 103465, 0.1379, -0.000430161, 99999.9, 0.36224
0.8675, 1.02414, 22.5216, 103465, 0.1379, -0.00043016, 99999.9, 0.36724
0.8725, 1.02414, 22.5216, 103465, 0.1379, -0.00043016, 99999.9, 0.37224
0.8775, 1.02414, 22.5216, 103465, 0.1379, -0.00043016, 99999.9, 0.37724
0.8825, 1.02414, 22.5216, 103465, 0.1379, -0.00043016, 99999.9, 0.38224
0.8875, 1.02414, 22.5216, 103465, 0.1379, -0.00043016, 99999.9, 0.38724
0.8925, 1.02414, 22.5216, 103465, 0.1379, -0.00043016, 99999.9, 0.39224
0.8975, 1.02414, 22.5216, 103465, 0.1379, -0.00043016, 99999.9, 0.39724
0.9025, 1.02414, 22.5216, 103465, 0.1379, -0.00043016, 99999.9, 0.40224
0.9075, 1.02414, 22.5216, 103465, 0.1379, -0.00043016, 99999.9, 0.40724
0.9125, 1.02414, 22.5216, 103465, 0.1379, -0.00043016, 99999.9, 0.41224
0.9175, 1.02414, 22.5216, 103465, 0.1379, -0.00043016, 99999.9, 0.41724
0.9225, 1.02414, 22.5216, 103465, 0.1379, -0.00043016, 99999.9, 0.42224
0.9275, 1.02414, 22.5216, 103465, 0.1379, -0.00043016, 99999.9, 0.42724
0.9325, 1.02414, 22.5216, 103465, 0.1379, -0.00043016, 99999.9, 0.43224
0.9375, 1.02414, 22.5216, 103465, 0.1379, -0.00043016, 99999.9, 0.43724
0.9425, 1.02414, 22.5216, 103465, 0.1379, -0.00043016, 99999.9, 0.44224
0.9475, 1.02414, 22.5216, 103465, 0.1379, -0.00043016, 99999.9, 0.44724
0.9525, 1.02414, 22.5216, 103465, 0.1379, -0.00043016, 99999.9, 0.45224
0.9575, 1.02414, 22.5216, 103465, 0.1379, -0.00043016, 99999.9, 0.45724
0.9625, 1.02414, 22.5216, 103465, 0.1379, -0.00043016, 99999.9, 0.46224
0.9675, 1.02414, 22.5216, 103465, 0.1379, -0.00043016, 99999.9, 0.46724
0.9725, 1.02414, 22.5216, 103465, 0.1379, -0.00043016, 99999.9, 0.47224
0.9775, 1.02414, 22.5216, 103465, 0.1379, -0.00043016, 99999.9, 0.47724
0.9825, 1.02414, 22.5216, 103465, 0.1379, -0.00043016, 99999.9, 0.48224
0.9875, 1.02414, 22.5216, 103465, 0.1379, -0.00043016, 99999.9, 0.48724
0.9925, 1.02414, 22.5216, 103465, 0.1379, -0.00043016, 99999.9, 0.49224
0.9975, 1.02414, 22.5216, 103465, 0.1379, -0.00043016, 99999.9, 0.49724
