0.0025, 1.33291, 111.805, 149990, 0.1379, -0.000238604, 99999.9, -0.4975
0.0075, 1.33291, 111.805, 149990, 0.1379, -0.000238604, 99999.9, -0.492906
0.0125, 1.33291, 111.805, 149990, 0.1379, -0.000238604, 99999.9, -0.487906
0.0175, 1.33291, 111.806, 149990, 0.1379, -0.000238604, 99999.9, -0.482906
0.0225, 1.33291, 111.807, 149989, 0.1379, -0.000238604, 99999.9, -0.477906
0.0275, 1.3329, 111.808, 149989, 0.1379, -0.000238604, 99999.9, -0.472906
0.0325, 1.3329, 111.808, 149989, 0.1379, -0.000238604, 99999.9, -0.467906
0.0375, 1.33291, 111.808, 149988, 0.1379, -0.000238604, 99999.9, -0.462906
0.0425, 1.33291, 111.808, 149989, 0.1379, -0.000238604, 99999.9, -0.457906
0.0475, 1.33292, 111.807, 149989, 0.1379, -0.000238604, 99999.9, -0.452906
0.0525, 1.33292, 111.807, 149989, 0.1379, -0.000238604, 99999.9, -0.447906
0.0575, 1.33293, 111.806, 149990, 0.1379, -0.000238604, 99999.9, -0.442906
0.0625, 1.33294, 111.805, 149990, 0.1379, -0.000238604, 99999.9, -0.437906
0.0675, 1.33295, 111.804, 149990, 0.1379, -0.000238604, 99999.9, -0.432906
0.0725, 1.33296, 111.803, 149991, 0.1379, -0.000238604, 99999.9, -0.427906
0.0775, 1.33296, 111.802, 149992, 0.1379, -0.000238604, 99999.9, -0.422906
0.0825, 1.33296, 111.8, 149993, 0.1379, -0.000238604, 99999.9, -0.417906
0.0875, 1.33296, 111.798, 149994, 0.1379, -0.000238604, 99999.9, -0.412906
0.0925, 1.33295, 111.796, 149995, 0.1379, -0.000238604, 99999.9, -0.407906
0.0975, 1.33292, 111.794, 149996, 0.1379, -0.000238604, 99999.9, -0.402906
0.1025, 1.33282, 111.793, 149997, 0.1379, -0.000238604, 99999.9, -0.397906
0.1075, 1.33254, 111.793, 149997, 0.1379, -0.000238604, 99999.9, -0.392906
0.1125, 1.33204, 111.795, 149996, 0.1379, -0.000238604, 99999.9, -0.387906
0.1175, 1.33149, 111.796, 149995, 0.1379, -0.000238604, 99999.9, -0.382906
0.1225, 1.33102, 111.798, 149994, 0.1379, -0.000238604, 99999.9, -0.377906
0.1275, 1.33067, 111.799, 149993, 0.1379, -0.000238604, 99999.9, -0.372906
0.1325, 1.33044, 111.8, 149993, 0.1379, -0.000238604, 99999.9, -0.367906
0.1375, 1.33033, 111.801, 149992, 0.1379, -0.000238604, 99999.9, -0.362906
0.1425, 1.33029, 111.801, 149992, 0.1379, -0.000238604, 99999.9, -0.357906
0.1475, 1.33029, 111.801, 149992, 0.1379, -0.000238604, 99999.9, -0.352906
0.1525, 1.33036, 111.8, 149993, 0.1379, -0.000238604, 99999.9, -0.347906
0.1575, 1.33065, 111.8, 149993, 0.1379, -0.000238604, 99999.9, -0.342906
0.1625, 1.33122, 111.798, 149993, 0.1379, -0.000238604, 99999.9, -0.337906
0.1675, 1.33184, 111.797, 149994, 0.1379, -0.000238604, 99999.9, -0.332906
0.1725, 1.33236, 111.796, 149995, 0.1379, -0.000238604, 99999.9, -0.327906
0.1775, 1.33274, 111.795, 149996, 0.1379, -0.000238604, 99999.9, -0.322906
0.1825, 1.33301, 111.794, 149996, 0.1379, -0.000238604, 99999.9, -0.317906
0.1875, 1.33317, 111.793, 149997, 0.1379, -0.000238604, 99999.9, -0.312906
0.1925, 1.33325, 111.792, 149998, 0.1379, -0.000238604, 99999.9, -0.307906
0.1975, 1.33327, 111.792, 149998, 0.1379, -0.000238604, 99999.9, -0.302906
0.2025, 1.33327, 111.792, 149997, 0.1379, -0.000238604, 99999.9, -0.297906
0.2075, 1.33321, 111.794, 149996, 0.1379, -0.000238604, 99999.9, -0.292906
0.2125, 1.33307, 111.797, 149995, 0.1379, -0.000238604, 99999.9, -0.287906
0.2175, 1.33293, 111.799, 149993, 0.1379, -0.000238604, 99999.9, -0.282906
0.2225, 1.33283, 111.801, 149992, 0.1379, -0.000238604, 99999.9, -0.277906
0.2275, 1.3328, 111.802, 149992, 0.1379, -0.000238604, 99999.9, -0.272906
0.2325, 1.33279, 111.802, 149991, 0.1379, -0.000238604, 99999.9, -0.267906
0.2375, 1.3328, 111.802, 149991, 0.1379, -0.000238604, 99999.9, -0.262906
0.2425, 1.3329, 111.8, 149992, 0.1379, -0.000238604, 99999.9, -0.257906
0.2475, 1.33309, 111.798, 149993, 0.1379, -0.000238604, 99999.9, -0.252906
0.2525, 1.33328, 111.798, 149994, 0.1379, -0.000238604, 99999.9, -0.247906
0.2575, 1.33342, 111.798, 149994, 0.1379, -0.000238604, 99999.9, -0.242906
0.2625, 1.33351, 111.798, 149994, 0.1379, -0.000238604, 99999.9, -0.237906
0.2675, 1.33356, 111.798, 149994, 0.1379, -0.000238604, 99999.9, -0.232906
0.2725, 1.33357, 111.798, 149995, 0.1379, -0.000238604, 99999.9, -0.227906
0.2775, 1.33357, 111.797, 149995, 0.1379, -0.000238604, 99999.9, -0.222906
0.2825, 1.33355, 111.794, 149997, 0.1379, -0.000238604, 99999.9, -0.217906
0.2875, 1.33345, 111.79, 149998, 0.1379, -0.000238604, 99999.9, -0.212906
0.2925, 1.33325, 111.788, 149999, 0.1379, -0.000238604, 99999.9, -0.207906
0.2975, 1.33305, 111.787, 149999, 0.1379, -0.000238604, 99999.9, -0.202906
0.3025, 1.33293, 111.787, 149999, 0.1379, -0.000238604, 99999.9, -0.197906
0.3075, 1.33287, 111.789, 149999, 0.1379, -0.000238604, 99999.9, -0.192906
0.3125, 1.33285, 111.792, 149997, 0.1379, -0.000238604, 99999.9, -0.187906
0.3175, 1.33288, 111.796, 149995, 0.1379, -0.000238604, 99999.9, -0.182906
0.3225, 1.333, 111.801, 149994, 0.1379, -0.000238604, 99999.9, -0.177906
0.3275, 1.33321, 111.803, 149994, 0.1379, -0.000238604, 99999.9, -0.172906
0.3325, 1.33341, 111.8, 149994, 0.1379, -0.000238604, 99999.9, -0.167906
0.3375, 1.33352, 111.794, 149988, 0.1379, -0.000238604, 99999.9, -0.162906
0.3425, 1.33358, 111.77, 149976, 0.1379, -0.000238604, 99999.9, -0.157906
0.3475, 1.33344, 111.684, 149937, 0.1379, -0.000238604, 99999.9, -0.152906
0.3525, 1.33236, 111.386, 149779, 0.1379, -0.000238604, 99999.9, -0.147904
0.3575, 1.32855, 110.378, 149243, 0.1379, -0.000238604, 99999.9, -0.142898
0.3625, 1.31348, 105.975, 146939, 0.1379, -0.000238604, 99999.9, -0.137873
0.3675, 1.26323, 90.8586, 139210, 0.1379, -0.000238604, 99999.9, -0.1328
0.3725, 1.17639, 63.0237, 125967, 0.1379, -0.000238604, 99999.9, -0.127694
0.3775, 1.09949, 36.5326, 114433, 0.1379, -0.000238604, 99999.9, -0.122608
0.3825, 1.05107, 18.9863, 107304, 0.1379, -0.000238604, 99999.9, -0.117555
0.3875, 1.02463, 9.1996, 103488, 0.1379, -0.000238604, 99999.9, -0.112526
0.3925, 1.01147, 4.2882, 101614, 0.1379, -0.000238604, 99999.9, -0.107512
0.3975, 1.00523, 1.9584, 100735, 0.1379, -0.000238604, 99999.9, -0.102505
0.4025, 1.00236, 0.884366, 100331, 0.1379, -0.000238604, 99999.9, -0.0975024
0.4075, 1.00106, 0.39647, 100148, 0.1379, -0.000238604, 99999.9, -0.0925011
0.4125, 1.00047, 0.176715, 100066, 0.1379, -0.000238604, 99999.9, -0.0875005
0.4175, 1.00021, 0.07833, 100029, 0.1379, -0.000238604, 99999.9, -0.0825002
0.4225, 1.00009, 0.0345179, 100013, 0.1379, -0.000238604, 99999.9, -0.0775001
0.4275, 1.00004, 0.0151148, 100006, 0.1379, -0.000238604, 99999.9, -0.0725
0.4325, 1.00002, 0.00657316, 100002, 0.1379, -0.000238604, 99999.9, -0.0675
0.4375, 1.00001, 0.00283814, 100001, 0.1379, -0.000238604, 99999.9, -0.0625
0.4425, 1, 0.00121708, 100000, 0.1379, -0.000238604, 99999.9, -0.0575
0.4475, 1, 0.000519303, 100000, 0.1379, -0.000238604, 99999.9, -0.0525
0.4525, 1, 0.000221648, 100000, 0.1379, -0.000238604, 99999.9, -0.0475
0.4575, 1, 9.59092e-05, 100000, 0.1379, -0.000238604, 99999.9, -0.0425
0.4625, 1, 4.334e-05, 100000, 0.1379, -0.000238604, 99999.9, -0.0375
0.4675, 1, 2.16027e-05, 100000, 0.1379, -0.000238604, 99999.9, -0.0325
0.4725, 1, 1.27558e-05, 100000, 0.1379, -0.000238604, 99999.9, -0.0275
0.4775, 1, 9.28143e-06, 100000, 0.1379, -0.000238604, 99999.9, -0.0225
0.4825, 1, 7.90738e-06, 100000, 0.1379, -0.000238604, 99999.9, -0.0175
0.4875, 1, 6.95013e-06, 100000, 0.1379, -0.000238604, 99999.9, -0.0125
0.4925, 1, 3.69755e-06, 100000, 0.1379, -0.000238604, 99999.9, -0.00749997
0.4975, 1, -4.91094e-05, 100000, 0.1379, -0.000391923, 99999.9, -0.00249997
0.5025, 1, -0.000171882, 99999.9, 0.1379, -0.0004281, 99999.9, 0.00250004
0.5075, 0.999999, -0.000238604, 99999.9, 0.1379, -0.000430231, 99999.9, 0.00750004
0.5125, 0.999999, -0.000238604, 99999.9, 0.1379, -0.000430215, 99999.9, 0.0125
0.5175, 0.999999, -0.000238604, 99999.9, 0.1379, -0.000430199, 99999.9, 0.0175
0.5225, 0.999999, -0.000238604, 99999.9, 0.1379, -0.000430189, 99999.9, 0.0225
0.5275, 0.999999, -0.000238604, 99999.9, 0.1379, -0.000430181, 99999.9, 0.0275
0.5325, 0.999999, -0.000238604, 99999.9, 0.1379, -0.000430175, 99999.9, 0.0325
0.5375, 0.999999, -0.000238604, 99999.9, 0.1379, -0.000430171, 99999.9, 0.0375
0.5425, 0.999999, -0.000238604, 99999.9, 0.1379, -0.000430168, 99999.9, 0.0425
0.5475, 0.999999, -0.000238604, 99999.9, 0.1379, -0.000430165, 99999.9, 0.0475
0.5525, 0.999999, -0.000238604, 99999.9, 0.1379, -0.000430163, 99999.9, 0.0525
0.5575, 0.999999, -0.000238604, 99999.9, 0.1379, -0.000430162, 99999.9, 0.0575
0.5625, 0.999999, -0.000238604, 99999.9, 0.1379, -0.000430162, 99999.9, 0.0625
0.5675, 0.999999, -0.000238604, 99999.9, 0.1379, -0.000430161, 99999.9, 0.0675
0.5725, 0.999999, -0.000238604, 99999.9, 0.1379, -0.000430161, 99999.9, 0.0725
0.5775, 0.999999, -0.000238604, 99999.9, 0.1379, -0.00043016, 99999.9, 0.0775
0.5825, 0.999999, -0.000238604, 99999.9, 0.1379, -0.00043016, 99999.9, 0.0825
0.5875, 0.999999, -0.000238604, 99999.9, 0.1379, -0.00043016, 99999.9, 0.0875
0.5925, 0.999999, -0.000238604, 99999.9, 0.1379, -0.00043016, 99999.9, 0.0925
0.5975, 0.999999, -0.000238604, 99999.9, 0.1379, -0.00043016, 99999.9, 0.0975
0.6025, 0.999999, -0.000238604, 99999.9, 0.1379, -0.00043016, 99999.9, 0.1025
0.6075, 0.999999, -0.000238604, 99999.9, 0.1379, -0.00043016, 99999.9, 0.1075
0.6125, 0.999999, -0.000238604, 99999.9, 0.1379, -0.00043016, 99999.9, 0.1125
0.6175, 0.999999, -0.000238604, 99999.9, 0.1379, -0.00043016, 99999.9, 0.1175
0.6225, 0.999999, -0.000238604, 99999.9, 0.1379, -0.00043016, 99999.9, 0.1225
0.6275, 0.999999, -0.000238604, 99999.9, 0.1379, -0.00043016, 99999.9, 0.1275
0.6325, 0.999999, -0.000238604, 99999.9, 0.1379, -0.00043016, 99999.9, 0.1325
0.6375, 0.999999, -0.000238604, 99999.9, 0.1379, -0.00043016, 99999.9, 0.1375
0.6425, 0.999999, -0.000238604, 99999.9, 0.1379, -0.00043016, 99999.9, 0.1425
0.6475, 0.999999, -0.000238604, 99999.9, 0.1379, -0.00043016, 99999.9, 0.1475
0.6525, 0.999999, -0.000238604, 99999.9, 0.1379, -0.00043016, 99999.9, 0.1525
0.6575, 0.999999, -0.000238604, 99999.9, 0.1379, -0.00043016, 99999.9, 0.1575
0.6625, 0.999999, -0.000238604, 99999.9, 0.1379, -0.00043016, 99999.9, 0.1625
0.6675, 0.999999, -0.000238604, 99999.9, 0.1379, -0.00043016, 99999.9, 0.1675
0.6725, 0.999999, -0.000238604, 99999.9, 0.1379, -0.00043016, 99999.9, 0.1725
0.6775, 0.999999, -0.000238604, 99999.9, 0.1379, -0.00043016, 99999.9, 0.1775
0.6825, 0.999999, -0.000238604, 99999.9, 0.1379, -0.00043016, 99999.9, 0.1825
0.6875, 0.999999, -0.000238604, 99999.9, 0.1379, -0.00043016, 99999.9, 0.1875
0.6925, 0.999999, -0.000238604, 99999.9, 0.1379, -0.00043016, 99999.9, 0.1925
0.6975, 0.999999, -0.000238604, 99999.9, 0.1379, -0.00043016, 99999.9, 0.1975
0.7025, 0.999999, -0.000238604, 99999.9, 0.1379, -0.00043016, 99999.9, 0.2025
0.7075, 0.999999, -0.000238604, 99999.9, 0.1379, -0.00043016, 99999.9, 0.2075
0.7125, 0.999999, -0.000238604, 99999.9, 0.1379, -0.00043016, 99999.9, 0.2125
0.7175, 0.999999, -0.000238604, 99999.9, 0.1379, -0.00043016, 99999.9, 0.2175
0.7225, 0.999999, -0.000238604, 99999.9, 0.1379, -0.00043016, 99999.9, 0.2225
0.7275, 0.999999, -0.000238604, 99999.9, 0.1379, -0.00043016, 99999.9, 0.2275
0.7325, 0.999999, -0.000238604, 99999.9, 0.1379, -0.00043016, 99999.9, 0.2325
0.7375, 0.999999, -0.000238604, 99999.9, 0.1379, -0.00043016, 99999.9, 0.2375
0.7425, 0.999999, -0.000238604, 99999.9, 0.1379, -0.00043016, 99999.9, 0.2425
0.7475, 0.999999, -0.000238604, 99999.9, 0.1379, -0.00043016, 99999.9, 0.2475
0.7525, 0.999999, -0.000238604, 99999.9, 0.1379, -0.000430161, 99999.9, 0.2525
0.7575, 0.999999, -0.000238604, 99999.9, 0.1379, -0.000430161, 99999.9, 0.2575
0.7625, 0.999999, -0.000238604, 99999.9, 0.1379, -0.000430161, 99999.9, 0.2625
0.7675, 0.999999, -0.000238604, 99999.9, 0.1379, -0.000430161, 99999.9, 0.2675
0.7725, 0.999999, -0.000238604, 99999.9, 0.1379, -0.000430161, 99999.9, 0.2725
0.7775, 0.999999, -0.000238604, 99999.9, 0.1379, -0.000430161, 99999.9, 0.2775
0.7825, 0.999999, -0.000238604, 99999.9, 0.1379, -0.000430161, 99999.9, 0.2825
0.7875, 0.999999, -0.000238604, 99999.9, 0.1379, -0.000430161, 99999.9, 0.2875
0.7925, 0.999999, -0.000238604, 99999.9, 0.1379, -0.00043016, 99999.9, 0.2925
0.7975, 0.999999, -0.000238604, 99999.9, 0.1379, -0.00043016, 99999.9, 0.2975
0.8025, 0.999999, -0.000238604, 99999.9, 0.1379, -0.00043016, 99999.9, 0.3025
0.8075, 0.999999, -0.000238604, 99999.9, 0.1379, -0.00043016, 99999.9, 0.3075
0.8125, 0.999999, -0.000238604, 99999.9, 0.1379, -0.00043016, 99999.9, 0.3125
0.8175, 0.999999, -0.000238604, 99999.9, 0.1379, -0.00043016, 99999.9, 0.3175
0.8225, 0.999999, -0.000238604, 99999.9, 0.1379, -0.000430159, 99999.9, 0.3225
0.8275, 0.999999, -0.000238604, 99999.9, 0.1379, -0.000430159, 99999.9, 0.3275
0.8325, 0.999999, -0.000238604, 99999.9, 0.1379, -0.000430159, 99999.9, 0.3325
0.8375, 0.999999, -0.000238604, 99999.9, 0.1379, -0.000430159, 99999.9, 0.3375
0.8425, 0.999999, -0.000238604, 99999.9, 0.1379, -0.000430159, 99999.9, 0.3425
0.8475, 0.999999, -0.000238604, 99999.9, 0.1379, -0.000430159, 99999.9, 0.3475
0.8525, 0.999999, -0.000238604, 99999.9, 0.1379, -0.000430159, 99999.9, 0.3525
0.8575, 0.999999, -0.000238604, 99999.9, 0.1379, -0.00043016, 99999.9, 0.3575
0.8625, 0.999999, -0.000238604, 99999.9, 0.1379, -0.00043016, 99999.9, 0.3625
0.8675, 0.999999, -0.000238604, 99999.9, 0.1379, -0.00043016, 99999.9, 0.3675
0.8725, 0.999999, -0.000238604, 99999.9, 0.1379, -0.00043016, 99999.9, 0.3725
0.8775, 0.999999, -0.000238604, 99999.9, 0.1379, -0.00043016, 99999.9, 0.3775
0.8825, 0.999999, -0.000238604, 99999.9, 0.1379, -0.000430161, 99999.9, 0.3825
0.8875, 0.999999, -0.000238604, 99999.9, 0.1379, -0.000430161, 99999.9, 0.3875
0.8925, 0.999999, -0.000238604, 99999.9, 0.1379, -0.000430162, 99999.9, 0.3925
0.8975, 0.999999, -0.000238604, 99999.9, 0.1379, -0.000430162, 99999.9, 0.3975
0.9025, 0.999999, -0.000238604, 99999.9, 0.1379, -0.000430162, 99999.9, 0.4025
0.9075, 0.999999, -0.000238604, 99999.9, 0.1379, -0.000430162, 99999.9, 0.4075
0.9125, 0.999999, -0.000238604, 99999.9, 0.1379, -0.000430162, 99999.9, 0.4125
0.9175, 0.999999, -0.000238604, 99999.9, 0.1379, -0.000430162, 99999.9, 0.4175
0.9225, 0.999999, -0.000238604, 99999.9, 0.1379, -0.000430162, 99999.9, 0.4225
0.9275, 0.999999, -0.000238604, 99999.9, 0.1379, -0.000430162, 99999.9, 0.4275
0.9325, 0.999999, -0.000238604, 99999.9, 0.1379, -0.000430162, 99999.9, 0.4325
0.9375, 0.999999, -0.000238604, 99999.9, 0.1379, -0.000430161, 99999.9, 0.4375
0.9425, 0.999999, -0.000238604, 99999.9, 0.1379, -0.00043016, 99999.9, 0.4425
0.9475, 0.999999, -0.000238604, 99999.9, 0.1379, -0.000430159, 99999.9, 0.4475
0.9525, 0.999999, -0.000238604, 99999.9, 0.1379, -0.000430158, 99999.9, 0.4525
0.9575, 0.999999, -0.000238604, 99999.9, 0.1379, -0.000430157, 99999.9, 0.4575
0.9625, 0.999999, -0.000238604, 99999.9, 0.1379, -0.000430155, 99999.9, 0.4625
0.9675, 0.999999, -0.000238604, 99999.9, 0.1379, -0.000430154, 99999.9, 0.4675
0.9725, 0.999999, -0.000238604, 99999.9, 0.1379, -0.000430152, 99999.9, 0.4725
0.9775, 0.999999, -0.000238604, 99999.9, 0.1379, -0.000430151, 99999.9, 0.4775
0.9825, 0.999999, -0.000238604, 99999.9, 0.1379, -0.00043015, 99999.9, 0.4825
0.9875, 0.999999, -0.000238604, 99999.9, 0.1379, -0.000430149, 99999.9, 0.4875
0.9925, 0.999999, -0.000238604, 99999.9, 0.1379, -0.000430149, 99999.9, 0.4925
0.9975, 0.999999, -0.000238604, 99999.9, 0.1379, -0.000430149, 99999.9, 0.4975
