0.0025, 1.33198, 112.087, 149841, 0.1379, -0.000238539, 99999.9, -0.4975
0.0075, 1.33194, 112.1, 149834, 0.1379, -0.000238539, 99999.9, -0.492907
0.0125, 1.33193, 112.104, 149832, 0.1379, -0.000238539, 99999.9, -0.487907
0.0175, 1.33201, 112.082, 149844, 0.1379, -0.000238539, 99999.9, -0.482907
0.0225, 1.33224, 112.016, 149878, 0.1379, -0.000238539, 99999.9, -0.477907
0.0275, 1.33253, 111.941, 149918, 0.1379, -0.000238539, 99999.9, -0.472907
0.0325, 1.33271, 111.89, 149945, 0.1379, -0.000238539, 99999.9, -0.467907
0.0375, 1.33276, 111.865, 149959, 0.1379, -0.000238539, 99999.9, -0.462907
0.0425, 1.33276, 111.855, 149965, 0.1379, -0.000238539, 99999.9, -0.457907
0.0475, 1.33272, 111.853, 149965, 0.1379, -0.000238539, 99999.9, -0.452907
0.0525, 1.33262, 111.857, 149962, 0.1379, -0.000238539, 99999.9, -0.447907
0.0575, 1.33238, 111.86, 149960, 0.1379, -0.000238539, 99999.9, -0.442907
0.0625, 1.33184, 111.856, 149964, 0.1379, -0.000238539, 99999.9, -0.437907
0.0675, 1.33088, 111.845, 149972, 0.1379, -0.000238539, 99999.9, -0.432907
0.0725, 1.3298, 111.834, 149977, 0.1379, -0.000238539, 99999.9, -0.427906
0.0775, 1.329, 111.827, 149980, 0.1379, -0.000238539, 99999.9, -0.422906
0.0825, 1.32861, 111.824, 149982, 0.1379, -0.000238539, 99999.9, -0.417906
0.0875, 1.32853, 111.823, 149985, 0.1379, -0.000238539, 99999.9, -0.412906
0.0925, 1.32881, 111.829, 149987, 0.1379, -0.000238539, 99999.9, -0.407906
0.0975, 1.32973, 111.832, 149990, 0.1379, -0.000238539, 99999.9, -0.402906
0.1025, 1.33086, 111.809, 149984, 0.1379, -0.000238539, 99999.9, -0.397906
0.1075, 1.33162, 111.77, 149943, 0.1379, -0.000238539, 99999.9, -0.392906
0.1125, 1.33206, 111.595, 149842, 0.1379, -0.000238539, 99999.9, -0.387905
0.1175, 1.3311, 110.932, 149512, 0.1379, -0.000238539, 99999.9, -0.382902
0.1225, 1.32261, 108.233, 148118, 0.1379, -0.000238539, 99999.9, -0.377885
0.1275, 1.28419, 97.1051, 142340, 0.1379, -0.000238539, 99999.9, -0.372828
0.1325, 1.19982, 70.9383, 129582, 0.1379, -0.000238539, 99999.9, -0.367721
0.1375, 1.11204, 41.1101, 116346, 0.1379, -0.000238539, 99999.9, -0.362621
0.1425, 1.05486, 20.4376, 107875, 0.1379, -0.000238539, 99999.9, -0.357558
0.1475, 1.02432, 9.10221, 103450, 0.1379, -0.000238539, 99999.9, -0.352525
0.1525, 1.01001, 3.7481, 101410, 0.1379, -0.000238539, 99999.9, -0.34751
0.1575, 1.00388, 1.45338, 100545, 0.1379, -0.000238539, 99999.9, -0.342504
0.1625, 1.00143, 0.53457, 100200, 0.1379, -0.000238539, 99999.9, -0.337501
0.1675, 1.0005, 0.186795, 100070, 0.1379, -0.000238539, 99999.9, -0.3325
0.1725, 1.00017, 0.061953, 100023, 0.1379, -0.000238539, 99999.9, -0.3275
0.1775, 1.00005, 0.0194677, 100007, 0.1379, -0.000238539, 99999.9, -0.3225
0.1825, 1.00002, 0.00578418, 100002, 0.1379, -0.000238539, 99999.9, -0.3175
0.1875, 1, 0.00162165, 100001, 0.1379, -0.000238539, 99999.9, -0.3125
0.1925, 1, 0.00042815, 100000, 0.1379, -0.000238539, 99999.9, -0.3075
0.1975, 1, 0.000106242, 100000, 0.1379, -0.000238539, 99999.9, -0.3025
0.2025, 1, 2.47283e-05, 100000, 0.1379, -0.000238539, 99999.9, -0.2975
0.2075, 1, 5.38737e-06, 100000, 0.1379, -0.000238539, 99999.9, -0.2925
0.2125, 1, 1.09619e-06, 100000, 0.1379, -0.000238539, 99999.9, -0.2875
0.2175, 1, 2.0782e-07, 100000, 0.1379, -0.000238539, 99999.9, -0.2825
0.2225, 1, 3.6613e-08, 100000, 0.1379, -0.000238539, 99999.9, -0.2775
0.2275, 1, 5.97682e-09, 100000, 0.1379, -0.000238539, 99999.9, -0.2725
0.2325, 1, 9.01108e-10, 100000, 0.1379, -0.000238539, 99999.9, -0.2675
0.2375, 1, 1.24998e-10, 100000, 0.1379, -0.000238539, 99999.9, -0.2625
0.2425, 1, 1.58893e-11, 100000, 0.1379, -0.000238539, 99999.9, -0.2575
0.2475, 1, 1.8407e-12, 100000, 0.1379, -0.000238539, 99999.9, -0.2525
0.2525, 1, 1.90417e-13, 100000, 0.1379, -0.000238539, 99999.9, -0.2475
0.2575, 1, 0, 100000, 0.1379, -0.000238539, 99999.9, -0.2425
0.2625, 1, 0, 100000, 0.1379, -0.000238539, 99999.9, -0.2375
0.2675, 1, 0, 100000, 0.1379, -0.000238539, 99999.9, -0.2325
0.2725, 1, 0, 100000, 0.1379, -0.000238539, 99999.9, -0.2275
0.2775, 1, 0, 100000, 0.1379, -0.000238539, 99999.9, -0.2225
0.2825, 1, 0, 100000, 0.1379, -0.000238539, 99999.9, -0.2175
0.2875, 1, 0, 100000, 0.1379, -0.000238539, 99999.9, -0.2125
0.2925, 1, 0, 100000, 0.1379, -0.000238539, 99999.9, -0.2075
0.2975, 1, 0, 100000, 0.1379, -0.000238539, 99999.9, -0.2025
0.3025, 1, 0, 100000, 0.1379, -0.000238539, 99999.9, -0.1975
0.3075, 1, 0, 100000, 0.1379, -0.000238539, 99999.9, -0.1925
0.3125, 1, 0, 100000, 0.1379, -0.000238539, 99999.9, -0.1875
0.3175, 1, 0, 100000, 0.1379, -0.000238539, 99999.9, -0.1825
0.3225, 1, 0, 100000, 0.1379, -0.000238539, 99999.9, -0.1775
0.3275, 1, 0, 100000, 0.1379, -0.000238539, 99999.9, -0.1725
0.3325, 1, 0, 100000, 0.1379, -0.000238539, 99999.9, -0.1675
0.3375, 1, 0, 100000, 0.1379, -0.000238539, 99999.9, -0.1625
0.3425, 1, 0, 100000, 0.1379, -0.000238539, 99999.9, -0.1575
0.3475, 1, 1.26945e-13, 100000, 0.1379, -0.000238539, 99999.9, -0.1525
0.3525, 1, 5.60673e-13, 100000, 0.1379, -0.000238539, 99999.9, -0.1475
0.3575, 1, 2.28501e-12, 100000, 0.1379, -0.000238539, 99999.9, -0.1425
0.3625, 1, 8.83325e-12, 100000, 0.1379, -0.000238539, 99999.9, -0.1375
0.3675, 1, 3.23604e-11, 100000, 0.1379, -0.000238539, 99999.9, -0.1325
0.3725, 1, 1.13235e-10, 100000, 0.1379, -0.000238539, 99999.9, -0.1275
0.3775, 1, 3.79301e-10, 100000, 0.1379, -0.000238539, 99999.9, -0.1225
0.3825, 1, 1.219e-09, 100000, 0.1379, -0.000238539, 99999.9, -0.1175
0.3875, 1, 3.76791e-09, 100000, 0.1379, -0.000238539, 99999.9, -0.1125
0.3925, 1, 1.1227e-08, 100000, 0.1379, -0.000238539, 99999.9, -0.1075
0.3975, 1, 3.23395e-08, 100000, 0.1379, -0.000238539, 99999.9, -0.1025
0.4025, 1, 9.01486e-08, 100000, 0.1379, -0.000238539, 99999.9, -0.0975
0.4075, 1, 2.44704e-07, 100000, 0.1379, -0.000238539, 99999.9, -0.0925
0.4125, 1, 6.51448e-07, 100000, 0.1379, -0.000238539, 99999.9, -0.0875
0.4175, 1, 1.62565e-06, 100000, 0.1379, -0.000238539, 99999.9, -0.0825
0.4225, 1, 3.07839e-06, 100000, 0.1379, -0.000238539, 99999.9, -0.0775
0.4275, 1, 4.52062e-06, 100000, 0.1379, -0.000238539, 99999.9, -0.0725
0.4325, 1, 5.62634e-06, 100000, 0.1379, -0.000238539, 99999.9, -0.0675
0.4375, 1, 6.35764e-06, 100000, 0.1379, -0.000238539, 99999.9, -0.0625
0.4425, 1, 6.78575e-06, 100000, 0.1379, -0.000238539, 99999.9, -0.0575
0.4475, 1, 7.00045e-06, 100000, 0.1379, -0.000238539, 99999.9, -0.0525
0.4525, 1, 7.08602e-06, 100000, 0.1379, -0.000238539, 99999.9, -0.0475
0.4575, 1, 7.10674e-06, 100000, 0.1379, -0.000238539, 99999.9, -0.0425
0.4625, 1, 7.09982e-06, 100000, 0.1379, -0.000238539, 99999.9, -0.0375
0.4675, 1, 7.05388e-06, 100000, 0.1379, -0.000238539, 99999.9, -0.0325
0.4725, 1, 6.99114e-06, 100000, 0.1379, -0.000238539, 99999.9, -0.0275
0.4775, 1, 6.93721e-06, 100000, 0.1379, -0.000238539, 99999.9, -0.0225
0.4825, 1, 6.85541e-06, 100000, 0.1379, -0.000238539, 99999.9, -0.0175
0.4875, 1, 6.52895e-06, 100000, 0.1379, -0.000238539, 99999.9, -0.0125
0.4925, 1, 3.63822e-06, 100000, 0.1379, -0.000238539, 99999.9, -0.00749999
0.4975, 1, -4.90455e-05, 100000, 0.1379, -0.000391859, 99999.9, -0.00249999
0.5025, 1, -0.000171803, 99999.9, 0.1379, -0.000428038, 99999.9, 0.00250001
0.5075, 0.999999, -0.00023854, 99999.9, 0.1379, -0.000430187, 99999.9, 0.00750001
0.5125, 0.999999, -0.000238539, 99999.9, 0.1379, -0.000430187, 99999.9, 0.0125
0.5175, 0.999999, -0.000238539, 99999.9, 0.1379, -0.000430183, 99999.9, 0.0175
0.5225, 0.999999, -0.000238539, 99999.9, 0.1379, -0.000430177, 99999.9, 0.0225
0.5275, 0.999999, -0.000238539, 99999.9, 0.1379, -0.000430169, 99999.9, 0.0275
0.5325, 0.999999, -0.000238539, 99999.9, 0.1379, -0.000430157, 99999.9, 0.0325
0.5375, 0.999999, -0.000238539, 99999.9, 0.1379, -0.000430142, 99999.9, 0.0375
0.5425, 0.999999, -0.000238539, 99999.9, 0.1379, -0.000430123, 99999.9, 0.0425
0.5475, 0.999999, -0.000238539, 99999.9, 0.1379, -0.000430101, 99999.9, 0.0475
0.5525, 0.999999, -0.000238539, 99999.9, 0.1379, -0.000430075, 99999.9, 0.0525
0.5575, 0.999999, -0.000238539, 99999.9, 0.1379, -0.00043005, 99999.9, 0.0575
0.5625, 0.999999, -0.000238539, 99999.9, 0.1379, -0.000430026, 99999.9, 0.0625
0.5675, 0.999999, -0.000238539, 99999.9, 0.1379, -0.000430004, 99999.9, 0.0675
0.5725, 0.999999, -0.000238539, 99999.9, 0.1379, -0.000429984, 99999.9, 0.0725
0.5775, 0.999999, -0.000238539, 99999.9, 0.1379, -0.000429964, 99999.9, 0.0775
0.5825, 0.999999, -0.000238539, 99999.9, 0.1379, -0.000429943, 99999.9, 0.0825
0.5875, 0.999999, -0.000238539, 99999.9, 0.1379, -0.000429919, 99999.9, 0.0875
0.5925, 0.999999, -0.000238539, 99999.9, 0.1379, -0.000429888, 99999.9, 0.0925
0.5975, 0.999999, -0.000238539, 99999.9, 0.1379, -0.000429852, 99999.9, 0.0975
0.6025, 0.999999, -0.000238539, 99999.9, 0.1379, -0.000429819, 99999.9, 0.1025
0.6075, 0.999999, -0.000238539, 99999.9, 0.1379, -0.000429795, 99999.9, 0.1075
0.6125, 0.999999, -0.000238539, 99999.9, 0.1379, -0.000429783, 99999.9, 0.1125
0.6175, 0.999999, -0.000238539, 99999.9, 0.1379, -0.00042978, 99999.9, 0.1175
0.6225, 0.999999, -0.000238539, 99999.9, 0.1379, -0.000429783, 99999.9, 0.1225
0.6275, 0.999999, -0.000238539, 99999.9, 0.1379, -0.000429813, 99999.9, 0.1275
0.6325, 0.999999, -0.000238539, 99999.9, 0.1379, -0.000429888, 99999.9, 0.1325
0.6375, 0.999999, -0.000238539, 99999.9, 0.1379, -0.00042997, 99999.9, 0.1375
0.6425, 0.999999, -0.000238539, 99999.9, 0.1379, -0.000430036, 99999.9, 0.1425
0.6475, 0.999999, -0.000238539, 99999.9, 0.1379, -0.000430078, 99999.9, 0.1475
0.6525, 0.999999, -0.000238539, 99999.9, 0.1379, -0.000430097, 99999.9, 0.1525
0.6575, 0.999999, -0.000238539, 99999.9, 0.1379, -0.000430099, 99999.9, 0.1575
0.6625, 0.999999, -0.000238539, 99999.9, 0.1379, -0.000430077, 99999.9, 0.1625
0.6675, 0.999999, -0.000238539, 99999.9, 0.1379, -0.000429973, 99999.9, 0.1675
0.6725, 0.999999, -0.000238539, 99999.9, 0.1379, -0.000429653, 99999.9, 0.1725
0.6775, 0.999999, -0.000238539, 99999.9, 0.1379, -0.000428838, 99999.9, 0.1775
0.6825, 0.999999, -0.000238539, 99999.9, 0.1379, -0.000426951, 99999.9, 0.1825
0.6875, 0.999999, -0.000238539, 99999.9, 0.1379, -0.000422766, 99999.9, 0.1875
0.6925, 0.999999, -0.000238539, 99999.9, 0.1379, -0.000410962, 99999.9, 0.1925
0.6975, 0.999999, -0.000238539, 99999.9, 0.1379, -0.000372165, 99999.9, 0.1975
0.7025, 0.999999, -0.000238539, 99999.9, 0.1379, -0.000279905, 100000, 0.2025
0.7075, 0.999999, -0.000238539, 99999.9, 0.1379, -0.000175928, 100000, 0.2075
0.7125, 0.999999, -0.000238539, 99999.9, 0.1379, -9.62685e-05, 100000, 0.2125
0.7175, 0.999999, -0.000238539, 99999.9, 0.1379, -4.55467e-05, 100000, 0.2175
0.7225, 0.999999, -0.000238539, 99999.9, 0.1379, -1.84249e-05, 100000, 0.2225
0.7275, 0.999999, -0.000238539, 99999.9, 0.1379, -6.28295e-06, 100000, 0.2275
0.7325, 0.999999, -0.000238539, 99999.9, 0.1379, -1.77221e-06, 100000, 0.2325
0.7375, 0.999999, -0.000238539, 99999.9, 0.1379, -4.02689e-07, 100000, 0.2375
0.7425, 0.999999, -0.000238539, 99999.9, 0.1379, -7.08779e-08, 100000, 0.2425
0.7475, 0.999999, -0.000238539, 99999.9, 0.1379, -9.07332e-09, 100000, 0.2475
0.7525, 0.999999, -0.000238539, 99999.9, 0.1379, -7.51942e-10, 100000, 0.2525
0.7575, 0.999999, -0.000238539, 99999.9, 0.1379, -3.03017e-11, 100000, 0.2575
0.7625, 0.999999, -0.000238539, 99999.9, 0.1379, 7.67131e-14, 100000, 0.2625
0.7675, 0.999999, -0.000238539, 99999.9, 0.1379, 0, 100000, 0.2675
0.7725, 0.999999, -0.000238539, 99999.9, 0.1379, 0, 100000, 0.2725
0.7775, 0.999999, -0.000238539, 99999.9, 0.1379, 0, 100000, 0.2775
0.7825, 0.999999, -0.000238539, 99999.9, 0.1379, 0, 100000, 0.2825
0.7875, 0.999999, -0.000238539, 99999.9, 0.1379, 0, 100000, 0.2875
0.7925, 0.999999, -0.000238539, 99999.9, 0.1379, 0, 100000, 0.2925
0.7975, 0.999999, -0.000238539, 99999.9, 0.1379, 0, 100000, 0.2975
0.8025, 0.999999, -0.000238539, 99999.9, 0.1379, 0, 100000, 0.3025
0.8075, 0.999999, -0.000238539, 99999.9, 0.1379, 0, 100000, 0.3075
0.8125, 0.999999, -0.000238539, 99999.9, 0.1379, 0, 100000, 0.3125
0.8175, 0.999999, -0.000238539, 99999.9, 0.1379, 0, 100000, 0.3175
0.8225, 0.999999, -0.000238539, 99999.9, 0.1379, 0, 100000, 0.3225
0.8275, 0.999999, -0.000238539, 99999.9, 0.1379, 0, 100000, 0.3275
0.8325, 0.999999, -0.000238539, 99999.9, 0.1379, 0, 100000, 0.3325
0.8375, 0.999999, -0.000238539, 99999.9, 0.1379, 0, 100000, 0.3375
0.8425, 0.999999, -0.000238539, 99999.9, 0.1379, 0, 100000, 0.3425
0.8475, 0.999999, -0.000238539, 99999.9, 0.1379, 0, 100000, 0.3475
0.8525, 0.999999, -0.000238539, 99999.9, 0.1379, 0, 100000, 0.3525
0.8575, 0.999999, -0.000238539, 99999.9, 0.1379, 0, 100000, 0.3575
0.8625, 0.999999, -0.000238539, 99999.9, 0.1379, 0, 100000, 0.3625
0.8675, 0.999999, -0.000238539, 99999.9, 0.1379, 0, 100000, 0.3675
0.8725, 0.999999, -0.000238539, 99999.9, 0.1379, 0, 100000, 0.3725
0.8775, 0.999999, -0.000238539, 99999.9, 0.1379, 0, 100000, 0.3775
0.8825, 0.999999, -0.000238539, 99999.9, 0.1379, 0, 100000, 0.3825
0.8875, 0.999999, -0.000238539, 99999.9, 0.1379, 0, 100000, 0.3875
0.8925, 0.999999, -0.000238539, 99999.9, 0.1379, 0, 100000, 0.3925
0.8975, 0.999999, -0.000238539, 99999.9, 0.1379, 0, 100000, 0.3975
0.9025, 0.999999, -0.000238539, 99999.9, 0.1379, 0, 100000, 0.4025
0.9075, 0.999999, -0.000238539, 99999.9, 0.1379, 0, 100000, 0.4075
0.9125, 0.999999, -0.000238539, 99999.9, 0.1379, 0, 100000, 0.4125
0.9175, 0.999999, -0.000238539, 99999.9, 0.1379, 0, 100000, 0.4175
0.9225, 0.999999, -0.000238539, 99999.9, 0.1379, 0, 100000, 0.4225
0.9275, 0.999999, -0.000238539, 99999.9, 0.1379, 0, 100000, 0.4275
0.9325, 0.999999, -0.000238539, 99999.9, 0.1379, 0, 100000, 0.4325
0.9375, 0.999999, -0.000238539, 99999.9, 0.1379, 0, 100000, 0.4375
0.9425, 0.999999, -0.000238539, 99999.9, 0.1379, 0, 100000, 0.4425
0.9475, 0.999999, -0.000238539, 99999.9, 0.1379, 0, 100000, 0.4475
0.9525, 0.999999, -0.000238539, 99999.9, 0.1379, 0, 100000, 0.4525
0.9575, 0.999999, -0.000238539, 99999.9, 0.1379, 0, 100000, 0.4575
0.9625, 0.999999, -0.000238539, 99999.9, 0.1379, 0, 100000, 0.4625
0.9675, 0.999999, -0.000238539, 99999.9, 0.1379, 0, 100000, 0.4675
0.9725, 0.999999, -0.000238539, 99999.9, 0.1379, 0, 100000, 0.4725
0.9775, 0.999999, -0.000238539, 99999.9, 0.1379, 0, 100000, 0.4775
0.9825, 0.999999, -0.000238539, 99999.9, 0.1379, 0, 100000, 0.4825
0.9875, 0.999999, -0.000238539, 99999.9, 0.1379, 0, 100000, 0.4875
0.9925, 0.999999, -0.000238539, 99999.9, 0.1379, 0, 100000, 0.4925
0.9975, 0.999999, -0.000238539, 99999.9, 0.1379, 0, 100000, 0.4975
