0.0025, 1.33294, 111.796, 149995, 0.158592, 157.489, 126294, -0.507853
0.0075, 1.33294, 111.796, 149995, 0.158592, 157.489, 126294, -0.503194
0.0125, 1.33294, 111.796, 149995, 0.158592, 157.489, 126294, -0.498194
0.0175, 1.33294, 111.796, 149995, 0.158592, 157.489, 126294, -0.493194
0.0225, 1.33294, 111.797, 149994, 0.158592, 157.489, 126294, -0.488194
0.0275, 1.33293, 111.799, 149994, 0.158592, 157.489, 126294, -0.483194
0.0325, 1.33293, 111.8, 149993, 0.158592, 157.489, 126294, -0.478194
0.0375, 1.33293, 111.8, 149993, 0.158592, 157.489, 126294, -0.473194
0.0425, 1.33293, 111.8, 149993, 0.158592, 157.489, 126294, -0.468194
0.0475, 1.33293, 111.8, 149993, 0.158592, 157.489, 126294, -0.463194
0.0525, 1.33293, 111.8, 149993, 0.158592, 157.489, 126294, -0.458194
0.0575, 1.33293, 111.8, 149993, 0.158592, 157.489, 126294, -0.453194
0.0625, 1.33293, 111.799, 149993, 0.158592, 157.489, 126294, -0.448194
0.0675, 1.33294, 111.797, 149994, 0.158592, 157.489, 126294, -0.443194
0.0725, 1.33295, 111.796, 149995, 0.158592, 157.489, 126294, -0.438194
0.0775, 1.33296, 111.794, 149996, 0.158592, 157.489, 126294, -0.433194
0.0825, 1.33296, 111.794, 149996, 0.158592, 157.489, 126294, -0.428194
0.0875, 1.33297, 111.793, 149997, 0.158592, 157.489, 126294, -0.423194
0.0925, 1.33298, 111.793, 149997, 0.158592, 157.489, 126294, -0.418194
0.0975, 1.33298, 111.793, 149997, 0.158592, 157.489, 126294, -0.413194
0.1025, 1.33298, 111.793, 149996, 0.158592, 157.489, 126294, -0.408194
0.1075, 1.33298, 111.794, 149996, 0.158592, 157.489, 126294, -0.403194
0.1125, 1.33297, 111.796, 149995, 0.158592, 157.489, 126294, -0.398194
0.1175, 1.33297, 111.798, 149994, 0.158592, 157.489, 126294, -0.393194
0.1225, 1.33296, 111.799, 149993, 0.158592, 157.489, 126294, -0.388194
0.1275, 1.33293, 111.8, 149992, 0.158592, 157.489, 126294, -0.383194
0.1325, 1.33288, 111.801, 149992, 0.158592, 157.489, 126294, -0.378194
0.1375, 1.33274, 111.801, 149992, 0.158592, 157.489, 126294, -0.373194
0.1425, 1.33245, 111.8, 149993, 0.158592, 157.489, 126294, -0.368194
0.1475, 1.33205, 111.8, 149993, 0.158592, 157.489, 126294, -0.363194
0.1525, 1.33164, 111.8, 149993, 0.158592, 157.489, 126294, -0.358194
0.1575, 1.3313, 111.799, 149994, 0.158592, 157.489, 126294, -0.353194
0.1625, 1.33104, 111.798, 149994, 0.158592, 157.489, 126294, -0.348194
0.1675, 1.33087, 111.797, 149995, 0.158592, 157.489, 126294, -0.343194
0.1725, 1.33077, 111.796, 149996, 0.158592, 157.489, 126294, -0.338194
0.1775, 1.33072, 111.794, 149996, 0.158592, 157.489, 126294, -0.333194
0.1825, 1.33071, 111.792, 149997, 0.158592, 157.489, 126294, -0.328194
0.1875, 1.33072, 111.791, 149998, 0.158592, 157.489, 126294, -0.323194
0.1925, 1.33082, 111.79, 149998, 0.158592, 157.489, 126294, -0.318194
0.1975, 1.33108, 111.79, 149998, 0.158592, 157.489, 126294, -0.313194
0.2025, 1.33151, 111.791, 149998, 0.158592, 157.489, 126294, -0.308194
0.2075, 1.33196, 111.792, 149997, 0.158592, 157.489, 126294, -0.303194
0.2125, 1.33232, 111.793, 149996, 0.158592, 157.489, 126294, -0.298194
0.2175, 1.33259, 111.795, 149995, 0.158592, 157.489, 126294, -0.293194
0.2225, 1.33277, 111.796, 149995, 0.158592, 157.489, 126294, -0.288194
0.2275, 1.3329, 111.797, 149994, 0.158592, 157.489, 126294, -0.283194
0.2325, 1.33297, 111.798, 149994, 0.158592, 157.489, 126294, -0.278194
0.2375, 1.33301, 111.798, 149994, 0.158592, 157.489, 126294, -0.273194
0.2425, 1.33302, 111.798, 149994, 0.158592, 157.489, 126294, -0.268194
0.2475, 1.33302, 111.798, 149994, 0.158592, 157.489, 126294, -0.263194
0.2525, 1.33301, 111.798, 149994, 0.158592, 157.489, 126294, -0.258194
0.2575, 1.33299, 111.798, 149994, 0.158592, 157.489, 126294, -0.253194
0.2625, 1.33298, 111.798, 149994, 0.158592, 157.489, 126294, -0.248194
0.2675, 1.33297, 111.798, 149994, 0.158592, 157.489, 126294, -0.243194
0.2725, 1.33298, 111.798, 149994, 0.158592, 157.489, 126294, -0.238194
0.2775, 1.333, 111.797, 149995, 0.158592, 157.489, 126294, -0.233194
0.2825, 1.33308, 111.796, 149995, 0.158592, 157.489, 126294, -0.228194
0.2875, 1.33319, 111.795, 149996, 0.158592, 157.489, 126294, -0.223194
0.2925, 1.33329, 111.794, 149996, 0.158592, 157.489, 126294, -0.218194
0.2975, 1.33336, 111.793, 149997, 0.158592, 157.489, 126294, -0.213194
0.3025, 1.3334, 111.792, 149997, 0.158592, 157.489, 126294, -0.208194
0.3075, 1.33341, 111.792, 149997, 0.158592, 157.489, 126294, -0.203194
0.3125, 1.33341, 111.792, 149997, 0.158592, 157.489, 126294, -0.198194
0.3175, 1.3334, 111.792, 149997, 0.158592, 157.489, 126294, -0.193194
0.3225, 1.33335, 111.794, 149996, 0.158592, 157.489, 126294, -0.188194
0.3275, 1.33326, 111.795, 149995, 0.158592, 157.489, 126294, -0.183194
0.3325, 1.33318, 111.796, 149995, 0.158592, 157.489, 126294, -0.178194
0.3375, 1.33312, 111.797, 149995, 0.158592, 157.489, 126294, -0.173194
0.3425, 1.33309, 111.797, 149995, 0.158592, 157.489, 126294, -0.168194
0.3475, 1.33308, 111.797, 149995, 0.158592, 157.489, 126294, -0.163194
0.3525, 1.33308, 111.797, 149995, 0.158592, 157.489, 126294, -0.158194
0.3575, 1.3331, 111.797, 149995, 0.158592, 157.489, 126294, -0.153194
0.3625, 1.33318, 111.796, 149995, 0.158592, 157.489, 126294, -0.148194
0.3675, 1.33329, 111.797, 149995, 0.158592, 157.489, 126294, -0.143194
0.3725, 1.33339, 111.797, 149995, 0.158592, 157.489, 126294, -0.138194
0.3775, 1.33345, 111.797, 149995, 0.158592, 157.489, 126294, -0.133194
0.3825, 1.33349, 111.797, 149995, 0.158592, 157.489, 126294, -0.128194
0.3875, 1.3335, 111.796, 149995, 0.158592, 157.489, 126294, -0.123194
0.3925, 1.3335, 111.795, 149996, 0.158592, 157.489, 126294, -0.118194
0.3975, 1.33348, 111.793, 149997, 0.158592, 157.489, 126294, -0.113194
0.4025, 1.3334, 111.79, 149998, 0.158592, 157.489, 126294, -0.108194
0.4075, 1.33327, 111.789, 149998, 0.158592, 157.489, 126294, -0.103194
0.4125, 1.33316, 111.788, 149999, 0.158592, 157.489, 126294, -0.0981944
0.4175, 1.3331, 111.788, 149999, 0.158592, 157.489, 126294, -0.0931944
0.4225, 1.33307, 111.788, 149999, 0.158592, 157.489, 126294, -0.0881944
0.4275, 1.33307, 111.789, 149999, 0.158592, 157.489, 126294, -0.0831944
0.4325, 1.3331, 111.79, 149998, 0.158592, 157.489, 126294, -0.0781944
0.4375, 1.33313, 111.801, 149992, 0.158592, 157.489, 126294, -0.0731945
0.4425, 1.33311, 111.831, 149976, 0.158592, 157.489, 126294, -0.0681945
0.4475, 1.33297, 111.901, 149940, 0.158592, 157.489, 126294, -0.0631947
0.4525, 1.33246, 112.08, 149845, 0.158592, 157.489, 126294, -0.0581952
0.4575, 1.33096, 112.551, 149597, 0.158592, 157.489, 126294, -0.0531964
0.4625, 1.32705, 113.736, 148973, 0.158592, 157.489, 126294, -0.0481995
0.4675, 1.31625, 116.991, 147270, 0.158592, 157.489, 126294, -0.0432079
0.4725, 1.2964, 123.013, 144151, 0.158592, 157.489, 126294, -0.0382249
0.4775, 1.27017, 130.994, 140054, 0.158592, 157.489, 126294, -0.0332488
0.4825, 1.24324, 139.24, 135955, 0.158592, 157.489, 126294, -0.0282743
0.4875, 1.22075, 146.569, 132662, 0.158592, 157.489, 126294, -0.0232978
0.4925, 1.20497, 152.239, 130389, 0.158592, 157.489, 126294, -0.0183164
0.4975, 1.19434, 155.68, 128833, 0.158592, 157.489, 126294, -0.0133274
0.5025, 1.18602, 157.116, 127548, 0.158592, 157.489, 126294, -0.00833158
0.5075, 1.18032, 157.383, 126656, 0.158592, 157.489, 126294, -0.00333203
0.5125, 1.17802, 157.395, 126316, 0.158582, 157.415, 126281, 0.00166812
0.5175, 1.1779, 157.489, 126294, 0.158478, 156.664, 126143, 0.00667064
0.5225, 1.1779, 157.489, 126294, 0.158364, 155.832, 125991, 0.0116731
0.5275, 1.1779, 157.489, 126294, 0.158255, 155.045, 125848, 0.0166754
0.5325, 1.1779, 157.489, 126294, 0.158149, 154.287, 125710, 0.0216783
0.5375, 1.1779, 157.489, 126294, 0.157993, 153.167, 125506, 0.0266841
0.5425, 1.1779, 157.489, 126294, 0.157699, 151.035, 125118, 0.0316932
0.5475, 1.1779, 157.489, 126294, 0.157272, 147.913, 124552, 0.0367039
0.5525, 1.1779, 157.489, 126294, 0.156775, 144.274, 123896, 0.0417163
0.5575, 1.1779, 157.489, 126294, 0.156213, 140.153, 123155, 0.046729
0.5625, 1.1779, 157.489, 126294, 0.155653, 136.043, 122420, 0.0517421
0.5675, 1.1779, 157.489, 126294, 0.15504, 131.528, 121617, 0.0567608
0.5725, 1.1779, 157.489, 126294, 0.154071, 124.397, 120357, 0.0617947
0.5775, 1.1779, 157.489, 126294, 0.15234, 111.549, 118113, 0.066848
0.5825, 1.1779, 157.489, 126294, 0.14983, 92.7167, 114884, 0.0719092
0.5875, 1.1779, 157.489, 126294, 0.147191, 72.6589, 111523, 0.0769645
0.5925, 1.1779, 157.489, 126294, 0.144915, 55.135, 108651, 0.0820105
0.5975, 1.1779, 157.489, 126294, 0.143079, 40.8685, 106358, 0.0870466
0.6025, 1.1779, 157.489, 126294, 0.14167, 29.8411, 104611, 0.092074
0.6075, 1.1779, 157.489, 126294, 0.140624, 21.6125, 103323, 0.0970941
0.6125, 1.1779, 157.489, 126294, 0.139862, 15.5947, 102389, 0.102109
0.6175, 1.1779, 157.489, 126294, 0.139313, 11.2379, 101717, 0.107119
0.6225, 1.1779, 157.489, 126294, 0.138917, 8.098, 101235, 0.112127
0.6275, 1.1779, 157.489, 126294, 0.138633, 5.8384, 100889, 0.117132
0.6325, 1.1779, 157.489, 126294, 0.138428, 4.21227, 100641, 0.122136
0.6375, 1.1779, 157.489, 126294, 0.138281, 3.04118, 100462, 0.127139
0.6425, 1.1779, 157.489, 126294, 0.138175, 2.197, 100334, 0.132141
0.6475, 1.1779, 157.489, 126294, 0.138099, 1.5879, 100241, 0.137143
0.6525, 1.1779, 157.489, 126294, 0.138044, 1.14803, 100174, 0.142144
0.6575, 1.1779, 157.489, 126294, 0.138004, 0.830157, 100126, 0.147145
0.6625, 1.1779, 157.489, 126294, 0.137975, 0.600322, 100091, 0.152145
0.6675, 1.1779, 157.489, 126294, 0.137954, 0.434075, 100066, 0.157146
0.6725, 1.1779, 157.489, 126294, 0.137939, 0.313794, 100048, 0.162146
0.6775, 1.1779, 157.489, 126294, 0.137928, 0.226759, 100034, 0.167146
0.6825, 1.1779, 157.489, 126294, 0.137921, 0.16378, 100025, 0.172146
0.6875, 1.1779, 157.489, 126294, 0.137915, 0.118212, 100018, 0.177146
0.6925, 1.1779, 157.489, 126294, 0.137911, 0.0852487, 100013, 0.182147
0.6975, 1.1779, 157.489, 126294, 0.137908, 0.0614103, 100009, 0.187147
0.7025, 1.1779, 157.489, 126294, 0.137906, 0.0441776, 100007, 0.192147
0.7075, 1.1779, 157.489, 126294, 0.137904, 0.0317261, 100005, 0.197147
0.7125, 1.1779, 157.489, 126294, 0.137903, 0.0227346, 100003, 0.202147
0.7175, 1.1779, 157.489, 126294, 0.137902, 0.0162465, 100002, 0.207147
0.7225, 1.1779, 157.489, 126294, 0.137901, 0.0115689, 100002, 0.212147
0.7275, 1.1779, 157.489, 126294, 0.137901, 0.00820023, 100001, 0.217147
0.7325, 1.1779, 157.489, 126294, 0.137901, 0.005777, 100001, 0.222147
0.7375, 1.1779, 157.489, 126294, 0.137901, 0.00403599, 100001, 0.227147
0.7425, 1.1779, 157.489, 126294, 0.1379, 0.00278637, 100000, 0.232147
0.7475, 1.1779, 157.489, 126294, 0.1379, 0.0018899, 100000, 0.237147
0.7525, 1.1779, 157.489, 126294, 0.1379, 0.00124652, 100000, 0.242147
0.7575, 1.1779, 157.489, 126294, 0.1379, 0.000784074, 100000, 0.247147
0.7625, 1.1779, 157.489, 126294, 0.1379, 0.000450711, 100000, 0.252147
0.7675, 1.1779, 157.489, 126294, 0.1379, 0.000209422, 100000, 0.257147
0.7725, 1.1779, 157.489, 126294, 0.1379, 3.39415e-05, 100000, 0.262147
0.7775, 1.1779, 157.489, 126294, 0.1379, -9.42711e-05, 100000, 0.267147
0.7825, 1.1779, 157.489, 126294, 0.1379, -0.000188261, 100000, 0.272147
0.7875, 1.1779, 157.489, 126294, 0.1379, -0.000257219, 100000, 0.277147
0.7925, 1.1779, 157.489, 126294, 0.1379, -0.000307672, 100000, 0.282147
0.7975, 1.1779, 157.489, 126294, 0.1379, -0.00034434, 99999.9, 0.287147
0.8025, 1.1779, 157.489, 126294, 0.1379, -0.000370716, 99999.9, 0.292147
0.8075, 1.1779, 157.489, 126294, 0.1379, -0.000389453, 99999.9, 0.297147
0.8125, 1.1779, 157.489, 126294, 0.1379, -0.000402592, 99999.9, 0.302147
0.8175, 1.1779, 157.489, 126294, 0.1379, -0.000411698, 99999.9, 0.307147
0.8225, 1.1779, 157.489, 126294, 0.1379, -0.000417949, 99999.9, 0.312147
0.8275, 1.1779, 157.489, 126294, 0.1379, -0.00042221, 99999.9, 0.317147
0.8325, 1.1779, 157.489, 126294, 0.1379, -0.000425093, 99999.9, 0.322147
0.8375, 1.1779, 157.489, 126294, 0.1379, -0.000427024, 99999.9, 0.327147
0.8425, 1.1779, 157.489, 126294, 0.1379, -0.000428298, 99999.9, 0.332147
0.8475, 1.1779, 157.489, 126294, 0.1379, -0.000429119, 99999.9, 0.337147
0.8525, 1.1779, 157.489, 126294, 0.1379, -0.00042963, 99999.9, 0.342147
0.8575, 1.1779, 157.489, 126294, 0.1379, -0.000429936, 99999.9, 0.347147
0.8625, 1.1779, 157.489, 126294, 0.1379, -0.000430108, 99999.9, 0.352147
0.8675, 1.1779, 157.489, 126294, 0.1379, -0.000430198, 99999.9, 0.357147
0.8725, 1.1779, 157.489, 126294, 0.1379, -0.000430239, 99999.9, 0.362147
0.8775, 1.1779, 157.489, 126294, 0.1379, -0.000430255, 99999.9, 0.367147
0.8825, 1.1779, 157.489, 126294, 0.1379, -0.000430258, 99999.9, 0.372147
0.8875, 1.1779, 157.489, 126294, 0.1379, -0.000430253, 99999.9, 0.377147
0.8925, 1.1779, 157.489, 126294, 0.1379, -0.000430236, 99999.9, 0.382147
0.8975, 1.1779, 157.489, 126294, 0.1379, -0.000430217, 99999.9, 0.387147
0.9025, 1.1779, 157.489, 126294, 0.1379, -0.000430203, 99999.9, 0.392147
0.9075, 1.1779, 157.489, 126294, 0.1379, -0.000430192, 99999.9, 0.397147
0.9125, 1.1779, 157.489, 126294, 0.1379, -0.000430184, 99999.9, 0.402147
0.9175, 1.1779, 157.489, 126294, 0.1379, -0.000430177, 99999.9, 0.407147
0.9225, 1.1779, 157.489, 126294, 0.1379, -0.000430172, 99999.9, 0.412147
0.9275, 1.1779, 157.489, 126294, 0.1379, -0.000430169, 99999.9, 0.417147
0.9325, 1.1779, 157.489, 126294, 0.1379, -0.000430166, 99999.9, 0.422147
0.9375, 1.1779, 157.489, 126294, 0.1379, -0.000430164, 99999.9, 0.427147
0.9425, 1.1779, 157.489, 126294, 0.1379, -0.000430163, 99999.9, 0.432147
0.9475, 1.1779, 157.489, 126294, 0.1379, -0.000430162, 99999.9, 0.437147
0.9525, 1.1779, 157.489, 126294, 0.1379, -0.000430161, 99999.9, 0.442147
0.9575, 1.1779, 157.489, 126294, 0.1379, -0.000430161, 99999.9, 0.447147
0.9625, 1.1779, 157.489, 126294, 0.1379, -0.000430161, 99999.9, 0.452147
0.9675, 1.1779, 157.489, 126294, 0.1379, -0.000430161, 99999.9, 0.457147
0.9725, 1.1779, 157.489, 126294, 0.1379, -0.00043016, 99999.9, 0.462147
0.9775, 1.1779, 157.489, 126294, 0.1379, -0.00043016, 99999.9, 0.467147
0.9825, 1.1779, 157.489, 126294, 0.1379, -0.00043016, 99999.9, 0.472147
0.9875, 1.1779, 157.489, 126294, 0.1379, -0.00043016, 99999.9, 0.477147
0.9925, 1.1779, 157.489, 126294, 0.1379, -0.00043016, 99999.9, 0.482147
0.9975, 1.1779, 157.489, 126294, 0.1379, -0.00043016, 99999.9, 0.487147
