0.0025, 1.33268, 111.877, 149952, 0.1379, -0.000238513, 99999.9, -0.4975
0.0075, 1.33271, 111.868, 149957, 0.1379, -0.000238513, 99999.9, -0.492907
0.0125, 1.33274, 111.86, 149961, 0.1379, -0.000238513, 99999.9, -0.487907
0.0175, 1.33276, 111.854, 149964, 0.1379, -0.000238513, 99999.9, -0.482907
0.0225, 1.33279, 111.848, 149967, 0.1379, -0.000238513, 99999.9, -0.477907
0.0275, 1.33283, 111.841, 149971, 0.1379, -0.000238513, 99999.9, -0.472907
0.0325, 1.33287, 111.834, 149975, 0.1379, -0.000238513, 99999.9, -0.467906
0.0375, 1.33289, 111.827, 149978, 0.1379, -0.000238513, 99999.9, -0.462906
0.0425, 1.3329, 111.823, 149981, 0.1379, -0.000238513, 99999.9, -0.457906
0.0475, 1.3329, 111.82, 149982, 0.1379, -0.000238513, 99999.9, -0.452906
0.0525, 1.3329, 111.819, 149983, 0.1379, -0.000238513, 99999.9, -0.447906
0.0575, 1.33287, 111.819, 149983, 0.1379, -0.000238513, 99999.9, -0.442906
0.0625, 1.33282, 111.82, 149982, 0.1379, -0.000238513, 99999.9, -0.437906
0.0675, 1.33269, 111.821, 149982, 0.1379, -0.000238513, 99999.9, -0.432906
0.0725, 1.33231, 111.821, 149982, 0.1379, -0.000238513, 99999.9, -0.427906
0.0775, 1.33158, 111.82, 149983, 0.1379, -0.000238513, 99999.9, -0.422906
0.0825, 1.33073, 111.819, 149984, 0.1379, -0.000238513, 99999.9, -0.417906
0.0875, 1.33005, 111.816, 149985, 0.1379, -0.000238513, 99999.9, -0.412906
0.0925, 1.32963, 111.813, 149987, 0.1379, -0.000238513, 99999.9, -0.407906
0.0975, 1.32943, 111.809, 149988, 0.1379, -0.000238513, 99999.9, -0.402906
0.1025, 1.32938, 111.805, 149989, 0.1379, -0.000238513, 99999.9, -0.397906
0.1075, 1.32944, 111.802, 149991, 0.1379, -0.000238513, 99999.9, -0.392906
0.1125, 1.32984, 111.8, 149992, 0.1379, -0.000238513, 99999.9, -0.387906
0.1175, 1.33071, 111.8, 149992, 0.1379, -0.000238513, 99999.9, -0.382906
0.1225, 1.33168, 111.802, 149990, 0.1379, -0.000238513, 99999.9, -0.377906
0.1275, 1.33244, 111.805, 149989, 0.1379, -0.000238513, 99999.9, -0.372906
0.1325, 1.33297, 111.808, 149988, 0.1379, -0.000238513, 99999.9, -0.367906
0.1375, 1.33331, 111.811, 149988, 0.1379, -0.000238513, 99999.9, -0.362906
0.1425, 1.33351, 111.814, 149989, 0.1379, -0.000238513, 99999.9, -0.357906
0.1475, 1.3336, 111.815, 149990, 0.1379, -0.000238513, 99999.9, -0.352906
0.1525, 1.33363, 111.815, 149991, 0.1379, -0.000238513, 99999.9, -0.347906
0.1575, 1.33363, 111.812, 149992, 0.1379, -0.000238513, 99999.9, -0.342906
0.1625, 1.33355, 111.804, 149992, 0.1379, -0.000238513, 99999.9, -0.337906
0.1675, 1.33327, 111.785, 149984, 0.1379, -0.000238513, 99999.9, -0.332906
0.1725, 1.33258, 111.729, 149951, 0.1379, -0.000238513, 99999.9, -0.327906
0.1775, 1.33124, 111.517, 149836, 0.1379, -0.000238513, 99999.9, -0.322905
0.1825, 1.32855, 110.774, 149445, 0.1379, -0.000238513, 99999.9, -0.317901
0.1875, 1.31943, 107.741, 147874, 0.1379, -0.000238513, 99999.9, -0.312883
0.1925, 1.28064, 95.9831, 141785, 0.1379, -0.000238513, 99999.9, -0.307823
0.1975, 1.19752, 69.9918, 129153, 0.1379, -0.000238513, 99999.9, -0.302718
0.2025, 1.11328, 41.4482, 116496, 0.1379, -0.000238513, 99999.9, -0.297623
0.2075, 1.05802, 21.5572, 108324, 0.1379, -0.000238513, 99999.9, -0.292562
0.2125, 1.02748, 10.2652, 103898, 0.1379, -0.000238513, 99999.9, -0.287529
0.2175, 1.01235, 4.62084, 101740, 0.1379, -0.000238513, 99999.9, -0.282513
0.2225, 1.00536, 2.00504, 100752, 0.1379, -0.000238513, 99999.9, -0.277505
0.2275, 1.00226, 0.846188, 100317, 0.1379, -0.000238513, 99999.9, -0.272502
0.2325, 1.00093, 0.348428, 100130, 0.1379, -0.000238513, 99999.9, -0.267501
0.2375, 1.00037, 0.140025, 100052, 0.1379, -0.000238513, 99999.9, -0.2625
0.2425, 1.00015, 0.0548763, 100021, 0.1379, -0.000238513, 99999.9, -0.2575
0.2475, 1.00006, 0.0209471, 100008, 0.1379, -0.000238513, 99999.9, -0.2525
0.2525, 1.00002, 0.00777805, 100003, 0.1379, -0.000238513, 99999.9, -0.2475
0.2575, 1.00001, 0.00280613, 100001, 0.1379, -0.000238513, 99999.9, -0.2425
0.2625, 1, 0.000982574, 100000, 0.1379, -0.000238513, 99999.9, -0.2375
0.2675, 1, 0.000333598, 100000, 0.1379, -0.000238513, 99999.9, -0.2325
0.2725, 1, 0.000109725, 100000, 0.1379, -0.000238513, 99999.9, -0.2275
0.2775, 1, 3.49359e-05, 100000, 0.1379, -0.000238513, 99999.9, -0.2225
0.2825, 1, 1.076e-05, 100000, 0.1379, -0.000238513, 99999.9, -0.2175
0.2875, 1, 3.2036e-06, 100000, 0.1379, -0.000238513, 99999.9, -0.2125
0.2925, 1, 9.21453e-07, 100000, 0.1379, -0.000238513, 99999.9, -0.2075
0.2975, 1, 2.55887e-07, 100000, 0.1379, -0.000238513, 99999.9, -0.2025
0.3025, 1, 6.85619e-08, 100000, 0.1379, -0.000238513, 99999.9, -0.1975
0.3075, 1, 1.77435e-08, 100000, 0.1379, -0.000238513, 99999.9, -0.1925
0.3125, 1, 4.59501e-09, 100000, 0.1379, -0.000238513, 99999.9, -0.1875
0.3175, 1, 1.6803e-09, 100000, 0.1379, -0.000238513, 99999.9, -0.1825
0.3225, 1, 1.60094e-09, 100000, 0.1379, -0.000238513, 99999.9, -0.1775
0.3275, 1, 3.24762e-09, 100000, 0.1379, -0.000238513, 99999.9, -0.1725
0.3325, 1, 8.50204e-09, 100000, 0.1379, -0.000238513, 99999.9, -0.1675
0.3375, 1, 2.22784e-08, 100000, 0.1379, -0.000238513, 99999.9, -0.1625
0.3425, 1, 5.72047e-08, 100000, 0.1379, -0.000238513, 99999.9, -0.1575
0.3475, 1, 1.45085e-07, 100000, 0.1379, -0.000238513, 99999.9, -0.1525
0.3525, 1, 3.59376e-07, 100000, 0.1379, -0.000238513, 99999.9, -0.1475
0.3575, 1, 9.11479e-07, 100000, 0.1379, -0.000238513, 99999.9, -0.1425
0.3625, 1, 1.90917e-06, 100000, 0.1379, -0.000238513, 99999.9, -0.1375
0.3675, 1, 3.18226e-06, 100000, 0.1379, -0.000238513, 99999.9, -0.1325
0.3725, 1, 4.38041e-06, 100000, 0.1379, -0.000238513, 99999.9, -0.1275
0.3775, 1, 5.32574e-06, 100000, 0.1379, -0.000238513, 99999.9, -0.1225
0.3825, 1, 6.01047e-06, 100000, 0.1379, -0.000238513, 99999.9, -0.1175
0.3875, 1, 6.46939e-06, 100000, 0.1379, -0.000238513, 99999.9, -0.1125
0.3925, 1, 6.75161e-06, 100000, 0.1379, -0.000238513, 99999.9, -0.1075
0.3975, 1, 6.90742e-06, 100000, 0.1379, -0.000238513, 99999.9, -0.1025
0.4025, 1, 6.98045e-06, 100000, 0.1379, -0.000238513, 99999.9, -0.0975
0.4075, 1, 7.00547e-06, 100000, 0.1379, -0.000238513, 99999.9, -0.0925
0.4125, 1, 7.00824e-06, 100000, 0.1379, -0.000238513, 99999.9, -0.0875
0.4175, 1, 6.99294e-06, 100000, 0.1379, -0.000238513, 99999.9, -0.0825
0.4225, 1, 6.94909e-06, 100000, 0.1379, -0.000238513, 99999.9, -0.0775
0.4275, 1, 6.89927e-06, 100000, 0.1379, -0.000238513, 99999.9, -0.0725
0.4325, 1, 6.86381e-06, 100000, 0.1379, -0.000238513, 99999.9, -0.0675
0.4375, 1, 6.8425e-06, 100000, 0.1379, -0.000238513, 99999.9, -0.0625
0.4425, 1, 6.83131e-06, 100000, 0.1379, -0.000238513, 99999.9, -0.0575
0.4475, 1, 6.8268e-06, 100000, 0.1379, -0.000238513, 99999.9, -0.0525
0.4525, 1, 6.82588e-06, 100000, 0.1379, -0.000238513, 99999.9, -0.0475
0.4575, 1, 6.82664e-06, 100000, 0.1379, -0.000238513, 99999.9, -0.0425
0.4625, 1, 6.83052e-06, 100000, 0.1379, -0.000238513, 99999.9, -0.0375
0.4675, 1, 6.83668e-06, 100000, 0.1379, -0.000238513, 99999.9, -0.0325
0.4725, 1, 6.84202e-06, 100000, 0.1379, -0.000238513, 99999.9, -0.0275
0.4775, 1, 6.8435e-06, 100000, 0.1379, -0.000238513, 99999.9, -0.0225
0.4825, 1, 6.8213e-06, 100000, 0.1379, -0.000238513, 99999.9, -0.0175
0.4875, 1, 6.5476e-06, 100000, 0.1379, -0.000238513, 99999.9, -0.0125
0.4925, 1, 3.67639e-06, 100000, 0.1379, -0.000238513, 99999.9, -0.00749998
0.4975, 1, -4.90148e-05, 100000, 0.1379, -0.000391832, 99999.9, -0.00249998
0.5025, 1, -0.000171776, 99999.9, 0.1379, -0.000428011, 99999.9, 0.00250002
0.5075, 0.999999, -0.000238513, 99999.9, 0.1379, -0.000430159, 99999.9, 0.00750002
0.5125, 0.999999, -0.000238513, 99999.9, 0.1379, -0.00043016, 99999.9, 0.0125
0.5175, 0.999999, -0.000238513, 99999.9, 0.1379, -0.00043016, 99999.9, 0.0175
0.5225, 0.999999, -0.000238513, 99999.9, 0.1379, -0.000430159, 99999.9, 0.0225
0.5275, 0.999999, -0.000238513, 99999.9, 0.1379, -0.000430157, 99999.9, 0.0275
0.5325, 0.999999, -0.000238513, 99999.9, 0.1379, -0.000430156, 99999.9, 0.0325
0.5375, 0.999999, -0.000238513, 99999.9, 0.1379, -0.000430155, 99999.9, 0.0375
0.5425, 0.999999, -0.000238513, 99999.9, 0.1379, -0.000430153, 99999.9, 0.0425
0.5475, 0.999999, -0.000238513, 99999.9, 0.1379, -0.000430152, 99999.9, 0.0475
0.5525, 0.999999, -0.000238513, 99999.9, 0.1379, -0.000430151, 99999.9, 0.0525
0.5575, 0.999999, -0.000238513, 99999.9, 0.1379, -0.00043015, 99999.9, 0.0575
0.5625, 0.999999, -0.000238513, 99999.9, 0.1379, -0.000430149, 99999.9, 0.0625
0.5675, 0.999999, -0.000238513, 99999.9, 0.1379, -0.000430148, 99999.9, 0.0675
0.5725, 0.999999, -0.000238513, 99999.9, 0.1379, -0.000430148, 99999.9, 0.0725
0.5775, 0.999999, -0.000238513, 99999.9, 0.1379, -0.000430148, 99999.9, 0.0775
0.5825, 0.999999, -0.000238513, 99999.9, 0.1379, -0.000430148, 99999.9, 0.0825
0.5875, 0.999999, -0.000238513, 99999.9, 0.1379, -0.000430148, 99999.9, 0.0875
0.5925, 0.999999, -0.000238513, 99999.9, 0.1379, -0.000430149, 99999.9, 0.0925
0.5975, 0.999999, -0.000238513, 99999.9, 0.1379, -0.00043015, 99999.9, 0.0975
0.6025, 0.999999, -0.000238513, 99999.9, 0.1379, -0.00043015, 99999.9, 0.1025
0.6075, 0.999999, -0.000238513, 99999.9, 0.1379, -0.000430152, 99999.9, 0.1075
0.6125, 0.999999, -0.000238513, 99999.9, 0.1379, -0.000430153, 99999.9, 0.1125
0.6175, 0.999999, -0.000238513, 99999.9, 0.1379, -0.000430155, 99999.9, 0.1175
0.6225, 0.999999, -0.000238513, 99999.9, 0.1379, -0.000430158, 99999.9, 0.1225
0.6275, 0.999999, -0.000238513, 99999.9, 0.1379, -0.000430162, 99999.9, 0.1275
0.6325, 0.999999, -0.000238513, 99999.9, 0.1379, -0.000430166, 99999.9, 0.1325
0.6375, 0.999999, -0.000238513, 99999.9, 0.1379, -0.000430171, 99999.9, 0.1375
0.6425, 0.999999, -0.000238513, 99999.9, 0.1379, -0.000430176, 99999.9, 0.1425
0.6475, 0.999999, -0.000238513, 99999.9, 0.1379, -0.00043018, 99999.9, 0.1475
0.6525, 0.999999, -0.000238513, 99999.9, 0.1379, -0.000430184, 99999.9, 0.1525
0.6575, 0.999999, -0.000238513, 99999.9, 0.1379, -0.000430186, 99999.9, 0.1575
0.6625, 0.999999, -0.000238513, 99999.9, 0.1379, -0.000430187, 99999.9, 0.1625
0.6675, 0.999999, -0.000238513, 99999.9, 0.1379, -0.000430187, 99999.9, 0.1675
0.6725, 0.999999, -0.000238513, 99999.9, 0.1379, -0.000430187, 99999.9, 0.1725
0.6775, 0.999999, -0.000238513, 99999.9, 0.1379, -0.000430185, 99999.9, 0.1775
0.6825, 0.999999, -0.000238513, 99999.9, 0.1379, -0.000430178, 99999.9, 0.1825
0.6875, 0.999999, -0.000238513, 99999.9, 0.1379, -0.000430169, 99999.9, 0.1875
0.6925, 0.999999, -0.000238513, 99999.9, 0.1379, -0.000430157, 99999.9, 0.1925
0.6975, 0.999999, -0.000238513, 99999.9, 0.1379, -0.000430142, 99999.9, 0.1975
0.7025, 0.999999, -0.000238513, 99999.9, 0.1379, -0.000430122, 99999.9, 0.2025
0.7075, 0.999999, -0.000238513, 99999.9, 0.1379, -0.000430099, 99999.9, 0.2075
0.7125, 0.999999, -0.000238513, 99999.9, 0.1379, -0.000430074, 99999.9, 0.2125
0.7175, 0.999999, -0.000238513, 99999.9, 0.1379, -0.00043005, 99999.9, 0.2175
0.7225, 0.999999, -0.000238513, 99999.9, 0.1379, -0.000430027, 99999.9, 0.2225
0.7275, 0.999999, -0.000238513, 99999.9, 0.1379, -0.000430006, 99999.9, 0.2275
0.7325, 0.999999, -0.000238513, 99999.9, 0.1379, -0.000429986, 99999.9, 0.2325
0.7375, 0.999999, -0.000238513, 99999.9, 0.1379, -0.000429965, 99999.9, 0.2375
0.7425, 0.999999, -0.000238513, 99999.9, 0.1379, -0.000429941, 99999.9, 0.2425
0.7475, 0.999999, -0.000238513, 99999.9, 0.1379, -0.000429912, 99999.9, 0.2475
0.7525, 0.999999, -0.000238513, 99999.9, 0.1379, -0.000429877, 99999.9, 0.2525
0.7575, 0.999999, -0.000238513, 99999.9, 0.1379, -0.000429845, 99999.9, 0.2575
0.7625, 0.999999, -0.000238513, 99999.9, 0.1379, -0.000429819, 99999.9, 0.2625
0.7675, 0.999999, -0.000238513, 99999.9, 0.1379, -0.000429802, 99999.9, 0.2675
0.7725, 0.999999, -0.000238513, 99999.9, 0.1379, -0.000429794, 99999.9, 0.2725
0.7775, 0.999999, -0.000238513, 99999.9, 0.1379, -0.000429792, 99999.9, 0.2775
0.7825, 0.999999, -0.000238513, 99999.9, 0.1379, -0.000429797, 99999.9, 0.2825
0.7875, 0.999999, -0.000238513, 99999.9, 0.1379, -0.000429827, 99999.9, 0.2875
0.7925, 0.999999, -0.000238513, 99999.9, 0.1379, -0.000429901, 99999.9, 0.2925
0.7975, 0.999999, -0.000238513, 99999.9, 0.1379, -0.000429975, 99999.9, 0.2975
0.8025, 0.999999, -0.000238513, 99999.9, 0.1379, -0.000430028, 99999.9, 0.3025
0.8075, 0.999999, -0.000238513, 99999.9, 0.1379, -0.000430059, 99999.9, 0.3075
0.8125, 0.999999, -0.000238513, 99999.9, 0.1379, -0.000430073, 99999.9, 0.3125
0.8175, 0.999999, -0.000238513, 99999.9, 0.1379, -0.000430075, 99999.9, 0.3175
0.8225, 0.999999, -0.000238513, 99999.9, 0.1379, -0.000430064, 99999.9, 0.3225
0.8275, 0.999999, -0.000238513, 99999.9, 0.1379, -0.000430002, 99999.9, 0.3275
0.8325, 0.999999, -0.000238513, 99999.9, 0.1379, -0.000429782, 99999.9, 0.3325
0.8375, 0.999999, -0.000238513, 99999.9, 0.1379, -0.000429105, 99999.9, 0.3375
0.8425, 0.999999, -0.000238513, 99999.9, 0.1379, -0.00042712, 99999.9, 0.3425
0.8475, 0.999999, -0.000238513, 99999.9, 0.1379, -0.000421406, 99999.9, 0.3475
0.8525, 0.999999, -0.000238513, 99999.9, 0.1379, -0.00040362, 99999.9, 0.3525
0.8575, 0.999999, -0.000238513, 99999.9, 0.1379, -0.000348458, 99999.9, 0.3575
0.8625, 0.999999, -0.000238513, 99999.9, 0.1379, -0.000259461, 100000, 0.3625
0.8675, 0.999999, -0.000238513, 99999.9, 0.1379, -0.000174011, 100000, 0.3675
0.8725, 0.999999, -0.000238513, 99999.9, 0.1379, -0.000107097, 100000, 0.3725
0.8775, 0.999999, -0.000238513, 99999.9, 0.1379, -6.03725e-05, 100000, 0.3775
0.8825, 0.999999, -0.000238513, 99999.9, 0.1379, -3.10998e-05, 100000, 0.3825
0.8875, 0.999999, -0.000238513, 99999.9, 0.1379, -1.45997e-05, 100000, 0.3875
0.8925, 0.999999, -0.000238513, 99999.9, 0.1379, -6.22547e-06, 100000, 0.3925
0.8975, 0.999999, -0.000238513, 99999.9, 0.1379, -2.40161e-06, 100000, 0.3975
0.9025, 0.999999, -0.000238513, 99999.9, 0.1379, -8.34117e-07, 100000, 0.4025
0.9075, 0.999999, -0.000238513, 99999.9, 0.1379, -2.59273e-07, 100000, 0.4075
0.9125, 0.999999, -0.000238513, 99999.9, 0.1379, -7.15977e-08, 100000, 0.4125
0.9175, 0.999999, -0.000238513, 99999.9, 0.1379, -1.7405e-08, 100000, 0.4175
0.9225, 0.999999, -0.000238513, 99999.9, 0.1379, -3.68154e-09, 100000, 0.4225
0.9275, 0.999999, -0.000238513, 99999.9, 0.1379, -6.67481e-10, 100000, 0.4275
0.9325, 0.999999, -0.000238513, 99999.9, 0.1379, -1.01491e-10, 100000, 0.4325
0.9375, 0.999999, -0.000238513, 99999.9, 0.1379, -1.27344e-11, 100000, 0.4375
0.9425, 0.999999, -0.000238513, 99999.9, 0.1379, -1.30412e-12, 100000, 0.4425
0.9475, 0.999999, -0.000238513, 99999.9, 0.1379, -1.53426e-13, 100000, 0.4475
0.9525, 0.999999, -0.000238513, 99999.9, 0.1379, -7.67131e-14, 100000, 0.4525
0.9575, 0.999999, -0.000238513, 99999.9, 0.1379, -2.30139e-13, 100000, 0.4575
0.9625, 0.999999, -0.000238513, 99999.9, 0.1379, 7.67131e-14, 100000, 0.4625
0.9675, 0.999999, -0.000238513, 99999.9, 0.1379, 0, 100000, 0.4675
0.9725, 0.999999, -0.000238513, 99999.9, 0.1379, 0, 100000, 0.4725
0.9775, 0.999999, -0.000238513, 99999.9, 0.1379, 0, 100000, 0.4775
0.9825, 0.999999, -0.000238513, 99999.9, 0.1379, 0, 100000, 0.4825
0.9875, 0.999999, -0.000238513, 99999.9, 0.1379, 0, 100000, 0.4875
0.9925, 0.999999, -0.000238513, 99999.9, 0.1379, 0, 100000, 0.4925
0.9975, 0.999999, -0.000238513, 99999.9, 0.1379, 0, 100000, 0.4975
