0.0025, 1.3329, 111.807, 149989, 0.1379, -3.2793e-05, 99999.9, -0.4975
0.0075, 1.3329, 111.808, 149989, 0.1379, -3.2793e-05, 99999.9, -0.492906
0.0125, 1.3329, 111.808, 149989, 0.1379, -3.2793e-05, 99999.9, -0.487906
0.0175, 1.3329, 111.808, 149989, 0.1379, -3.2793e-05, 99999.9, -0.482906
0.0225, 1.3329, 111.807, 149989, 0.1379, -3.2793e-05, 99999.9, -0.477906
0.0275, 1.33291, 111.807, 149989, 0.1379, -3.2793e-05, 99999.9, -0.472906
0.0325, 1.33291, 111.806, 149990, 0.1379, -3.2793e-05, 99999.9, -0.467906
0.0375, 1.33291, 111.805, 149990, 0.1379, -3.2793e-05, 99999.9, -0.462906
0.0425, 1.33292, 111.804, 149991, 0.1379, -3.2793e-05, 99999.9, -0.457906
0.0475, 1.33292, 111.803, 149991, 0.1379, -3.2793e-05, 99999.9, -0.452906
0.0525, 1.33293, 111.801, 149992, 0.1379, -3.2793e-05, 99999.9, -0.447906
0.0575, 1.33295, 111.799, 149993, 0.1379, -3.2793e-05, 99999.9, -0.442906
0.0625, 1.33296, 111.797, 149995, 0.1379, -3.2793e-05, 99999.9, -0.437906
0.0675, 1.33297, 111.795, 149995, 0.1379, -3.2793e-05, 99999.9, -0.432906
0.0725, 1.33298, 111.794, 149996, 0.1379, -3.2793e-05, 99999.9, -0.427906
0.0775, 1.33298, 111.794, 149996, 0.1379, -3.2793e-05, 99999.9, -0.422906
0.0825, 1.33298, 111.794, 149996, 0.1379, -3.2793e-05, 99999.9, -0.417906
0.0875, 1.33298, 111.794, 149996, 0.1379, -3.2793e-05, 99999.9, -0.412906
0.0925, 1.33297, 111.796, 149995, 0.1379, -3.2793e-05, 99999.9, -0.407906
0.0975, 1.33296, 111.798, 149994, 0.1379, -3.2793e-05, 99999.9, -0.402906
0.1025, 1.33294, 111.799, 149993, 0.1379, -3.2793e-05, 99999.9, -0.397906
0.1075, 1.33289, 111.801, 149992, 0.1379, -3.2793e-05, 99999.9, -0.392906
0.1125, 1.33275, 111.801, 149992, 0.1379, -3.2793e-05, 99999.9, -0.387906
0.1175, 1.33244, 111.801, 149992, 0.1379, -3.2793e-05, 99999.9, -0.382906
0.1225, 1.33197, 111.801, 149993, 0.1379, -3.2793e-05, 99999.9, -0.377906
0.1275, 1.33147, 111.8, 149993, 0.1379, -3.2793e-05, 99999.9, -0.372906
0.1325, 1.33106, 111.8, 149993, 0.1379, -3.2793e-05, 99999.9, -0.367906
0.1375, 1.33076, 111.799, 149994, 0.1379, -3.2793e-05, 99999.9, -0.362906
0.1425, 1.33057, 111.797, 149995, 0.1379, -3.2793e-05, 99999.9, -0.357906
0.1475, 1.33047, 111.796, 149995, 0.1379, -3.2793e-05, 99999.9, -0.352906
0.1525, 1.33043, 111.794, 149996, 0.1379, -3.2793e-05, 99999.9, -0.347906
0.1575, 1.33044, 111.793, 149997, 0.1379, -3.2793e-05, 99999.9, -0.342906
0.1625, 1.33049, 111.792, 149997, 0.1379, -3.2793e-05, 99999.9, -0.337906
0.1675, 1.33074, 111.791, 149997, 0.1379, -3.2793e-05, 99999.9, -0.332906
0.1725, 1.33123, 111.792, 149997, 0.1379, -3.2793e-05, 99999.9, -0.327906
0.1775, 1.3318, 111.794, 149996, 0.1379, -3.2793e-05, 99999.9, -0.322906
0.1825, 1.33228, 111.796, 149995, 0.1379, -3.2793e-05, 99999.9, -0.317906
0.1875, 1.33264, 111.798, 149994, 0.1379, -3.2793e-05, 99999.9, -0.312906
0.1925, 1.33288, 111.799, 149993, 0.1379, -3.2793e-05, 99999.9, -0.307906
0.1975, 1.33304, 111.8, 149992, 0.1379, -3.2793e-05, 99999.9, -0.302906
0.2025, 1.33312, 111.801, 149992, 0.1379, -3.2793e-05, 99999.9, -0.297906
0.2075, 1.33316, 111.801, 149992, 0.1379, -3.2793e-05, 99999.9, -0.292906
0.2125, 1.33316, 111.801, 149992, 0.1379, -3.2793e-05, 99999.9, -0.287906
0.2175, 1.33314, 111.8, 149993, 0.1379, -3.2793e-05, 99999.9, -0.282906
0.2225, 1.33306, 111.799, 149993, 0.1379, -3.2793e-05, 99999.9, -0.277906
0.2275, 1.33296, 111.799, 149994, 0.1379, -3.2793e-05, 99999.9, -0.272906
0.2325, 1.3329, 111.799, 149994, 0.1379, -3.2793e-05, 99999.9, -0.267906
0.2375, 1.33287, 111.798, 149994, 0.1379, -3.2793e-05, 99999.9, -0.262906
0.2425, 1.33287, 111.798, 149994, 0.1379, -3.2793e-05, 99999.9, -0.257906
0.2475, 1.33288, 111.797, 149995, 0.1379, -3.2793e-05, 99999.9, -0.252906
0.2525, 1.33296, 111.795, 149996, 0.1379, -3.2793e-05, 99999.9, -0.247906
0.2575, 1.33312, 111.792, 149997, 0.1379, -3.2793e-05, 99999.9, -0.242906
0.2625, 1.33329, 111.79, 149998, 0.1379, -3.2793e-05, 99999.9, -0.237906
0.2675, 1.33342, 111.789, 149999, 0.1379, -3.2793e-05, 99999.9, -0.232906
0.2725, 1.33349, 111.788, 149999, 0.1379, -3.2793e-05, 99999.9, -0.227906
0.2775, 1.33353, 111.789, 149998, 0.1379, -3.2793e-05, 99999.9, -0.222906
0.2825, 1.33354, 111.79, 149998, 0.1379, -3.2793e-05, 99999.9, -0.217906
0.2875, 1.33353, 111.793, 149996, 0.1379, -3.2793e-05, 99999.9, -0.212906
0.2925, 1.33349, 111.795, 149994, 0.1379, -3.2793e-05, 99999.9, -0.207906
0.2975, 1.33336, 111.798, 149993, 0.1379, -3.2793e-05, 99999.9, -0.202906
0.3025, 1.3332, 111.8, 149993, 0.1379, -3.2793e-05, 99999.9, -0.197906
0.3075, 1.33306, 111.8, 149994, 0.1379, -3.2793e-05, 99999.9, -0.192906
0.3125, 1.33297, 111.8, 149994, 0.1379, -3.2793e-05, 99999.9, -0.187906
0.3175, 1.33293, 111.799, 149994, 0.1379, -3.2793e-05, 99999.9, -0.182906
0.3225, 1.33292, 111.798, 149994, 0.1379, -3.2793e-05, 99999.9, -0.177906
0.3275, 1.33294, 111.797, 149995, 0.1379, -3.2793e-05, 99999.9, -0.172906
0.3325, 1.33303, 111.797, 149995, 0.1379, -3.2793e-05, 99999.9, -0.167906
0.3375, 1.33321, 111.797, 149994, 0.1379, -3.2793e-05, 99999.9, -0.162906
0.3425, 1.33339, 111.797, 149994, 0.1379, -3.2793e-05, 99999.9, -0.157906
0.3475, 1.33351, 111.798, 149994, 0.1379, -3.2793e-05, 99999.9, -0.152906
0.3525, 1.33359, 111.798, 149994, 0.1379, -3.2793e-05, 99999.9, -0.147906
0.3575, 1.33362, 111.797, 149995, 0.1379, -3.2793e-05, 99999.9, -0.142906
0.3625, 1.33363, 111.797, 149996, 0.1379, -3.2793e-05, 99999.9, -0.137906
0.3675, 1.33363, 111.795, 149997, 0.1379, -3.2793e-05, 99999.9, -0.132906
0.3725, 1.33359, 111.791, 149998, 0.1379, -3.2793e-05, 99999.9, -0.127906
0.3775, 1.33343, 111.786, 149997, 0.1379, -3.2793e-05, 99999.9, -0.122906
0.3825, 1.33312, 111.773, 149991, 0.1379, -3.2793e-05, 99999.9, -0.117906
0.3875, 1.33263, 111.728, 149966, 0.1379, -3.2793e-05, 99999.9, -0.112906
0.3925, 1.33184, 111.563, 149876, 0.1379, -3.2793e-05, 99999.9, -0.107905
0.3975, 1.33007, 110.981, 149563, 0.1379, -3.2793e-05, 99999.9, -0.102902
0.4025, 1.32367, 108.792, 148423, 0.1379, -3.2793e-05, 99999.9, -0.0978887
0.4075, 1.29289, 99.6006, 143630, 0.1379, -3.2793e-05, 99999.9, -0.0928403
0.4125, 1.21723, 76.3984, 132160, 0.1379, -3.2793e-05, 99999.9, -0.0877429
0.4175, 1.1306, 47.4958, 119086, 0.1379, -3.2793e-05, 99999.9, -0.0826433
0.4225, 1.06974, 25.8183, 110035, 0.1379, -3.2793e-05, 99999.9, -0.0775754
0.4275, 1.03451, 12.8678, 104906, 0.1379, -3.2793e-05, 99999.9, -0.0725368
0.4325, 1.01631, 6.09758, 102302, 0.1379, -3.2793e-05, 99999.9, -0.0675172
0.4375, 1.00752, 2.81334, 101057, 0.1379, -3.2793e-05, 99999.9, -0.0625079
0.4425, 1.00342, 1.28023, 100480, 0.1379, -3.2793e-05, 99999.9, -0.0575036
0.4475, 1.00155, 0.578135, 100216, 0.1379, -3.2793e-05, 99999.9, -0.0525016
0.4525, 1.00069, 0.25977, 100097, 0.1379, -3.2793e-05, 99999.9, -0.0475007
0.4575, 1.00031, 0.116243, 100043, 0.1379, -3.2793e-05, 99999.9, -0.0425003
0.4625, 1.00014, 0.0518095, 100019, 0.1379, -3.2793e-05, 99999.9, -0.0375001
0.4675, 1.00006, 0.0229931, 100009, 0.1379, -3.2793e-05, 99999.9, -0.0325
0.4725, 1.00003, 0.0101545, 100004, 0.1379, -3.2793e-05, 99999.9, -0.0275
0.4775, 1.00001, 0.00445723, 100002, 0.1379, -3.2793e-05, 99999.9, -0.0225
0.4825, 1.00001, 0.00195055, 100001, 0.1379, -3.2793e-05, 99999.9, -0.0175
0.4875, 1, 0.000878804, 100000, 0.1379, -3.2793e-05, 99999.9, -0.0125
0.4925, 1, 0.000428892, 100000, 0.1379, -3.2793e-05, 99999.9, -0.00749996
0.4975, 1, 0.000185983, 100000, 0.1379, -0.000184907, 100000, -0.00249996
0.5025, 1, 1.4695e-05, 100000, 0.1379, -0.000232115, 100000, 0.00250004
0.5075, 1, -3.27933e-05, 99999.9, 0.1379, -0.000287785, 100000, 0.00750004
0.5125, 1, -3.2793e-05, 99999.9, 0.1379, -0.000329498, 99999.9, 0.0125
0.5175, 1, -3.2793e-05, 99999.9, 0.1379, -0.000360247, 99999.9, 0.0175
0.5225, 1, -3.2793e-05, 99999.9, 0.1379, -0.000383284, 99999.9, 0.0225
0.5275, 1, -3.2793e-05, 99999.9, 0.1379, -0.000399655, 99999.9, 0.0275
0.5325, 1, -3.2793e-05, 99999.9, 0.1379, -0.000410206, 99999.9, 0.0325
0.5375, 1, -3.2793e-05, 99999.9, 0.1379, -0.000416833, 99999.9, 0.0375
0.5425, 1, -3.2793e-05, 99999.9, 0.1379, -0.000421283, 99999.9, 0.0425
0.5475, 1, -3.2793e-05, 99999.9, 0.1379, -0.000424411, 99999.9, 0.0475
0.5525, 1, -3.2793e-05, 99999.9, 0.1379, -0.000426586, 99999.9, 0.0525
0.5575, 1, -3.2793e-05, 99999.9, 0.1379, -0.000428066, 99999.9, 0.0575
0.5625, 1, -3.2793e-05, 99999.9, 0.1379, -0.000429041, 99999.9, 0.0625
0.5675, 1, -3.2793e-05, 99999.9, 0.1379, -0.000429654, 99999.9, 0.0675
0.5725, 1, -3.2793e-05, 99999.9, 0.1379, -0.00043001, 99999.9, 0.0725
0.5775, 1, -3.2793e-05, 99999.9, 0.1379, -0.000430192, 99999.9, 0.0775
0.5825, 1, -3.2793e-05, 99999.9, 0.1379, -0.000430268, 99999.9, 0.0825
0.5875, 1, -3.2793e-05, 99999.9, 0.1379, -0.00043029, 99999.9, 0.0875
0.5925, 1, -3.2793e-05, 99999.9, 0.1379, -0.000430292, 99999.9, 0.0925
0.5975, 1, -3.2793e-05, 99999.9, 0.1379, -0.000430282, 99999.9, 0.0975
0.6025, 1, -3.2793e-05, 99999.9, 0.1379, -0.000430264, 99999.9, 0.1025
0.6075, 1, -3.2793e-05, 99999.9, 0.1379, -0.000430246, 99999.9, 0.1075
0.6125, 1, -3.2793e-05, 99999.9, 0.1379, -0.000430228, 99999.9, 0.1125
0.6175, 1, -3.2793e-05, 99999.9, 0.1379, -0.000430212, 99999.9, 0.1175
0.6225, 1, -3.2793e-05, 99999.9, 0.1379, -0.000430198, 99999.9, 0.1225
0.6275, 1, -3.2793e-05, 99999.9, 0.1379, -0.000430188, 99999.9, 0.1275
0.6325, 1, -3.2793e-05, 99999.9, 0.1379, -0.00043018, 99999.9, 0.1325
0.6375, 1, -3.2793e-05, 99999.9, 0.1379, -0.000430175, 99999.9, 0.1375
0.6425, 1, -3.2793e-05, 99999.9, 0.1379, -0.00043017, 99999.9, 0.1425
0.6475, 1, -3.2793e-05, 99999.9, 0.1379, -0.000430167, 99999.9, 0.1475
0.6525, 1, -3.2793e-05, 99999.9, 0.1379, -0.000430165, 99999.9, 0.1525
0.6575, 1, -3.2793e-05, 99999.9, 0.1379, -0.000430163, 99999.9, 0.1575
0.6625, 1, -3.2793e-05, 99999.9, 0.1379, -0.000430162, 99999.9, 0.1625
0.6675, 1, -3.2793e-05, 99999.9, 0.1379, -0.000430161, 99999.9, 0.1675
0.6725, 1, -3.2793e-05, 99999.9, 0.1379, -0.000430161, 99999.9, 0.1725
0.6775, 1, -3.2793e-05, 99999.9, 0.1379, -0.000430161, 99999.9, 0.1775
0.6825, 1, -3.2793e-05, 99999.9, 0.1379, -0.00043016, 99999.9, 0.1825
0.6875, 1, -3.2793e-05, 99999.9, 0.1379, -0.00043016, 99999.9, 0.1875
0.6925, 1, -3.2793e-05, 99999.9, 0.1379, -0.00043016, 99999.9, 0.1925
0.6975, 1, -3.2793e-05, 99999.9, 0.1379, -0.00043016, 99999.9, 0.1975
0.7025, 1, -3.2793e-05, 99999.9, 0.1379, -0.00043016, 99999.9, 0.2025
0.7075, 1, -3.2793e-05, 99999.9, 0.1379, -0.00043016, 99999.9, 0.2075
0.7125, 1, -3.2793e-05, 99999.9, 0.1379, -0.00043016, 99999.9, 0.2125
0.7175, 1, -3.2793e-05, 99999.9, 0.1379, -0.00043016, 99999.9, 0.2175
0.7225, 1, -3.2793e-05, 99999.9, 0.1379, -0.00043016, 99999.9, 0.2225
0.7275, 1, -3.2793e-05, 99999.9, 0.1379, -0.00043016, 99999.9, 0.2275
0.7325, 1, -3.2793e-05, 99999.9, 0.1379, -0.00043016, 99999.9, 0.2325
0.7375, 1, -3.2793e-05, 99999.9, 0.1379, -0.00043016, 99999.9, 0.2375
0.7425, 1, -3.2793e-05, 99999.9, 0.1379, -0.00043016, 99999.9, 0.2425
0.7475, 1, -3.2793e-05, 99999.9, 0.1379, -0.00043016, 99999.9, 0.2475
0.7525, 1, -3.2793e-05, 99999.9, 0.1379, -0.00043016, 99999.9, 0.2525
0.7575, 1, -3.2793e-05, 99999.9, 0.1379, -0.00043016, 99999.9, 0.2575
0.7625, 1, -3.2793e-05, 99999.9, 0.1379, -0.00043016, 99999.9, 0.2625
0.7675, 1, -3.2793e-05, 99999.9, 0.1379, -0.00043016, 99999.9, 0.2675
0.7725, 1, -3.2793e-05, 99999.9, 0.1379, -0.00043016, 99999.9, 0.2725
0.7775, 1, -3.2793e-05, 99999.9, 0.1379, -0.00043016, 99999.9, 0.2775
0.7825, 1, -3.2793e-05, 99999.9, 0.1379, -0.00043016, 99999.9, 0.2825
0.7875, 1, -3.2793e-05, 99999.9, 0.1379, -0.00043016, 99999.9, 0.2875
0.7925, 1, -3.2793e-05, 99999.9, 0.1379, -0.00043016, 99999.9, 0.2925
0.7975, 1, -3.2793e-05, 99999.9, 0.1379, -0.00043016, 99999.9, 0.2975
0.8025, 1, -3.2793e-05, 99999.9, 0.1379, -0.00043016, 99999.9, 0.3025
0.8075, 1, -3.2793e-05, 99999.9, 0.1379, -0.00043016, 99999.9, 0.3075
0.8125, 1, -3.2793e-05, 99999.9, 0.1379, -0.00043016, 99999.9, 0.3125
0.8175, 1, -3.2793e-05, 99999.9, 0.1379, -0.00043016, 99999.9, 0.3175
0.8225, 1, -3.2793e-05, 99999.9, 0.1379, -0.00043016, 99999.9, 0.3225
0.8275, 1, -3.2793e-05, 99999.9, 0.1379, -0.00043016, 99999.9, 0.3275
0.8325, 1, -3.2793e-05, 99999.9, 0.1379, -0.00043016, 99999.9, 0.3325
0.8375, 1, -3.2793e-05, 99999.9, 0.1379, -0.00043016, 99999.9, 0.3375
0.8425, 1, -3.2793e-05, 99999.9, 0.1379, -0.00043016, 99999.9, 0.3425
0.8475, 1, -3.2793e-05, 99999.9, 0.1379, -0.00043016, 99999.9, 0.3475
0.8525, 1, -3.2793e-05, 99999.9, 0.1379, -0.00043016, 99999.9, 0.3525
0.8575, 1, -3.2793e-05, 99999.9, 0.1379, -0.000430161, 99999.9, 0.3575
0.8625, 1, -3.2793e-05, 99999.9, 0.1379, -0.000430161, 99999.9, 0.3625
0.8675, 1, -3.2793e-05, 99999.9, 0.1379, -0.000430161, 99999.9, 0.3675
0.8725, 1, -3.2793e-05, 99999.9, 0.1379, -0.000430161, 99999.9, 0.3725
0.8775, 1, -3.2793e-05, 99999.9, 0.1379, -0.000430161, 99999.9, 0.3775
0.8825, 1, -3.2793e-05, 99999.9, 0.1379, -0.000430161, 99999.9, 0.3825
0.8875, 1, -3.2793e-05, 99999.9, 0.1379, -0.000430161, 99999.9, 0.3875
0.8925, 1, -3.2793e-05, 99999.9, 0.1379, -0.000430161, 99999.9, 0.3925
0.8975, 1, -3.2793e-05, 99999.9, 0.1379, -0.00043016, 99999.9, 0.3975
0.9025, 1, -3.2793e-05, 99999.9, 0.1379, -0.00043016, 99999.9, 0.4025
0.9075, 1, -3.2793e-05, 99999.9, 0.1379, -0.00043016, 99999.9, 0.4075
0.9125, 1, -3.2793e-05, 99999.9, 0.1379, -0.00043016, 99999.9, 0.4125
0.9175, 1, -3.2793e-05, 99999.9, 0.1379, -0.00043016, 99999.9, 0.4175
0.9225, 1, -3.2793e-05, 99999.9, 0.1379, -0.00043016, 99999.9, 0.4225
0.9275, 1, -3.2793e-05, 99999.9, 0.1379, -0.000430159, 99999.9, 0.4275
0.9325, 1, -3.2793e-05, 99999.9, 0.1379, -0.000430159, 99999.9, 0.4325
0.9375, 1, -3.2793e-05, 99999.9, 0.1379, -0.000430159, 99999.9, 0.4375
0.9425, 1, -3.2793e-05, 99999.9, 0.1379, -0.000430159, 99999.9, 0.4425
0.9475, 1, -3.2793e-05, 99999.9, 0.1379, -0.000430159, 99999.9, 0.4475
0.9525, 1, -3.2793e-05, 99999.9, 0.1379, -0.000430159, 99999.9, 0.4525
0.9575, 1, -3.2793e-05, 99999.9, 0.1379, -0.000430159, 99999.9, 0.4575
0.9625, 1, -3.2793e-05, 99999.9, 0.1379, -0.00043016, 99999.9, 0.4625
0.9675, 1, -3.2793e-05, 99999.9, 0.1379, -0.00043016, 99999.9, 0.4675
0.9725, 1, -3.2793e-05, 99999.9, 0.1379, -0.00043016, 99999.9, 0.4725
0.9775, 1, -3.2793e-05, 99999.9, 0.1379, -0.00043016, 99999.9, 0.4775
0.9825, 1, -3.2793e-05, 99999.9, 0.1379, -0.000430161, 99999.9, 0.4825
0.9875, 1, -3.2793e-05, 99999.9, 0.1379, -0.000430161, 99999.9, 0.4875
0.9925, 1, -3.2793e-05, 99999.9, 0.1379, -0.000430161, 99999.9, 0.4925
0.9975, 1, -3.2793e-05, 99999.9, 0.1379, -0.000430162, 99999.9, 0.4975
