0.0025, 1.33293, 111.799, 149993, 0.15031, 96.2317, 115481, -0.498964
0.0075, 1.33294, 111.797, 149994, 0.15031, 96.2317, 115481, -0.494328
0.0125, 1.33294, 111.796, 149995, 0.15031, 96.2317, 115481, -0.489328
0.0175, 1.33295, 111.795, 149995, 0.15031, 96.2317, 115481, -0.484328
0.0225, 1.33295, 111.795, 149995, 0.15031, 96.2317, 115481, -0.479328
0.0275, 1.33295, 111.795, 149995, 0.15031, 96.2317, 115481, -0.474328
0.0325, 1.33294, 111.795, 149995, 0.15031, 96.2317, 115481, -0.469328
0.0375, 1.33294, 111.796, 149995, 0.15031, 96.2317, 115481, -0.464328
0.0425, 1.33294, 111.798, 149994, 0.15031, 96.2317, 115481, -0.459328
0.0475, 1.33293, 111.799, 149993, 0.15031, 96.2317, 115481, -0.454328
0.0525, 1.33293, 111.8, 149993, 0.15031, 96.2317, 115481, -0.449328
0.0575, 1.33293, 111.8, 149993, 0.15031, 96.2317, 115481, -0.444328
0.0625, 1.33293, 111.801, 149992, 0.15031, 96.2317, 115481, -0.439328
0.0675, 1.33293, 111.801, 149992, 0.15031, 96.2317, 115481, -0.434328
0.0725, 1.33294, 111.8, 149993, 0.15031, 96.2317, 115481, -0.429328
0.0775, 1.33294, 111.8, 149993, 0.15031, 96.2317, 115481, -0.424328
0.0825, 1.33295, 111.799, 149994, 0.15031, 96.2317, 115481, -0.419328
0.0875, 1.33296, 111.797, 149994, 0.15031, 96.2317, 115481, -0.414328
0.0925, 1.33297, 111.796, 149995, 0.15031, 96.2317, 115481, -0.409328
0.0975, 1.33298, 111.794, 149996, 0.15031, 96.2317, 115481, -0.404328
0.1025, 1.33298, 111.793, 149996, 0.15031, 96.2317, 115481, -0.399328
0.1075, 1.33298, 111.793, 149997, 0.15031, 96.2317, 115481, -0.394328
0.1125, 1.33298, 111.792, 149997, 0.15031, 96.2317, 115481, -0.389328
0.1175, 1.33297, 111.793, 149997, 0.15031, 96.2317, 115481, -0.384328
0.1225, 1.33294, 111.794, 149996, 0.15031, 96.2317, 115481, -0.379328
0.1275, 1.33288, 111.796, 149995, 0.15031, 96.2317, 115481, -0.374328
0.1325, 1.3327, 111.798, 149994, 0.15031, 96.2317, 115481, -0.369328
0.1375, 1.33235, 111.799, 149993, 0.15031, 96.2317, 115481, -0.364328
0.1425, 1.33192, 111.8, 149993, 0.15031, 96.2317, 115481, -0.359328
0.1475, 1.3315, 111.8, 149993, 0.15031, 96.2317, 115481, -0.354328
0.1525, 1.33115, 111.8, 149993, 0.15031, 96.2317, 115481, -0.349328
0.1575, 1.33091, 111.8, 149993, 0.15031, 96.2317, 115481, -0.344328
0.1625, 1.33074, 111.8, 149993, 0.15031, 96.2317, 115481, -0.339328
0.1675, 1.33066, 111.8, 149993, 0.15031, 96.2317, 115481, -0.334328
0.1725, 1.33062, 111.799, 149993, 0.15031, 96.2317, 115481, -0.329328
0.1775, 1.33062, 111.799, 149993, 0.15031, 96.2317, 115481, -0.324328
0.1825, 1.33066, 111.798, 149994, 0.15031, 96.2317, 115481, -0.319328
0.1875, 1.33082, 111.796, 149995, 0.15031, 96.2317, 115481, -0.314328
0.1925, 1.33121, 111.795, 149995, 0.15031, 96.2317, 115481, -0.309328
0.1975, 1.3317, 111.793, 149996, 0.15031, 96.2317, 115481, -0.304328
0.2025, 1.33214, 111.792, 149997, 0.15031, 96.2317, 115481, -0.299328
0.2075, 1.33249, 111.791, 149998, 0.15031, 96.2317, 115481, -0.294328
0.2125, 1.33274, 111.79, 149998, 0.15031, 96.2317, 115481, -0.289328
0.2175, 1.33291, 111.79, 149998, 0.15031, 96.2317, 115481, -0.284328
0.2225, 1.333, 111.791, 149998, 0.15031, 96.2317, 115481, -0.279328
0.2275, 1.33305, 111.792, 149997, 0.15031, 96.2317, 115481, -0.274328
0.2325, 1.33306, 111.794, 149997, 0.15031, 96.2317, 115481, -0.269328
0.2375, 1.33306, 111.796, 149996, 0.15031, 96.2317, 115481, -0.264328
0.2425, 1.33304, 111.797, 149995, 0.15031, 96.2317, 115481, -0.259328
0.2475, 1.33299, 111.798, 149994, 0.15031, 96.2317, 115481, -0.254328
0.2525, 1.33296, 111.798, 149994, 0.15031, 96.2317, 115481, -0.249328
0.2575, 1.33295, 111.799, 149994, 0.15031, 96.2317, 115481, -0.244328
0.2625, 1.33295, 111.798, 149994, 0.15031, 96.2317, 115481, -0.239328
0.2675, 1.33296, 111.798, 149994, 0.15031, 96.2317, 115481, -0.234328
0.2725, 1.333, 111.798, 149994, 0.15031, 96.2317, 115481, -0.229328
0.2775, 1.3331, 111.797, 149994, 0.15031, 96.2317, 115481, -0.224328
0.2825, 1.33322, 111.797, 149994, 0.15031, 96.2317, 115481, -0.219328
0.2875, 1.33332, 111.797, 149994, 0.15031, 96.2317, 115481, -0.214328
0.2925, 1.33338, 111.797, 149994, 0.15031, 96.2317, 115481, -0.209328
0.2975, 1.33342, 111.797, 149994, 0.15031, 96.2317, 115481, -0.204328
0.3025, 1.33343, 111.796, 149995, 0.15031, 96.2317, 115481, -0.199328
0.3075, 1.33343, 111.795, 149996, 0.15031, 96.2317, 115481, -0.194328
0.3125, 1.33341, 111.794, 149997, 0.15031, 96.2317, 115481, -0.189328
0.3175, 1.33335, 111.792, 149997, 0.15031, 96.2317, 115481, -0.184328
0.3225, 1.33324, 111.792, 149997, 0.15031, 96.2317, 115481, -0.179328
0.3275, 1.33315, 111.792, 149997, 0.15031, 96.2317, 115481, -0.174328
0.3325, 1.33309, 111.792, 149997, 0.15031, 96.2317, 115481, -0.169328
0.3375, 1.33306, 111.793, 149997, 0.15031, 96.2317, 115481, -0.164328
0.3425, 1.33305, 111.794, 149996, 0.15031, 96.2317, 115481, -0.159328
0.3475, 1.33306, 111.796, 149995, 0.15031, 96.2317, 115481, -0.154328
0.3525, 1.3331, 111.797, 149995, 0.15031, 96.2317, 115481, -0.149328
0.3575, 1.33321, 111.798, 149994, 0.15031, 96.2317, 115481, -0.144328
0.3625, 1.33334, 111.797, 149994, 0.15031, 96.2317, 115481, -0.139328
0.3675, 1.33344, 111.797, 149994, 0.15031, 96.2317, 115481, -0.134328
0.3725, 1.3335, 111.796, 149995, 0.15031, 96.2317, 115481, -0.129328
0.3775, 1.33352, 111.796, 149995, 0.15031, 96.2317, 115481, -0.124328
0.3825, 1.33353, 111.796, 149995, 0.15031, 96.2317, 115481, -0.119328
0.3875, 1.33353, 111.796, 149995, 0.15031, 96.2317, 115481, -0.114328
0.3925, 1.33348, 111.797, 149995, 0.15031, 96.2317, 115481, -0.109328
0.3975, 1.33335, 111.797, 149995, 0.15031, 96.2317, 115481, -0.104328
0.4025, 1.33319, 111.797, 149995, 0.15031, 96.2317, 115481, -0.0993281
0.4075, 1.33307, 111.797, 149995, 0.15031, 96.2317, 115481, -0.0943281
0.4125, 1.33301, 111.795, 149996, 0.15031, 96.2317, 115481, -0.0893281
0.4175, 1.33299, 111.793, 149997, 0.15031, 96.2317, 115481, -0.0843281
0.4225, 1.333, 111.791, 149998, 0.15031, 96.2317, 115481, -0.0793281
0.4275, 1.33308, 111.788, 149999, 0.15031, 96.2317, 115481, -0.0743281
0.4325, 1.33323, 111.787, 150000, 0.15031, 96.2317, 115481, -0.0693281
0.4375, 1.33338, 111.788, 149999, 0.15031, 96.2317, 115481, -0.0643281
0.4425, 1.33348, 111.79, 149999, 0.15031, 96.2317, 115481, -0.0593281
0.4475, 1.33354, 111.793, 149998, 0.15031, 96.2317, 115481, -0.0543281
0.4525, 1.33356, 111.796, 149996, 0.15031, 96.2317, 115481, -0.0493281
0.4575, 1.33356, 111.801, 149993, 0.15031, 96.2317, 115481, -0.0443281
0.4625, 1.3335, 111.809, 149983, 0.15031, 96.2317, 115481, -0.0393281
0.4675, 1.33326, 111.841, 149952, 0.15031, 96.2317, 115481, -0.0343282
0.4725, 1.33246, 111.948, 149847, 0.15031, 96.2317, 115481, -0.0293283
0.4775, 1.33001, 112.258, 149502, 0.15031, 96.2317, 115481, -0.0243288
0.4825, 1.3233, 112.948, 148495, 0.15031, 96.2317, 115481, -0.0193294
0.4875, 1.30275, 113.99, 145301, 0.15031, 96.2317, 115481, -0.0143269
0.4925, 1.24142, 109.465, 135950, 0.15031, 96.2317, 115481, -0.00929841
0.4975, 1.14712, 97.6378, 121804, 0.150312, 96.22, 115479, -0.0042466
0.5025, 1.10582, 94.705, 115713, 0.150097, 94.6183, 115207, 0.000766534
0.5075, 1.10453, 96.2317, 115481, 0.148106, 79.5485, 112668, 0.00581379
0.5125, 1.10453, 96.2317, 115481, 0.146193, 64.9548, 110253, 0.0108581
0.5175, 1.10453, 96.2317, 115481, 0.144455, 51.5534, 108072, 0.0158969
0.5225, 1.10453, 96.2317, 115481, 0.142969, 39.9968, 106219, 0.0209294
0.5275, 1.10453, 96.2317, 115481, 0.14175, 30.4657, 104710, 0.0259555
0.5325, 1.10453, 96.2317, 115481, 0.140784, 22.8712, 103519, 0.0309759
0.5375, 1.10453, 96.2317, 115481, 0.140038, 16.9845, 102604, 0.0359915
0.5425, 1.10453, 96.2317, 115481, 0.139474, 12.5149, 101914, 0.0410033
0.5475, 1.10453, 96.2317, 115481, 0.139052, 9.17127, 101400, 0.046012
0.5525, 1.10453, 96.2317, 115481, 0.138741, 6.69576, 101020, 0.0510185
0.5575, 1.10453, 96.2317, 115481, 0.138512, 4.87593, 100742, 0.0560232
0.5625, 1.10453, 96.2317, 115481, 0.138345, 3.5445, 100539, 0.0610266
0.5675, 1.10453, 96.2317, 115481, 0.138223, 2.57351, 100391, 0.0660291
0.5725, 1.10453, 96.2317, 115481, 0.138134, 1.86691, 100284, 0.071031
0.5775, 1.10453, 96.2317, 115481, 0.13807, 1.35344, 100206, 0.0760323
0.5825, 1.10453, 96.2317, 115481, 0.138023, 0.980689, 100149, 0.0810332
0.5875, 1.10453, 96.2317, 115481, 0.137989, 0.710267, 100108, 0.0860339
0.5925, 1.10453, 96.2317, 115481, 0.137964, 0.514182, 100078, 0.0910344
0.5975, 1.10453, 96.2317, 115481, 0.137947, 0.372054, 100056, 0.0960348
0.6025, 1.10453, 96.2317, 115481, 0.137934, 0.269069, 100041, 0.101035
0.6075, 1.10453, 96.2317, 115481, 0.137924, 0.194472, 100030, 0.106035
0.6125, 1.10453, 96.2317, 115481, 0.137918, 0.140455, 100021, 0.111035
0.6175, 1.10453, 96.2317, 115481, 0.137913, 0.101354, 100015, 0.116036
0.6225, 1.10453, 96.2317, 115481, 0.137909, 0.0730622, 100011, 0.121036
0.6275, 1.10453, 96.2317, 115481, 0.137907, 0.0526006, 100008, 0.126036
0.6325, 1.10453, 96.2317, 115481, 0.137905, 0.03781, 100006, 0.131036
0.6375, 1.10453, 96.2317, 115481, 0.137903, 0.027125, 100004, 0.136036
0.6425, 1.10453, 96.2317, 115481, 0.137902, 0.0194114, 100003, 0.141036
0.6475, 1.10453, 96.2317, 115481, 0.137902, 0.0138474, 100002, 0.146036
0.6525, 1.10453, 96.2317, 115481, 0.137901, 0.00983798, 100001, 0.151036
0.6575, 1.10453, 96.2317, 115481, 0.137901, 0.0069521, 100001, 0.156036
0.6625, 1.10453, 96.2317, 115481, 0.137901, 0.00487769, 100001, 0.161036
0.6675, 1.10453, 96.2317, 115481, 0.1379, 0.00338857, 100001, 0.166036
0.6725, 1.10453, 96.2317, 115481, 0.1379, 0.00232079, 100000, 0.171036
0.6775, 1.10453, 96.2317, 115481, 0.1379, 0.00155547, 100000, 0.176036
0.6825, 1.10453, 96.2317, 115481, 0.1379, 0.00100655, 100000, 0.181036
0.6875, 1.10453, 96.2317, 115481, 0.1379, 0.000611958, 100000, 0.186036
0.6925, 1.10453, 96.2317, 115481, 0.1379, 0.00032718, 100000, 0.191036
0.6975, 1.10453, 96.2317, 115481, 0.1379, 0.000120573, 100000, 0.196036
0.7025, 1.10453, 96.2317, 115481, 0.1379, -3.01785e-05, 100000, 0.201036
0.7075, 1.10453, 96.2317, 115481, 0.1379, -0.00014074, 100000, 0.206036
0.7125, 1.10453, 96.2317, 115481, 0.1379, -0.000222097, 100000, 0.211036
0.7175, 1.10453, 96.2317, 115481, 0.1379, -0.000281982, 100000, 0.216036
0.7225, 1.10453, 96.2317, 115481, 0.1379, -0.000325876, 100000, 0.221036
0.7275, 1.10453, 96.2317, 115481, 0.1379, -0.000357742, 99999.9, 0.226036
0.7325, 1.10453, 96.2317, 115481, 0.1379, -0.000380541, 99999.9, 0.231036
0.7375, 1.10453, 96.2317, 115481, 0.1379, -0.000396571, 99999.9, 0.236036
0.7425, 1.10453, 96.2317, 115481, 0.1379, -0.000407657, 99999.9, 0.241036
0.7475, 1.10453, 96.2317, 115481, 0.1379, -0.00041523, 99999.9, 0.246036
0.7525, 1.10453, 96.2317, 115481, 0.1379, -0.000420372, 99999.9, 0.251036
0.7575, 1.10453, 96.2317, 115481, 0.1379, -0.000423854, 99999.9, 0.256036
0.7625, 1.10453, 96.2317, 115481, 0.1379, -0.000426205, 99999.9, 0.261036
0.7675, 1.10453, 96.2317, 115481, 0.1379, -0.000427777, 99999.9, 0.266036
0.7725, 1.10453, 96.2317, 115481, 0.1379, -0.000428806, 99999.9, 0.271036
0.7775, 1.10453, 96.2317, 115481, 0.1379, -0.000429458, 99999.9, 0.276036
0.7825, 1.10453, 96.2317, 115481, 0.1379, -0.000429851, 99999.9, 0.281036
0.7875, 1.10453, 96.2317, 115481, 0.1379, -0.000430074, 99999.9, 0.286036
0.7925, 1.10453, 96.2317, 115481, 0.1379, -0.00043019, 99999.9, 0.291036
0.7975, 1.10453, 96.2317, 115481, 0.1379, -0.000430244, 99999.9, 0.296036
0.8025, 1.10453, 96.2317, 115481, 0.1379, -0.000430264, 99999.9, 0.301036
0.8075, 1.10453, 96.2317, 115481, 0.1379, -0.000430269, 99999.9, 0.306036
0.8125, 1.10453, 96.2317, 115481, 0.1379, -0.000430265, 99999.9, 0.311036
0.8175, 1.10453, 96.2317, 115481, 0.1379, -0.000430247, 99999.9, 0.316036
0.8225, 1.10453, 96.2317, 115481, 0.1379, -0.000430226, 99999.9, 0.321036
0.8275, 1.10453, 96.2317, 115481, 0.1379, -0.000430211, 99999.9, 0.326036
0.8325, 1.10453, 96.2317, 115481, 0.1379, -0.000430198, 99999.9, 0.331036
0.8375, 1.10453, 96.2317, 115481, 0.1379, -0.000430188, 99999.9, 0.336036
0.8425, 1.10453, 96.2317, 115481, 0.1379, -0.000430181, 99999.9, 0.341036
0.8475, 1.10453, 96.2317, 115481, 0.1379, -0.000430175, 99999.9, 0.346036
0.8525, 1.10453, 96.2317, 115481, 0.1379, -0.000430171, 99999.9, 0.351036
0.8575, 1.10453, 96.2317, 115481, 0.1379, -0.000430168, 99999.9, 0.356036
0.8625, 1.10453, 96.2317, 115481, 0.1379, -0.000430165, 99999.9, 0.361036
0.8675, 1.10453, 96.2317, 115481, 0.1379, -0.000430164, 99999.9, 0.366036
0.8725, 1.10453, 96.2317, 115481, 0.1379, -0.000430162, 99999.9, 0.371036
0.8775, 1.10453, 96.2317, 115481, 0.1379, -0.000430162, 99999.9, 0.376036
0.8825, 1.10453, 96.2317, 115481, 0.1379, -0.000430161, 99999.9, 0.381036
0.8875, 1.10453, 96.2317, 115481, 0.1379, -0.000430161, 99999.9, 0.386036
0.8925, 1.10453, 96.2317, 115481, 0.1379, -0.000430161, 99999.9, 0.391036
0.8975, 1.10453, 96.2317, 115481, 0.1379, -0.00043016, 99999.9, 0.396036
0.9025, 1.10453, 96.2317, 115481, 0.1379, -0.00043016, 99999.9, 0.401036
0.9075, 1.10453, 96.2317, 115481, 0.1379, -0.00043016, 99999.9, 0.406036
0.9125, 1.10453, 96.2317, 115481, 0.1379, -0.00043016, 99999.9, 0.411036
0.9175, 1.10453, 96.2317, 115481, 0.1379, -0.00043016, 99999.9, 0.416036
0.9225, 1.10453, 96.2317, 115481, 0.1379, -0.00043016, 99999.9, 0.421036
0.9275, 1.10453, 96.2317, 115481, 0.1379, -0.00043016, 99999.9, 0.426036
0.9325, 1.10453, 96.2317, 115481, 0.1379, -0.00043016, 99999.9, 0.431036
0.9375, 1.10453, 96.2317, 115481, 0.1379, -0.00043016, 99999.9, 0.436036
0.9425, 1.10453, 96.2317, 115481, 0.1379, -0.00043016, 99999.9, 0.441036
0.9475, 1.10453, 96.2317, 115481, 0.1379, -0.00043016, 99999.9, 0.446036
0.9525, 1.10453, 96.2317, 115481, 0.1379, -0.00043016, 99999.9, 0.451036
0.9575, 1.10453, 96.2317, 115481, 0.1379, -0.00043016, 99999.9, 0.456036
0.9625, 1.10453, 96.2317, 115481, 0.1379, -0.00043016, 99999.9, 0.461036
0.9675, 1.10453, 96.2317, 115481, 0.1379, -0.00043016, 99999.9, 0.466036
0.9725, 1.10453, 96.2317, 115481, 0.1379, -0.00043016, 99999.9, 0.471036
0.9775, 1.10453, 96.2317, 115481, 0.1379, -0.00043016, 99999.9, 0.476036
0.9825, 1.10453, 96.2317, 115481, 0.1379, -0.00043016, 99999.9, 0.481036
0.9875, 1.10453, 96.2317, 115481, 0.1379, -0.00043016, 99999.9, 0.486036
0.9925, 1.10453, 96.2317, 115481, 0.1379, -0.00043016, 99999.9, 0.491036
0.9975, 1.10453, 96.2317, 115481, 0.1379, -0.00043016, 99999.9, 0.496036
