0.0025, 1.333, 111.787, 150000, 0.1379, -0.000237327, 99999.9, -0.4975
0.0075, 1.333, 111.787, 150000, 0.1379, -0.000237327, 99999.9, -0.492906
0.0125, 1.333, 111.787, 150000, 0.1379, -0.000237327, 99999.9, -0.487906
0.0175, 1.333, 111.787, 150000, 0.1379, -0.000237327, 99999.9, -0.482906
0.0225, 1.33299, 111.79, 149998, 0.1379, -0.000237327, 99999.9, -0.477906
0.0275, 1.33295, 111.802, 149992, 0.1379, -0.000237327, 99999.9, -0.472906
0.0325, 1.33278, 111.851, 149968, 0.1379, -0.000237327, 99999.9, -0.467907
0.0375, 1.33241, 111.956, 149917, 0.1379, -0.000237327, 99999.9, -0.462907
0.0425, 1.33153, 112.093, 149824, 0.1379, -0.000237327, 99999.9, -0.457907
0.0475, 1.32949, 112.085, 149659, 0.1379, -0.000237327, 99999.9, -0.452907
0.0525, 1.32459, 111.277, 149214, 0.1379, -0.000237327, 99999.9, -0.447902
0.0575, 1.30037, 104.417, 145872, 0.1379, -0.000237327, 99999.9, -0.442862
0.0625, 1.21749, 78.7853, 133163, 0.1379, -0.000237327, 99999.9, -0.437739
0.0675, 1.09951, 37.5903, 114806, 0.1379, -0.000237327, 99999.9, -0.432596
0.0725, 1.03108, 11.8761, 104507, 0.1379, -0.000237327, 99999.9, -0.427525
0.0775, 1.0067, 2.54135, 100953, 0.1379, -0.000237327, 99999.9, -0.422504
0.0825, 1.00098, 0.366977, 100137, 0.1379, -0.000237327, 99999.9, -0.4175
0.0875, 1.00009, 0.0324668, 100012, 0.1379, -0.000237327, 99999.9, -0.4125
0.0925, 1, 0.00132438, 100000, 0.1379, -0.000237327, 99999.9, -0.4075
0.0975, 1, -1.53825e-07, 100000, 0.1379, -0.000237327, 99999.9, -0.4025
0.1025, 1, 5.50094e-13, 100000, 0.1379, -0.000237327, 99999.9, -0.3975
0.1075, 1, 0, 100000, 0.1379, -0.000237327, 99999.9, -0.3925
0.1125, 1, 0, 100000, 0.1379, -0.000237327, 99999.9, -0.3875
0.1175, 1, 0, 100000, 0.1379, -0.000237327, 99999.9, -0.3825
0.1225, 1, 0, 100000, 0.1379, -0.000237327, 99999.9, -0.3775
0.1275, 1, 0, 100000, 0.1379, -0.000237327, 99999.9, -0.3725
0.1325, 1, 0, 100000, 0.1379, -0.000237327, 99999.9, -0.3675
0.1375, 1, 0, 100000, 0.1379, -0.000237327, 99999.9, -0.3625
0.1425, 1, 0, 100000, 0.1379, -0.000237327, 99999.9, -0.3575
0.1475, 1, 0, 100000, 0.1379, -0.000237327, 99999.9, -0.3525
0.1525, 1, 0, 100000, 0.1379, -0.000237327, 99999.9, -0.3475
0.1575, 1, 0, 100000, 0.1379, -0.000237327, 99999.9, -0.3425
0.1625, 1, 0, 100000, 0.1379, -0.000237327, 99999.9, -0.3375
0.1675, 1, 0, 100000, 0.1379, -0.000237327, 99999.9, -0.3325
0.1725, 1, 0, 100000, 0.1379, -0.000237327, 99999.9, -0.3275
0.1775, 1, 0, 100000, 0.1379, -0.000237327, 99999.9, -0.3225
0.1825, 1, 0, 100000, 0.1379, -0.000237327, 99999.9, -0.3175
0.1875, 1, 0, 100000, 0.1379, -0.000237327, 99999.9, -0.3125
0.1925, 1, 0, 100000, 0.1379, -0.000237327, 99999.9, -0.3075
0.1975, 1, 0, 100000, 0.1379, -0.000237327, 99999.9, -0.3025
0.2025, 1, 0, 100000, 0.1379, -0.000237327, 99999.9, -0.2975
0.2075, 1, 0, 100000, 0.1379, -0.000237327, 99999.9, -0.2925
0.2125, 1, 0, 100000, 0.1379, -0.000237327, 99999.9, -0.2875
0.2175, 1, 0, 100000, 0.1379, -0.000237327, 99999.9, -0.2825
0.2225, 1, 0, 100000, 0.1379, -0.000237327, 99999.9, -0.2775
0.2275, 1, 0, 100000, 0.1379, -0.000237327, 99999.9, -0.2725
0.2325, 1, 0, 100000, 0.1379, -0.000237327, 99999.9, -0.2675
0.2375, 1, 0, 100000, 0.1379, -0.000237327, 99999.9, -0.2625
0.2425, 1, 0, 100000, 0.1379, -0.000237327, 99999.9, -0.2575
0.2475, 1, 0, 100000, 0.1379, -0.000237327, 99999.9, -0.2525
0.2525, 1, 0, 100000, 0.1379, -0.000237327, 99999.9, -0.2475
0.2575, 1, 0, 100000, 0.1379, -0.000237327, 99999.9, -0.2425
0.2625, 1, 0, 100000, 0.1379, -0.000237327, 99999.9, -0.2375
0.2675, 1, 0, 100000, 0.1379, -0.000237327, 99999.9, -0.2325
0.2725, 1, 0, 100000, 0.1379, -0.000237327, 99999.9, -0.2275
0.2775, 1, 0, 100000, 0.1379, -0.000237327, 99999.9, -0.2225
0.2825, 1, 0, 100000, 0.1379, -0.000237327, 99999.9, -0.2175
0.2875, 1, 0, 100000, 0.1379, -0.000237327, 99999.9, -0.2125
0.2925, 1, 0, 100000, 0.1379, -0.000237327, 99999.9, -0.2075
0.2975, 1, 0, 100000, 0.1379, -0.000237327, 99999.9, -0.2025
0.3025, 1, 0, 100000, 0.1379, -0.000237327, 99999.9, -0.1975
0.3075, 1, 0, 100000, 0.1379, -0.000237327, 99999.9, -0.1925
0.3125, 1, 0, 100000, 0.1379, -0.000237327, 99999.9, -0.1875
0.3175, 1, 0, 100000, 0.1379, -0.000237327, 99999.9, -0.1825
0.3225, 1, 0, 100000, 0.1379, -0.000237327, 99999.9, -0.1775
0.3275, 1, 0, 100000, 0.1379, -0.000237327, 99999.9, -0.1725
0.3325, 1, 0, 100000, 0.1379, -0.000237327, 99999.9, -0.1675
0.3375, 1, 0, 100000, 0.1379, -0.000237327, 99999.9, -0.1625
0.3425, 1, 0, 100000, 0.1379, -0.000237327, 99999.9, -0.1575
0.3475, 1, 0, 100000, 0.1379, -0.000237327, 99999.9, -0.1525
0.3525, 1, 0, 100000, 0.1379, -0.000237327, 99999.9, -0.1475
0.3575, 1, 0, 100000, 0.1379, -0.000237327, 99999.9, -0.1425
0.3625, 1, 0, 100000, 0.1379, -0.000237327, 99999.9, -0.1375
0.3675, 1, 0, 100000, 0.1379, -0.000237327, 99999.9, -0.1325
0.3725, 1, 0, 100000, 0.1379, -0.000237327, 99999.9, -0.1275
0.3775, 1, 0, 100000, 0.1379, -0.000237327, 99999.9, -0.1225
0.3825, 1, 0, 100000, 0.1379, -0.000237327, 99999.9, -0.1175
0.3875, 1, 0, 100000, 0.1379, -0.000237327, 99999.9, -0.1125
0.3925, 1, 0, 100000, 0.1379, -0.000237327, 99999.9, -0.1075
0.3975, 1, 0, 100000, 0.1379, -0.000237327, 99999.9, -0.1025
0.4025, 1, 0, 100000, 0.1379, -0.000237327, 99999.9, -0.0975
0.4075, 1, 0, 100000, 0.1379, -0.000237327, 99999.9, -0.0925
0.4125, 1, 0, 100000, 0.1379, -0.000237327, 99999.9, -0.0875
0.4175, 1, 0, 100000, 0.1379, -0.000237327, 99999.9, -0.0825
0.4225, 1, 0, 100000, 0.1379, -0.000237327, 99999.9, -0.0775
0.4275, 1, 0, 100000, 0.1379, -0.000237327, 99999.9, -0.0725
0.4325, 1, 0, 100000, 0.1379, -0.000237327, 99999.9, -0.0675
0.4375, 1, 0, 100000, 0.1379, -0.000237327, 99999.9, -0.0625
0.4425, 1, 0, 100000, 0.1379, -0.000237327, 99999.9, -0.0575
0.4475, 1, 0, 100000, 0.1379, -0.000237327, 99999.9, -0.0525
0.4525, 1, 0, 100000, 0.1379, -0.000237327, 99999.9, -0.0475
0.4575, 1, 1.56195e-10, 100000, 0.1379, -0.000237327, 99999.9, -0.0425
0.4625, 1, 3.34629e-09, 100000, 0.1379, -0.000237327, 99999.9, -0.0375
0.4675, 1, 3.40273e-08, 100000, 0.1379, -0.000237327, 99999.9, -0.0325
0.4725, 1, 2.22188e-07, 100000, 0.1379, -0.000237327, 99999.9, -0.0275
0.4775, 1, 1.11016e-06, 100000, 0.1379, -0.000237327, 99999.9, -0.0225
0.4825, 1, 3.43552e-06, 100000, 0.1379, -0.000237327, 99999.9, -0.0175
0.4875, 1, 5.55421e-06, 100000, 0.1379, -0.000237327, 99999.9, -0.0125
0.4925, 1, 4.18976e-06, 100000, 0.1379, -0.000237327, 99999.9, -0.0075
0.4975, 1, -4.74899e-05, 100000, 0.1379, -0.000390637, 99999.9, -0.0025
0.5025, 1, -0.000170165, 99999.9, 0.1379, -0.000426865, 99999.9, 0.0025
0.5075, 0.999999, -0.000237328, 99999.9, 0.1379, -0.00042786, 99999.9, 0.0075
0.5125, 0.999999, -0.000237327, 99999.9, 0.1379, -0.000425497, 99999.9, 0.0125
0.5175, 0.999999, -0.000237327, 99999.9, 0.1379, -0.000420839, 99999.9, 0.0175
0.5225, 0.999999, -0.000237327, 99999.9, 0.1379, -0.000411202, 99999.9, 0.0225
0.5275, 0.999999, -0.000237327, 99999.9, 0.1379, -0.000386423, 99999.9, 0.0275
0.5325, 0.999999, -0.000237327, 99999.9, 0.1379, -0.000294353, 100000, 0.0325
0.5375, 0.999999, -0.000237327, 99999.9, 0.1379, -0.000125352, 100000, 0.0375
0.5425, 0.999999, -0.000237327, 99999.9, 0.1379, -2.42213e-05, 100000, 0.0425
0.5475, 0.999999, -0.000237327, 99999.9, 0.1379, 5.23951e-11, 100000, 0.0475
0.5525, 0.999999, -0.000237327, 99999.9, 0.1379, 0, 100000, 0.0525
0.5575, 0.999999, -0.000237327, 99999.9, 0.1379, 0, 100000, 0.0575
0.5625, 0.999999, -0.000237327, 99999.9, 0.1379, 0, 100000, 0.0625
0.5675, 0.999999, -0.000237327, 99999.9, 0.1379, 0, 100000, 0.0675
0.5725, 0.999999, -0.000237327, 99999.9, 0.1379, 0, 100000, 0.0725
0.5775, 0.999999, -0.000237327, 99999.9, 0.1379, 0, 100000, 0.0775
0.5825, 0.999999, -0.000237327, 99999.9, 0.1379, 0, 100000, 0.0825
0.5875, 0.999999, -0.000237327, 99999.9, 0.1379, 0, 100000, 0.0875
0.5925, 0.999999, -0.000237327, 99999.9, 0.1379, 0, 100000, 0.0925
0.5975, 0.999999, -0.000237327, 99999.9, 0.1379, 0, 100000, 0.0975
0.6025, 0.999999, -0.000237327, 99999.9, 0.1379, 0, 100000, 0.1025
0.6075, 0.999999, -0.000237327, 99999.9, 0.1379, 0, 100000, 0.1075
0.6125, 0.999999, -0.000237327, 99999.9, 0.1379, 0, 100000, 0.1125
0.6175, 0.999999, -0.000237327, 99999.9, 0.1379, 0, 100000, 0.1175
0.6225, 0.999999, -0.000237327, 99999.9, 0.1379, 0, 100000, 0.1225
0.6275, 0.999999, -0.000237327, 99999.9, 0.1379, 0, 100000, 0.1275
0.6325, 0.999999, -0.000237327, 99999.9, 0.1379, 0, 100000, 0.1325
0.6375, 0.999999, -0.000237327, 99999.9, 0.1379, 0, 100000, 0.1375
0.6425, 0.999999, -0.000237327, 99999.9, 0.1379, 0, 100000, 0.1425
0.6475, 0.999999, -0.000237327, 99999.9, 0.1379, 0, 100000, 0.1475
0.6525, 0.999999, -0.000237327, 99999.9, 0.1379, 0, 100000, 0.1525
0.6575, 0.999999, -0.000237327, 99999.9, 0.1379, 0, 100000, 0.1575
0.6625, 0.999999, -0.000237327, 99999.9, 0.1379, 0, 100000, 0.1625
0.6675, 0.999999, -0.000237327, 99999.9, 0.1379, 0, 100000, 0.1675
0.6725, 0.999999, -0.000237327, 99999.9, 0.1379, 0, 100000, 0.1725
0.6775, 0.999999, -0.000237327, 99999.9, 0.1379, 0, 100000, 0.1775
0.6825, 0.999999, -0.000237327, 99999.9, 0.1379, 0, 100000, 0.1825
0.6875, 0.999999, -0.000237327, 99999.9, 0.1379, 0, 100000, 0.1875
0.6925, 0.999999, -0.000237327, 99999.9, 0.1379, 0, 100000, 0.1925
0.6975, 0.999999, -0.000237327, 99999.9, 0.1379, 0, 100000, 0.1975
0.7025, 0.999999, -0.000237327, 99999.9, 0.1379, 0, 100000, 0.2025
0.7075, 0.999999, -0.000237327, 99999.9, 0.1379, 0, 100000, 0.2075
0.7125, 0.999999, -0.000237327, 99999.9, 0.1379, 0, 100000, 0.2125
0.7175, 0.999999, -0.000237327, 99999.9, 0.1379, 0, 100000, 0.2175
0.7225, 0.999999, -0.000237327, 99999.9, 0.1379, 0, 100000, 0.2225
0.7275, 0.999999, -0.000237327, 99999.9, 0.1379, 0, 100000, 0.2275
0.7325, 0.999999, -0.000237327, 99999.9, 0.1379, 0, 100000, 0.2325
0.7375, 0.999999, -0.000237327, 99999.9, 0.1379, 0, 100000, 0.2375
0.7425, 0.999999, -0.000237327, 99999.9, 0.1379, 0, 100000, 0.2425
0.7475, 0.999999, -0.000237327, 99999.9, 0.1379, 0, 100000, 0.2475
0.7525, 0.999999, -0.000237327, 99999.9, 0.1379, 0, 100000, 0.2525
0.7575, 0.999999, -0.000237327, 99999.9, 0.1379, 0, 100000, 0.2575
0.7625, 0.999999, -0.000237327, 99999.9, 0.1379, 0, 100000, 0.2625
0.7675, 0.999999, -0.000237327, 99999.9, 0.1379, 0, 100000, 0.2675
0.7725, 0.999999, -0.000237327, 99999.9, 0.1379, 0, 100000, 0.2725
0.7775, 0.999999, -0.000237327, 99999.9, 0.1379, 0, 100000, 0.2775
0.7825, 0.999999, -0.000237327, 99999.9, 0.1379, 0, 100000, 0.2825
0.7875, 0.999999, -0.000237327, 99999.9, 0.1379, 0, 100000, 0.2875
0.7925, 0.999999, -0.000237327, 99999.9, 0.1379, 0, 100000, 0.2925
0.7975, 0.999999, -0.000237327, 99999.9, 0.1379, 0, 100000, 0.2975
0.8025, 0.999999, -0.000237327, 99999.9, 0.1379, 0, 100000, 0.3025
0.8075, 0.999999, -0.000237327, 99999.9, 0.1379, 0, 100000, 0.3075
0.8125, 0.999999, -0.000237327, 99999.9, 0.1379, 0, 100000, 0.3125
0.8175, 0.999999, -0.000237327, 99999.9, 0.1379, 0, 100000, 0.3175
0.8225, 0.999999, -0.000237327, 99999.9, 0.1379, 0, 100000, 0.3225
0.8275, 0.999999, -0.000237327, 99999.9, 0.1379, 0, 100000, 0.3275
0.8325, 0.999999, -0.000237327, 99999.9, 0.1379, 0, 100000, 0.3325
0.8375, 0.999999, -0.000237327, 99999.9, 0.1379, 0, 100000, 0.3375
0.8425, 0.999999, -0.000237327, 99999.9, 0.1379, 0, 100000, 0.3425
0.8475, 0.999999, -0.000237327, 99999.9, 0.1379, 0, 100000, 0.3475
0.8525, 0.999999, -0.000237327, 99999.9, 0.1379, 0, 100000, 0.3525
0.8575, 0.999999, -0.000237327, 99999.9, 0.1379, 0, 100000, 0.3575
0.8625, 0.999999, -0.000237327, 99999.9, 0.1379, 0, 100000, 0.3625
0.8675, 0.999999, -0.000237327, 99999.9, 0.1379, 0, 100000, 0.3675
0.8725, 0.999999, -0.000237327, 99999.9, 0.1379, 0, 100000, 0.3725
0.8775, 0.999999, -0.000237327, 99999.9, 0.1379, 0, 100000, 0.3775
0.8825, 0.999999, -0.000237327, 99999.9, 0.1379, 0, 100000, 0.3825
0.8875, 0.999999, -0.000237327, 99999.9, 0.1379, 0, 100000, 0.3875
0.8925, 0.999999, -0.000237327, 99999.9, 0.1379, 0, 100000, 0.3925
0.8975, 0.999999, -0.000237327, 99999.9, 0.1379, 0, 100000, 0.3975
0.9025, 0.999999, -0.000237327, 99999.9, 0.1379, 0, 100000, 0.4025
0.9075, 0.999999, -0.000237327, 99999.9, 0.1379, 0, 100000, 0.4075
0.9125, 0.999999, -0.000237327, 99999.9, 0.1379, 0, 100000, 0.4125
0.9175, 0.999999, -0.000237327, 99999.9, 0.1379, 0, 100000, 0.4175
0.9225, 0.999999, -0.000237327, 99999.9, 0.1379, 0, 100000, 0.4225
0.9275, 0.999999, -0.000237327, 99999.9, 0.1379, 0, 100000, 0.4275
0.9325, 0.999999, -0.000237327, 99999.9, 0.1379, 0, 100000, 0.4325
0.9375, 0.999999, -0.000237327, 99999.9, 0.1379, 0, 100000, 0.4375
0.9425, 0.999999, -0.000237327, 99999.9, 0.1379, 0, 100000, 0.4425
0.9475, 0.999999, -0.000237327, 99999.9, 0.1379, 0, 100000, 0.4475
0.9525, 0.999999, -0.000237327, 99999.9, 0.1379, 0, 100000, 0.4525
0.9575, 0.999999, -0.000237327, 99999.9, 0.1379, 0, 100000, 0.4575
0.9625, 0.999999, -0.000237327, 99999.9, 0.1379, 0, 100000, 0.4625
0.9675, 0.999999, -0.000237327, 99999.9, 0.1379, 0, 100000, 0.4675
0.9725, 0.999999, -0.000237327, 99999.9, 0.1379, 0, 100000, 0.4725
0.9775, 0.999999, -0.000237327, 99999.9, 0.1379, 0, 100000, 0.4775
0.9825, 0.999999, -0.000237327, 99999.9, 0.1379, 0, 100000, 0.4825
0.9875, 0.999999, -0.000237327, 99999.9, 0.1379, 0, 100000, 0.4875
0.9925, 0.999999, -0.000237327, 99999.9, 0.1379, 0, 100000, 0.4925
0.9975, 0.999999, -0.000237327, 99999.9, 0.1379, 0, 100000, 0.4975
