0.0025, 1.33276, 111.851, 149966, 0.1379, -0.000238511, 99999.9, -0.4975
0.0075, 1.33279, 111.844, 149970, 0.1379, -0.000238511, 99999.9, -0.492907
0.0125, 1.33282, 111.835, 149974, 0.1379, -0.000238511, 99999.9, -0.487906
0.0175, 1.33284, 111.829, 149978, 0.1379, -0.000238511, 99999.9, -0.482906
0.0225, 1.33287, 111.825, 149980, 0.1379, -0.000238511, 99999.9, -0.477906
0.0275, 1.33288, 111.822, 149981, 0.1379, -0.000238511, 99999.9, -0.472906
0.0325, 1.3329, 111.82, 149982, 0.1379, -0.000238511, 99999.9, -0.467906
0.0375, 1.33291, 111.82, 149982, 0.1379, -0.000238511, 99999.9, -0.462906
0.0425, 1.33291, 111.82, 149982, 0.1379, -0.000238511, 99999.9, -0.457906
0.0475, 1.33291, 111.82, 149982, 0.1379, -0.000238511, 99999.9, -0.452906
0.0525, 1.33291, 111.82, 149982, 0.1379, -0.000238511, 99999.9, -0.447906
0.0575, 1.3329, 111.82, 149982, 0.1379, -0.000238511, 99999.9, -0.442906
0.0625, 1.33289, 111.819, 149983, 0.1379, -0.000238511, 99999.9, -0.437906
0.0675, 1.33285, 111.817, 149984, 0.1379, -0.000238511, 99999.9, -0.432906
0.0725, 1.33275, 111.813, 149986, 0.1379, -0.000238511, 99999.9, -0.427906
0.0775, 1.33243, 111.809, 149988, 0.1379, -0.000238511, 99999.9, -0.422906
0.0825, 1.3318, 111.806, 149990, 0.1379, -0.000238511, 99999.9, -0.417906
0.0875, 1.33104, 111.803, 149991, 0.1379, -0.000238511, 99999.9, -0.412906
0.0925, 1.33039, 111.802, 149992, 0.1379, -0.000238511, 99999.9, -0.407906
0.0975, 1.32995, 111.803, 149992, 0.1379, -0.000238511, 99999.9, -0.402906
0.1025, 1.3297, 111.804, 149992, 0.1379, -0.000238511, 99999.9, -0.397906
0.1075, 1.32962, 111.805, 149991, 0.1379, -0.000238511, 99999.9, -0.392906
0.1125, 1.32962, 111.807, 149989, 0.1379, -0.000238511, 99999.9, -0.387906
0.1175, 1.32977, 111.81, 149988, 0.1379, -0.000238511, 99999.9, -0.382906
0.1225, 1.33033, 111.812, 149987, 0.1379, -0.000238511, 99999.9, -0.377906
0.1275, 1.33121, 111.811, 149988, 0.1379, -0.000238511, 99999.9, -0.372906
0.1325, 1.33205, 111.809, 149989, 0.1379, -0.000238511, 99999.9, -0.367906
0.1375, 1.33267, 111.806, 149989, 0.1379, -0.000238511, 99999.9, -0.362906
0.1425, 1.33309, 111.804, 149990, 0.1379, -0.000238511, 99999.9, -0.357906
0.1475, 1.33335, 111.802, 149990, 0.1379, -0.000238511, 99999.9, -0.352906
0.1525, 1.33349, 111.802, 149990, 0.1379, -0.000238511, 99999.9, -0.347906
0.1575, 1.33354, 111.804, 149990, 0.1379, -0.000238511, 99999.9, -0.342906
0.1625, 1.33356, 111.805, 149990, 0.1379, -0.000238511, 99999.9, -0.337906
0.1675, 1.33355, 111.806, 149990, 0.1379, -0.000238511, 99999.9, -0.332906
0.1725, 1.33347, 111.807, 149991, 0.1379, -0.000238511, 99999.9, -0.327906
0.1775, 1.33325, 111.805, 149994, 0.1379, -0.000238511, 99999.9, -0.322906
0.1825, 1.33292, 111.802, 149998, 0.1379, -0.000238511, 99999.9, -0.317906
0.1875, 1.3326, 111.799, 150001, 0.1379, -0.000238511, 99999.9, -0.312906
0.1925, 1.33234, 111.791, 150001, 0.1379, -0.000238511, 99999.9, -0.307906
0.1975, 1.33216, 111.772, 149991, 0.1379, -0.000238511, 99999.9, -0.302906
0.2025, 1.33205, 111.704, 149947, 0.1379, -0.000238511, 99999.9, -0.297906
0.2075, 1.33171, 111.437, 149799, 0.1379, -0.000238511, 99999.9, -0.292904
0.2125, 1.32946, 110.526, 149316, 0.1379, -0.000238511, 99999.9, -0.287899
0.2175, 1.31688, 106.65, 147286, 0.1379, -0.000238511, 99999.9, -0.282877
0.2225, 1.26985, 92.7242, 140132, 0.1379, -0.000238511, 99999.9, -0.277809
0.2275, 1.1832, 65.3244, 127008, 0.1379, -0.000238511, 99999.9, -0.272702
0.2325, 1.10341, 37.9524, 115025, 0.1379, -0.000238511, 99999.9, -0.267612
0.2375, 1.05269, 19.5912, 107543, 0.1379, -0.000238511, 99999.9, -0.262556
0.2425, 1.02502, 9.34677, 103545, 0.1379, -0.000238511, 99999.9, -0.257526
0.2475, 1.01136, 4.25082, 101600, 0.1379, -0.000238511, 99999.9, -0.252512
0.2525, 1.00501, 1.87593, 100704, 0.1379, -0.000238511, 99999.9, -0.247505
0.2575, 1.00216, 0.809985, 100303, 0.1379, -0.000238511, 99999.9, -0.242502
0.2625, 1.00092, 0.343194, 100128, 0.1379, -0.000238511, 99999.9, -0.237501
0.2675, 1.00038, 0.142756, 100053, 0.1379, -0.000238511, 99999.9, -0.2325
0.2725, 1.00016, 0.0582573, 100022, 0.1379, -0.000238511, 99999.9, -0.2275
0.2775, 1.00006, 0.0232996, 100009, 0.1379, -0.000238511, 99999.9, -0.2225
0.2825, 1.00002, 0.0091219, 100003, 0.1379, -0.000238511, 99999.9, -0.2175
0.2875, 1.00001, 0.00349199, 100001, 0.1379, -0.000238511, 99999.9, -0.2125
0.2925, 1, 0.00130578, 100000, 0.1379, -0.000238511, 99999.9, -0.2075
0.2975, 1, 0.000476511, 100000, 0.1379, -0.000238511, 99999.9, -0.2025
0.3025, 1, 0.000169562, 100000, 0.1379, -0.000238511, 99999.9, -0.1975
0.3075, 1, 5.87926e-05, 100000, 0.1379, -0.000238511, 99999.9, -0.1925
0.3125, 1, 1.98554e-05, 100000, 0.1379, -0.000238511, 99999.9, -0.1875
0.3175, 1, 6.56666e-06, 100000, 0.1379, -0.000238511, 99999.9, -0.1825
0.3225, 1, 2.27822e-06, 100000, 0.1379, -0.000238511, 99999.9, -0.1775
0.3275, 1, 1.17477e-06, 100000, 0.1379, -0.000238511, 99999.9, -0.1725
0.3325, 1, 1.20146e-06, 100000, 0.1379, -0.000238511, 99999.9, -0.1675
0.3375, 1, 1.91521e-06, 100000, 0.1379, -0.000238511, 99999.9, -0.1625
0.3425, 1, 3.10523e-06, 100000, 0.1379, -0.000238511, 99999.9, -0.1575
0.3475, 1, 4.25615e-06, 100000, 0.1379, -0.000238511, 99999.9, -0.1525
0.3525, 1, 5.17935e-06, 100000, 0.1379, -0.000238511, 99999.9, -0.1475
0.3575, 1, 5.86531e-06, 100000, 0.1379, -0.000238511, 99999.9, -0.1425
0.3625, 1, 6.34134e-06, 100000, 0.1379, -0.000238511, 99999.9, -0.1375
0.3675, 1, 6.64856e-06, 100000, 0.1379, -0.000238511, 99999.9, -0.1325
0.3725, 1, 6.83036e-06, 100000, 0.1379, -0.000238511, 99999.9, -0.1275
0.3775, 1, 6.92565e-06, 100000, 0.1379, -0.000238511, 99999.9, -0.1225
0.3825, 1, 6.96656e-06, 100000, 0.1379, -0.000238511, 99999.9, -0.1175
0.3875, 1, 6.97741e-06, 100000, 0.1379, -0.000238511, 99999.9, -0.1125
0.3925, 1, 6.97524e-06, 100000, 0.1379, -0.000238511, 99999.9, -0.1075
0.3975, 1, 6.9528e-06, 100000, 0.1379, -0.000238511, 99999.9, -0.1025
0.4025, 1, 6.91137e-06, 100000, 0.1379, -0.000238511, 99999.9, -0.0975
0.4075, 1, 6.8744e-06, 100000, 0.1379, -0.000238511, 99999.9, -0.0925
0.4125, 1, 6.851e-06, 100000, 0.1379, -0.000238511, 99999.9, -0.0875
0.4175, 1, 6.83787e-06, 100000, 0.1379, -0.000238511, 99999.9, -0.0825
0.4225, 1, 6.83163e-06, 100000, 0.1379, -0.000238511, 99999.9, -0.0775
0.4275, 1, 6.82947e-06, 100000, 0.1379, -0.000238511, 99999.9, -0.0725
0.4325, 1, 6.82925e-06, 100000, 0.1379, -0.000238511, 99999.9, -0.0675
0.4375, 1, 6.83064e-06, 100000, 0.1379, -0.000238511, 99999.9, -0.0625
0.4425, 1, 6.83482e-06, 100000, 0.1379, -0.000238511, 99999.9, -0.0575
0.4475, 1, 6.83972e-06, 100000, 0.1379, -0.000238511, 99999.9, -0.0525
0.4525, 1, 6.84314e-06, 100000, 0.1379, -0.000238511, 99999.9, -0.0475
0.4575, 1, 6.84494e-06, 100000, 0.1379, -0.000238511, 99999.9, -0.0425
0.4625, 1, 6.84562e-06, 100000, 0.1379, -0.000238511, 99999.9, -0.0375
0.4675, 1, 6.84569e-06, 100000, 0.1379, -0.000238511, 99999.9, -0.0325
0.4725, 1, 6.84504e-06, 100000, 0.1379, -0.000238511, 99999.9, -0.0275
0.4775, 1, 6.84146e-06, 100000, 0.1379, -0.000238511, 99999.9, -0.0225
0.4825, 1, 6.81573e-06, 100000, 0.1379, -0.000238511, 99999.9, -0.0175
0.4875, 1, 6.5421e-06, 100000, 0.1379, -0.000238511, 99999.9, -0.0125
0.4925, 1, 3.67422e-06, 100000, 0.1379, -0.000238511, 99999.9, -0.00749998
0.4975, 1, -4.90127e-05, 100000, 0.1379, -0.00039183, 99999.9, -0.00249998
0.5025, 1, -0.000171773, 99999.9, 0.1379, -0.000428009, 99999.9, 0.00250002
0.5075, 0.999999, -0.000238511, 99999.9, 0.1379, -0.000430157, 99999.9, 0.00750002
0.5125, 0.999999, -0.000238511, 99999.9, 0.1379, -0.00043016, 99999.9, 0.0125
0.5175, 0.999999, -0.000238511, 99999.9, 0.1379, -0.00043016, 99999.9, 0.0175
0.5225, 0.999999, -0.000238511, 99999.9, 0.1379, -0.00043016, 99999.9, 0.0225
0.5275, 0.999999, -0.000238511, 99999.9, 0.1379, -0.000430161, 99999.9, 0.0275
0.5325, 0.999999, -0.000238511, 99999.9, 0.1379, -0.000430161, 99999.9, 0.0325
0.5375, 0.999999, -0.000238511, 99999.9, 0.1379, -0.000430161, 99999.9, 0.0375
0.5425, 0.999999, -0.000238511, 99999.9, 0.1379, -0.000430162, 99999.9, 0.0425
0.5475, 0.999999, -0.000238511, 99999.9, 0.1379, -0.000430162, 99999.9, 0.0475
0.5525, 0.999999, -0.000238511, 99999.9, 0.1379, -0.000430162, 99999.9, 0.0525
0.5575, 0.999999, -0.000238511, 99999.9, 0.1379, -0.000430162, 99999.9, 0.0575
0.5625, 0.999999, -0.000238511, 99999.9, 0.1379, -0.000430162, 99999.9, 0.0625
0.5675, 0.999999, -0.000238511, 99999.9, 0.1379, -0.000430162, 99999.9, 0.0675
0.5725, 0.999999, -0.000238511, 99999.9, 0.1379, -0.000430162, 99999.9, 0.0725
0.5775, 0.999999, -0.000238511, 99999.9, 0.1379, -0.000430161, 99999.9, 0.0775
0.5825, 0.999999, -0.000238511, 99999.9, 0.1379, -0.000430161, 99999.9, 0.0825
0.5875, 0.999999, -0.000238511, 99999.9, 0.1379, -0.00043016, 99999.9, 0.0875
0.5925, 0.999999, -0.000238511, 99999.9, 0.1379, -0.000430159, 99999.9, 0.0925
0.5975, 0.999999, -0.000238511, 99999.9, 0.1379, -0.000430158, 99999.9, 0.0975
0.6025, 0.999999, -0.000238511, 99999.9, 0.1379, -0.000430157, 99999.9, 0.1025
0.6075, 0.999999, -0.000238511, 99999.9, 0.1379, -0.000430155, 99999.9, 0.1075
0.6125, 0.999999, -0.000238511, 99999.9, 0.1379, -0.000430154, 99999.9, 0.1125
0.6175, 0.999999, -0.000238511, 99999.9, 0.1379, -0.000430152, 99999.9, 0.1175
0.6225, 0.999999, -0.000238511, 99999.9, 0.1379, -0.000430151, 99999.9, 0.1225
0.6275, 0.999999, -0.000238511, 99999.9, 0.1379, -0.00043015, 99999.9, 0.1275
0.6325, 0.999999, -0.000238511, 99999.9, 0.1379, -0.000430149, 99999.9, 0.1325
0.6375, 0.999999, -0.000238511, 99999.9, 0.1379, -0.000430149, 99999.9, 0.1375
0.6425, 0.999999, -0.000238511, 99999.9, 0.1379, -0.000430148, 99999.9, 0.1425
0.6475, 0.999999, -0.000238511, 99999.9, 0.1379, -0.000430148, 99999.9, 0.1475
0.6525, 0.999999, -0.000238511, 99999.9, 0.1379, -0.000430148, 99999.9, 0.1525
0.6575, 0.999999, -0.000238511, 99999.9, 0.1379, -0.000430148, 99999.9, 0.1575
0.6625, 0.999999, -0.000238511, 99999.9, 0.1379, -0.000430148, 99999.9, 0.1625
0.6675, 0.999999, -0.000238511, 99999.9, 0.1379, -0.000430149, 99999.9, 0.1675
0.6725, 0.999999, -0.000238511, 99999.9, 0.1379, -0.00043015, 99999.9, 0.1725
0.6775, 0.999999, -0.000238511, 99999.9, 0.1379, -0.000430151, 99999.9, 0.1775
0.6825, 0.999999, -0.000238511, 99999.9, 0.1379, -0.000430152, 99999.9, 0.1825
0.6875, 0.999999, -0.000238511, 99999.9, 0.1379, -0.000430154, 99999.9, 0.1875
0.6925, 0.999999, -0.000238511, 99999.9, 0.1379, -0.000430157, 99999.9, 0.1925
0.6975, 0.999999, -0.000238511, 99999.9, 0.1379, -0.00043016, 99999.9, 0.1975
0.7025, 0.999999, -0.000238511, 99999.9, 0.1379, -0.000430164, 99999.9, 0.2025
0.7075, 0.999999, -0.000238511, 99999.9, 0.1379, -0.000430169, 99999.9, 0.2075
0.7125, 0.999999, -0.000238511, 99999.9, 0.1379, -0.000430174, 99999.9, 0.2125
0.7175, 0.999999, -0.000238511, 99999.9, 0.1379, -0.000430179, 99999.9, 0.2175
0.7225, 0.999999, -0.000238511, 99999.9, 0.1379, -0.000430182, 99999.9, 0.2225
0.7275, 0.999999, -0.000238511, 99999.9, 0.1379, -0.000430185, 99999.9, 0.2275
0.7325, 0.999999, -0.000238511, 99999.9, 0.1379, -0.000430186, 99999.9, 0.2325
0.7375, 0.999999, -0.000238511, 99999.9, 0.1379, -0.000430187, 99999.9, 0.2375
0.7425, 0.999999, -0.000238511, 99999.9, 0.1379, -0.000430187, 99999.9, 0.2425
0.7475, 0.999999, -0.000238511, 99999.9, 0.1379, -0.000430186, 99999.9, 0.2475
0.7525, 0.999999, -0.000238511, 99999.9, 0.1379, -0.000430182, 99999.9, 0.2525
0.7575, 0.999999, -0.000238511, 99999.9, 0.1379, -0.000430174, 99999.9, 0.2575
0.7625, 0.999999, -0.000238511, 99999.9, 0.1379, -0.000430162, 99999.9, 0.2625
0.7675, 0.999999, -0.000238511, 99999.9, 0.1379, -0.000430148, 99999.9, 0.2675
0.7725, 0.999999, -0.000238511, 99999.9, 0.1379, -0.00043013, 99999.9, 0.2725
0.7775, 0.999999, -0.000238511, 99999.9, 0.1379, -0.000430107, 99999.9, 0.2775
0.7825, 0.999999, -0.000238511, 99999.9, 0.1379, -0.000430083, 99999.9, 0.2825
0.7875, 0.999999, -0.000238511, 99999.9, 0.1379, -0.000430059, 99999.9, 0.2875
0.7925, 0.999999, -0.000238511, 99999.9, 0.1379, -0.000430037, 99999.9, 0.2925
0.7975, 0.999999, -0.000238511, 99999.9, 0.1379, -0.000430016, 99999.9, 0.2975
0.8025, 0.999999, -0.000238511, 99999.9, 0.1379, -0.000429995, 99999.9, 0.3025
0.8075, 0.999999, -0.000238511, 99999.9, 0.1379, -0.000429974, 99999.9, 0.3075
0.8125, 0.999999, -0.000238511, 99999.9, 0.1379, -0.00042995, 99999.9, 0.3125
0.8175, 0.999999, -0.000238511, 99999.9, 0.1379, -0.000429921, 99999.9, 0.3175
0.8225, 0.999999, -0.000238511, 99999.9, 0.1379, -0.000429887, 99999.9, 0.3225
0.8275, 0.999999, -0.000238511, 99999.9, 0.1379, -0.000429855, 99999.9, 0.3275
0.8325, 0.999999, -0.000238511, 99999.9, 0.1379, -0.000429828, 99999.9, 0.3325
0.8375, 0.999999, -0.000238511, 99999.9, 0.1379, -0.00042981, 99999.9, 0.3375
0.8425, 0.999999, -0.000238511, 99999.9, 0.1379, -0.0004298, 99999.9, 0.3425
0.8475, 0.999999, -0.000238511, 99999.9, 0.1379, -0.000429797, 99999.9, 0.3475
0.8525, 0.999999, -0.000238511, 99999.9, 0.1379, -0.000429798, 99999.9, 0.3525
0.8575, 0.999999, -0.000238511, 99999.9, 0.1379, -0.000429816, 99999.9, 0.3575
0.8625, 0.999999, -0.000238511, 99999.9, 0.1379, -0.000429875, 99999.9, 0.3625
0.8675, 0.999999, -0.000238511, 99999.9, 0.1379, -0.000429949, 99999.9, 0.3675
0.8725, 0.999999, -0.000238511, 99999.9, 0.1379, -0.000430006, 99999.9, 0.3725
0.8775, 0.999999, -0.000238511, 99999.9, 0.1379, -0.000430043, 99999.9, 0.3775
0.8825, 0.999999, -0.000238511, 99999.9, 0.1379, -0.000430061, 99999.9, 0.3825
0.8875, 0.999999, -0.000238511, 99999.9, 0.1379, -0.000430066, 99999.9, 0.3875
0.8925, 0.999999, -0.000238511, 99999.9, 0.1379, -0.000430063, 99999.9, 0.3925
0.8975, 0.999999, -0.000238511, 99999.9, 0.1379, -0.00043003, 99999.9, 0.3975
0.9025, 0.999999, -0.000238511, 99999.9, 0.1379, -0.000429898, 99999.9, 0.4025
0.9075, 0.999999, -0.000238511, 99999.9, 0.1379, -0.000429459, 99999.9, 0.4075
0.9125, 0.999999, -0.000238511, 99999.9, 0.1379, -0.000428097, 99999.9, 0.4125
0.9175, 0.999999, -0.000238511, 99999.9, 0.1379, -0.000424005, 99999.9, 0.4175
0.9225, 0.999999, -0.000238511, 99999.9, 0.1379, -0.000411117, 99999.9, 0.4225
0.9275, 0.999999, -0.000238511, 99999.9, 0.1379, -0.000369351, 99999.9, 0.4275
0.9325, 0.999999, -0.000238511, 99999.9, 0.1379, -0.000288969, 100000, 0.4325
0.9375, 0.999999, -0.000238511, 99999.9, 0.1379, -0.00020382, 100000, 0.4375
0.9425, 0.999999, -0.000238511, 99999.9, 0.1379, -0.000133388, 100000, 0.4425
0.9475, 0.999999, -0.000238511, 99999.9, 0.1379, -8.09732e-05, 100000, 0.4475
0.9525, 0.999999, -0.000238511, 99999.9, 0.1379, -4.55413e-05, 100000, 0.4525
0.9575, 0.999999, -0.000238511, 99999.9, 0.1379, -2.36979e-05, 100000, 0.4575
0.9625, 0.999999, -0.000238511, 99999.9, 0.1379, -1.13899e-05, 100000, 0.4625
0.9675, 0.999999, -0.000238511, 99999.9, 0.1379, -5.04602e-06, 100000, 0.4675
0.9725, 0.999999, -0.000238511, 99999.9, 0.1379, -2.05549e-06, 100000, 0.4725
0.9775, 0.999999, -0.000238511, 99999.9, 0.1379, -7.67566e-07, 100000, 0.4775
0.9825, 0.999999, -0.000238511, 99999.9, 0.1379, -2.61814e-07, 100000, 0.4825
0.9875, 0.999999, -0.000238511, 99999.9, 0.1379, -8.12223e-08, 100000, 0.4875
0.9925, 0.999999, -0.000238511, 99999.9, 0.1379, -2.27872e-08, 100000, 0.4925
0.9975, 0.999999, -0.000238511, 99999.9, 0.1379, -5.66197e-09, 100000, 0.4975
