0.0025, 1.333, 111.787, 150000, 0.1379, -0.000238485, 99999.9, -0.4975
0.0075, 1.333, 111.787, 150000, 0.1379, -0.000238485, 99999.9, -0.492906
0.0125, 1.333, 111.787, 150000, 0.1379, -0.000238485, 99999.9, -0.487906
0.0175, 1.33299, 111.789, 149999, 0.1379, -0.000238485, 99999.9, -0.482906
0.0225, 1.33296, 111.798, 149994, 0.1379, -0.000238485, 99999.9, -0.477906
0.0275, 1.33287, 111.826, 149979, 0.1379, -0.000238485, 99999.9, -0.472906
0.0325, 1.3326, 111.91, 149936, 0.1379, -0.000238485, 99999.9, -0.467907
0.0375, 1.33217, 112.041, 149875, 0.1379, -0.000238485, 99999.9, -0.462907
0.0425, 1.33153, 112.162, 149810, 0.1379, -0.000238485, 99999.9, -0.457908
0.0475, 1.33028, 112.224, 149726, 0.1379, -0.000238485, 99999.9, -0.452908
0.0525, 1.32799, 111.949, 149615, 0.1379, -0.000238485, 99999.9, -0.447906
0.0575, 1.32252, 110.6, 149118, 0.1379, -0.000238485, 99999.9, -0.442898
0.0625, 1.29575, 102.681, 145137, 0.1379, -0.000238485, 99999.9, -0.437853
0.0675, 1.21158, 76.3454, 132043, 0.1379, -0.000238485, 99999.9, -0.432732
0.0725, 1.10079, 37.8701, 114936, 0.1379, -0.000238485, 99999.9, -0.4276
0.0775, 1.03533, 13.4179, 105107, 0.1379, -0.000238485, 99999.9, -0.422531
0.0825, 1.00935, 3.53548, 101328, 0.1379, -0.000238485, 99999.9, -0.417507
0.0875, 1.00188, 0.708569, 100265, 0.1379, -0.000238485, 99999.9, -0.412501
0.0925, 1.00028, 0.105724, 100040, 0.1379, -0.000238485, 99999.9, -0.4075
0.0975, 1.00003, 0.0110999, 100004, 0.1379, -0.000238485, 99999.9, -0.4025
0.1025, 1, 0.000729823, 100000, 0.1379, -0.000238485, 99999.9, -0.3975
0.1075, 1, 2.25186e-05, 100000, 0.1379, -0.000238485, 99999.9, -0.3925
0.1125, 1, -1.01806e-08, 100000, 0.1379, -0.000238485, 99999.9, -0.3875
0.1175, 1, 4.2315e-14, 100000, 0.1379, -0.000238485, 99999.9, -0.3825
0.1225, 1, 0, 100000, 0.1379, -0.000238485, 99999.9, -0.3775
0.1275, 1, 0, 100000, 0.1379, -0.000238485, 99999.9, -0.3725
0.1325, 1, 0, 100000, 0.1379, -0.000238485, 99999.9, -0.3675
0.1375, 1, 0, 100000, 0.1379, -0.000238485, 99999.9, -0.3625
0.1425, 1, 0, 100000, 0.1379, -0.000238485, 99999.9, -0.3575
0.1475, 1, 0, 100000, 0.1379, -0.000238485, 99999.9, -0.3525
0.1525, 1, 0, 100000, 0.1379, -0.000238485, 99999.9, -0.3475
0.1575, 1, 0, 100000, 0.1379, -0.000238485, 99999.9, -0.3425
0.1625, 1, 0, 100000, 0.1379, -0.000238485, 99999.9, -0.3375
0.1675, 1, 0, 100000, 0.1379, -0.000238485, 99999.9, -0.3325
0.1725, 1, 0, 100000, 0.1379, -0.000238485, 99999.9, -0.3275
0.1775, 1, 0, 100000, 0.1379, -0.000238485, 99999.9, -0.3225
0.1825, 1, 0, 100000, 0.1379, -0.000238485, 99999.9, -0.3175
0.1875, 1, 0, 100000, 0.1379, -0.000238485, 99999.9, -0.3125
0.1925, 1, 0, 100000, 0.1379, -0.000238485, 99999.9, -0.3075
0.1975, 1, 0, 100000, 0.1379, -0.000238485, 99999.9, -0.3025
0.2025, 1, 0, 100000, 0.1379, -0.000238485, 99999.9, -0.2975
0.2075, 1, 0, 100000, 0.1379, -0.000238485, 99999.9, -0.2925
0.2125, 1, 0, 100000, 0.1379, -0.000238485, 99999.9, -0.2875
0.2175, 1, 0, 100000, 0.1379, -0.000238485, 99999.9, -0.2825
0.2225, 1, 0, 100000, 0.1379, -0.000238485, 99999.9, -0.2775
0.2275, 1, 0, 100000, 0.1379, -0.000238485, 99999.9, -0.2725
0.2325, 1, 0, 100000, 0.1379, -0.000238485, 99999.9, -0.2675
0.2375, 1, 0, 100000, 0.1379, -0.000238485, 99999.9, -0.2625
0.2425, 1, 0, 100000, 0.1379, -0.000238485, 99999.9, -0.2575
0.2475, 1, 0, 100000, 0.1379, -0.000238485, 99999.9, -0.2525
0.2525, 1, 0, 100000, 0.1379, -0.000238485, 99999.9, -0.2475
0.2575, 1, 0, 100000, 0.1379, -0.000238485, 99999.9, -0.2425
0.2625, 1, 0, 100000, 0.1379, -0.000238485, 99999.9, -0.2375
0.2675, 1, 0, 100000, 0.1379, -0.000238485, 99999.9, -0.2325
0.2725, 1, 0, 100000, 0.1379, -0.000238485, 99999.9, -0.2275
0.2775, 1, 0, 100000, 0.1379, -0.000238485, 99999.9, -0.2225
0.2825, 1, 0, 100000, 0.1379, -0.000238485, 99999.9, -0.2175
0.2875, 1, 0, 100000, 0.1379, -0.000238485, 99999.9, -0.2125
0.2925, 1, 0, 100000, 0.1379, -0.000238485, 99999.9, -0.2075
0.2975, 1, 0, 100000, 0.1379, -0.000238485, 99999.9, -0.2025
0.3025, 1, 0, 100000, 0.1379, -0.000238485, 99999.9, -0.1975
0.3075, 1, 0, 100000, 0.1379, -0.000238485, 99999.9, -0.1925
0.3125, 1, 0, 100000, 0.1379, -0.000238485, 99999.9, -0.1875
0.3175, 1, 0, 100000, 0.1379, -0.000238485, 99999.9, -0.1825
0.3225, 1, 0, 100000, 0.1379, -0.000238485, 99999.9, -0.1775
0.3275, 1, 0, 100000, 0.1379, -0.000238485, 99999.9, -0.1725
0.3325, 1, 0, 100000, 0.1379, -0.000238485, 99999.9, -0.1675
0.3375, 1, 0, 100000, 0.1379, -0.000238485, 99999.9, -0.1625
0.3425, 1, 0, 100000, 0.1379, -0.000238485, 99999.9, -0.1575
0.3475, 1, 0, 100000, 0.1379, -0.000238485, 99999.9, -0.1525
0.3525, 1, 0, 100000, 0.1379, -0.000238485, 99999.9, -0.1475
0.3575, 1, 0, 100000, 0.1379, -0.000238485, 99999.9, -0.1425
0.3625, 1, 0, 100000, 0.1379, -0.000238485, 99999.9, -0.1375
0.3675, 1, 0, 100000, 0.1379, -0.000238485, 99999.9, -0.1325
0.3725, 1, 0, 100000, 0.1379, -0.000238485, 99999.9, -0.1275
0.3775, 1, 0, 100000, 0.1379, -0.000238485, 99999.9, -0.1225
0.3825, 1, 0, 100000, 0.1379, -0.000238485, 99999.9, -0.1175
0.3875, 1, 0, 100000, 0.1379, -0.000238485, 99999.9, -0.1125
0.3925, 1, 0, 100000, 0.1379, -0.000238485, 99999.9, -0.1075
0.3975, 1, 0, 100000, 0.1379, -0.000238485, 99999.9, -0.1025
0.4025, 1, 0, 100000, 0.1379, -0.000238485, 99999.9, -0.0975
0.4075, 1, 0, 100000, 0.1379, -0.000238485, 99999.9, -0.0925
0.4125, 1, 0, 100000, 0.1379, -0.000238485, 99999.9, -0.0875
0.4175, 1, 0, 100000, 0.1379, -0.000238485, 99999.9, -0.0825
0.4225, 1, 0, 100000, 0.1379, -0.000238485, 99999.9, -0.0775
0.4275, 1, 0, 100000, 0.1379, -0.000238485, 99999.9, -0.0725
0.4325, 1, 0, 100000, 0.1379, -0.000238485, 99999.9, -0.0675
0.4375, 1, 0, 100000, 0.1379, -0.000238485, 99999.9, -0.0625
0.4425, 1, 2.46485e-12, 100000, 0.1379, -0.000238485, 99999.9, -0.0575
0.4475, 1, 6.80001e-11, 100000, 0.1379, -0.000238485, 99999.9, -0.0525
0.4525, 1, 9.07148e-10, 100000, 0.1379, -0.000238485, 99999.9, -0.0475
0.4575, 1, 7.81115e-09, 100000, 0.1379, -0.000238485, 99999.9, -0.0425
0.4625, 1, 4.87225e-08, 100000, 0.1379, -0.000238485, 99999.9, -0.0375
0.4675, 1, 2.35406e-07, 100000, 0.1379, -0.000238485, 99999.9, -0.0325
0.4725, 1, 9.3878e-07, 100000, 0.1379, -0.000238485, 99999.9, -0.0275
0.4775, 1, 2.8017e-06, 100000, 0.1379, -0.000238485, 99999.9, -0.0225
0.4825, 1, 5.22453e-06, 100000, 0.1379, -0.000238485, 99999.9, -0.0175
0.4875, 1, 6.68893e-06, 100000, 0.1379, -0.000238485, 99999.9, -0.0125
0.4925, 1, 4.4701e-06, 100000, 0.1379, -0.000238485, 99999.9, -0.0075
0.4975, 1, -4.85025e-05, 100000, 0.1379, -0.000391809, 99999.9, -0.0025
0.5025, 1, -0.000171657, 99999.9, 0.1379, -0.000427918, 99999.9, 0.0025
0.5075, 0.999999, -0.000238485, 99999.9, 0.1379, -0.000429733, 99999.9, 0.0075
0.5125, 0.999999, -0.000238485, 99999.9, 0.1379, -0.000429203, 99999.9, 0.0125
0.5175, 0.999999, -0.000238485, 99999.9, 0.1379, -0.000428306, 99999.9, 0.0175
0.5225, 0.999999, -0.000238485, 99999.9, 0.1379, -0.000426653, 99999.9, 0.0225
0.5275, 0.999999, -0.000238485, 99999.9, 0.1379, -0.000423303, 99999.9, 0.0275
0.5325, 0.999999, -0.000238485, 99999.9, 0.1379, -0.000415772, 99999.9, 0.0325
0.5375, 0.999999, -0.000238485, 99999.9, 0.1379, -0.000397649, 99999.9, 0.0375
0.5425, 0.999999, -0.000238485, 99999.9, 0.1379, -0.000336918, 99999.9, 0.0425
0.5475, 0.999999, -0.000238485, 99999.9, 0.1379, -0.000187604, 100000, 0.0475
0.5525, 0.999999, -0.000238485, 99999.9, 0.1379, -6.14231e-05, 100000, 0.0525
0.5575, 0.999999, -0.000238485, 99999.9, 0.1379, -9.3838e-06, 100000, 0.0575
0.5625, 0.999999, -0.000238485, 99999.9, 0.1379, 2.77702e-11, 100000, 0.0625
0.5675, 0.999999, -0.000238485, 99999.9, 0.1379, 0, 100000, 0.0675
0.5725, 0.999999, -0.000238485, 99999.9, 0.1379, 0, 100000, 0.0725
0.5775, 0.999999, -0.000238485, 99999.9, 0.1379, 0, 100000, 0.0775
0.5825, 0.999999, -0.000238485, 99999.9, 0.1379, 0, 100000, 0.0825
0.5875, 0.999999, -0.000238485, 99999.9, 0.1379, 0, 100000, 0.0875
0.5925, 0.999999, -0.000238485, 99999.9, 0.1379, 0, 100000, 0.0925
0.5975, 0.999999, -0.000238485, 99999.9, 0.1379, 0, 100000, 0.0975
0.6025, 0.999999, -0.000238485, 99999.9, 0.1379, 0, 100000, 0.1025
0.6075, 0.999999, -0.000238485, 99999.9, 0.1379, 0, 100000, 0.1075
0.6125, 0.999999, -0.000238485, 99999.9, 0.1379, 0, 100000, 0.1125
0.6175, 0.999999, -0.000238485, 99999.9, 0.1379, 0, 100000, 0.1175
0.6225, 0.999999, -0.000238485, 99999.9, 0.1379, 0, 100000, 0.1225
0.6275, 0.999999, -0.000238485, 99999.9, 0.1379, 0, 100000, 0.1275
0.6325, 0.999999, -0.000238485, 99999.9, 0.1379, 0, 100000, 0.1325
0.6375, 0.999999, -0.000238485, 99999.9, 0.1379, 0, 100000, 0.1375
0.6425, 0.999999, -0.000238485, 99999.9, 0.1379, 0, 100000, 0.1425
0.6475, 0.999999, -0.000238485, 99999.9, 0.1379, 0, 100000, 0.1475
0.6525, 0.999999, -0.000238485, 99999.9, 0.1379, 0, 100000, 0.1525
0.6575, 0.999999, -0.000238485, 99999.9, 0.1379, 0, 100000, 0.1575
0.6625, 0.999999, -0.000238485, 99999.9, 0.1379, 0, 100000, 0.1625
0.6675, 0.999999, -0.000238485, 99999.9, 0.1379, 0, 100000, 0.1675
0.6725, 0.999999, -0.000238485, 99999.9, 0.1379, 0, 100000, 0.1725
0.6775, 0.999999, -0.000238485, 99999.9, 0.1379, 0, 100000, 0.1775
0.6825, 0.999999, -0.000238485, 99999.9, 0.1379, 0, 100000, 0.1825
0.6875, 0.999999, -0.000238485, 99999.9, 0.1379, 0, 100000, 0.1875
0.6925, 0.999999, -0.000238485, 99999.9, 0.1379, 0, 100000, 0.1925
0.6975, 0.999999, -0.000238485, 99999.9, 0.1379, 0, 100000, 0.1975
0.7025, 0.999999, -0.000238485, 99999.9, 0.1379, 0, 100000, 0.2025
0.7075, 0.999999, -0.000238485, 99999.9, 0.1379, 0, 100000, 0.2075
0.7125, 0.999999, -0.000238485, 99999.9, 0.1379, 0, 100000, 0.2125
0.7175, 0.999999, -0.000238485, 99999.9, 0.1379, 0, 100000, 0.2175
0.7225, 0.999999, -0.000238485, 99999.9, 0.1379, 0, 100000, 0.2225
0.7275, 0.999999, -0.000238485, 99999.9, 0.1379, 0, 100000, 0.2275
0.7325, 0.999999, -0.000238485, 99999.9, 0.1379, 0, 100000, 0.2325
0.7375, 0.999999, -0.000238485, 99999.9, 0.1379, 0, 100000, 0.2375
0.7425, 0.999999, -0.000238485, 99999.9, 0.1379, 0, 100000, 0.2425
0.7475, 0.999999, -0.000238485, 99999.9, 0.1379, 0, 100000, 0.2475
0.7525, 0.999999, -0.000238485, 99999.9, 0.1379, 0, 100000, 0.2525
0.7575, 0.999999, -0.000238485, 99999.9, 0.1379, 0, 100000, 0.2575
0.7625, 0.999999, -0.000238485, 99999.9, 0.1379, 0, 100000, 0.2625
0.7675, 0.999999, -0.000238485, 99999.9, 0.1379, 0, 100000, 0.2675
0.7725, 0.999999, -0.000238485, 99999.9, 0.1379, 0, 100000, 0.2725
0.7775, 0.999999, -0.000238485, 99999.9, 0.1379, 0, 100000, 0.2775
0.7825, 0.999999, -0.000238485, 99999.9, 0.1379, 0, 100000, 0.2825
0.7875, 0.999999, -0.000238485, 99999.9, 0.1379, 0, 100000, 0.2875
0.7925, 0.999999, -0.000238485, 99999.9, 0.1379, 0, 100000, 0.2925
0.7975, 0.999999, -0.000238485, 99999.9, 0.1379, 0, 100000, 0.2975
0.8025, 0.999999, -0.000238485, 99999.9, 0.1379, 0, 100000, 0.3025
0.8075, 0.999999, -0.000238485, 99999.9, 0.1379, 0, 100000, 0.3075
0.8125, 0.999999, -0.000238485, 99999.9, 0.1379, 0, 100000, 0.3125
0.8175, 0.999999, -0.000238485, 99999.9, 0.1379, 0, 100000, 0.3175
0.8225, 0.999999, -0.000238485, 99999.9, 0.1379, 0, 100000, 0.3225
0.8275, 0.999999, -0.000238485, 99999.9, 0.1379, 0, 100000, 0.3275
0.8325, 0.999999, -0.000238485, 99999.9, 0.1379, 0, 100000, 0.3325
0.8375, 0.999999, -0.000238485, 99999.9, 0.1379, 0, 100000, 0.3375
0.8425, 0.999999, -0.000238485, 99999.9, 0.1379, 0, 100000, 0.3425
0.8475, 0.999999, -0.000238485, 99999.9, 0.1379, 0, 100000, 0.3475
0.8525, 0.999999, -0.000238485, 99999.9, 0.1379, 0, 100000, 0.3525
0.8575, 0.999999, -0.000238485, 99999.9, 0.1379, 0, 100000, 0.3575
0.8625, 0.999999, -0.000238485, 99999.9, 0.1379, 0, 100000, 0.3625
0.8675, 0.999999, -0.000238485, 99999.9, 0.1379, 0, 100000, 0.3675
0.8725, 0.999999, -0.000238485, 99999.9, 0.1379, 0, 100000, 0.3725
0.8775, 0.999999, -0.000238485, 99999.9, 0.1379, 0, 100000, 0.3775
0.8825, 0.999999, -0.000238485, 99999.9, 0.1379, 0, 100000, 0.3825
0.8875, 0.999999, -0.000238485, 99999.9, 0.1379, 0, 100000, 0.3875
0.8925, 0.999999, -0.000238485, 99999.9, 0.1379, 0, 100000, 0.3925
0.8975, 0.999999, -0.000238485, 99999.9, 0.1379, 0, 100000, 0.3975
0.9025, 0.999999, -0.000238485, 99999.9, 0.1379, 0, 100000, 0.4025
0.9075, 0.999999, -0.000238485, 99999.9, 0.1379, 0, 100000, 0.4075
0.9125, 0.999999, -0.000238485, 99999.9, 0.1379, 0, 100000, 0.4125
0.9175, 0.999999, -0.000238485, 99999.9, 0.1379, 0, 100000, 0.4175
0.9225, 0.999999, -0.000238485, 99999.9, 0.1379, 0, 100000, 0.4225
0.9275, 0.999999, -0.000238485, 99999.9, 0.1379, 0, 100000, 0.4275
0.9325, 0.999999, -0.000238485, 99999.9, 0.1379, 0, 100000, 0.4325
0.9375, 0.999999, -0.000238485, 99999.9, 0.1379, 0, 100000, 0.4375
0.9425, 0.999999, -0.000238485, 99999.9, 0.1379, 0, 100000, 0.4425
0.9475, 0.999999, -0.000238485, 99999.9, 0.1379, 0, 100000, 0.4475
0.9525, 0.999999, -0.000238485, 99999.9, 0.1379, 0, 100000, 0.4525
0.9575, 0.999999, -0.000238485, 99999.9, 0.1379, 0, 100000, 0.4575
0.9625, 0.999999, -0.000238485, 99999.9, 0.1379, 0, 100000, 0.4625
0.9675, 0.999999, -0.000238485, 99999.9, 0.1379, 0, 100000, 0.4675
0.9725, 0.999999, -0.000238485, 99999.9, 0.1379, 0, 100000, 0.4725
0.9775, 0.999999, -0.000238485, 99999.9, 0.1379, 0, 100000, 0.4775
0.9825, 0.999999, -0.000238485, 99999.9, 0.1379, 0, 100000, 0.4825
0.9875, 0.999999, -0.000238485, 99999.9, 0.1379, 0, 100000, 0.4875
0.9925, 0.999999, -0.000238485, 99999.9, 0.1379, 0, 100000, 0.4925
0.9975, 0.999999, -0.000238485, 99999.9, 0.1379, 0, 100000, 0.4975
