0.0025, 1.33293, 111.799, 149993, 0.158824, 159.178, 126603, -0.525308
0.0075, 1.33293, 111.8, 149993, 0.158824, 159.178, 126603, -0.520648
0.0125, 1.33293, 111.8, 149993, 0.158824, 159.178, 126603, -0.515648
0.0175, 1.33293, 111.8, 149993, 0.158824, 159.178, 126603, -0.510648
0.0225, 1.33293, 111.8, 149993, 0.158824, 159.178, 126603, -0.505648
0.0275, 1.33293, 111.799, 149993, 0.158824, 159.178, 126603, -0.500648
0.0325, 1.33294, 111.798, 149994, 0.158824, 159.178, 126603, -0.495648
0.0375, 1.33294, 111.797, 149994, 0.158824, 159.178, 126603, -0.490648
0.0425, 1.33294, 111.795, 149995, 0.158824, 159.178, 126603, -0.485648
0.0475, 1.33295, 111.794, 149996, 0.158824, 159.178, 126603, -0.480648
0.0525, 1.33295, 111.794, 149996, 0.158824, 159.178, 126603, -0.475648
0.0575, 1.33295, 111.793, 149996, 0.158824, 159.178, 126603, -0.470648
0.0625, 1.33295, 111.793, 149996, 0.158824, 159.178, 126603, -0.465648
0.0675, 1.33295, 111.793, 149996, 0.158824, 159.178, 126603, -0.460648
0.0725, 1.33295, 111.794, 149996, 0.158824, 159.178, 126603, -0.455648
0.0775, 1.33295, 111.795, 149995, 0.158824, 159.178, 126603, -0.450648
0.0825, 1.33294, 111.797, 149994, 0.158824, 159.178, 126603, -0.445648
0.0875, 1.33294, 111.798, 149994, 0.158824, 159.178, 126603, -0.440648
0.0925, 1.33294, 111.799, 149993, 0.158824, 159.178, 126603, -0.435648
0.0975, 1.33295, 111.8, 149993, 0.158824, 159.178, 126603, -0.430648
0.1025, 1.33295, 111.8, 149993, 0.158824, 159.178, 126603, -0.425648
0.1075, 1.33295, 111.801, 149993, 0.158824, 159.178, 126603, -0.420648
0.1125, 1.33296, 111.8, 149993, 0.158824, 159.178, 126603, -0.415648
0.1175, 1.33296, 111.8, 149993, 0.158824, 159.178, 126603, -0.410648
0.1225, 1.33296, 111.8, 149993, 0.158824, 159.178, 126603, -0.405648
0.1275, 1.33296, 111.799, 149993, 0.158824, 159.178, 126603, -0.400648
0.1325, 1.33296, 111.798, 149994, 0.158824, 159.178, 126603, -0.395648
0.1375, 1.33295, 111.796, 149995, 0.158824, 159.178, 126603, -0.390648
0.1425, 1.33291, 111.795, 149996, 0.158824, 159.178, 126603, -0.385648
0.1475, 1.3328, 111.793, 149997, 0.158824, 159.178, 126603, -0.380648
0.1525, 1.33254, 111.791, 149997, 0.158824, 159.178, 126603, -0.375648
0.1575, 1.33217, 111.791, 149998, 0.158824, 159.178, 126603, -0.370648
0.1625, 1.33179, 111.79, 149998, 0.158824, 159.178, 126603, -0.365648
0.1675, 1.33146, 111.791, 149997, 0.158824, 159.178, 126603, -0.360648
0.1725, 1.3312, 111.791, 149997, 0.158824, 159.178, 126603, -0.355648
0.1775, 1.33101, 111.792, 149996, 0.158824, 159.178, 126603, -0.350648
0.1825, 1.33089, 111.794, 149996, 0.158824, 159.178, 126603, -0.345648
0.1875, 1.33083, 111.795, 149995, 0.158824, 159.178, 126603, -0.340648
0.1925, 1.33081, 111.796, 149995, 0.158824, 159.178, 126603, -0.335648
0.1975, 1.33081, 111.797, 149994, 0.158824, 159.178, 126603, -0.330648
0.2025, 1.33084, 111.798, 149994, 0.158824, 159.178, 126603, -0.325648
0.2075, 1.331, 111.798, 149994, 0.158824, 159.178, 126603, -0.320648
0.2125, 1.33134, 111.798, 149994, 0.158824, 159.178, 126603, -0.315648
0.2175, 1.33176, 111.798, 149994, 0.158824, 159.178, 126603, -0.310648
0.2225, 1.33213, 111.798, 149994, 0.158824, 159.178, 126603, -0.305648
0.2275, 1.33242, 111.798, 149994, 0.158824, 159.178, 126603, -0.300648
0.2325, 1.33263, 111.798, 149994, 0.158824, 159.178, 126603, -0.295648
0.2375, 1.33279, 111.798, 149994, 0.158824, 159.178, 126603, -0.290648
0.2425, 1.33289, 111.797, 149994, 0.158824, 159.178, 126603, -0.285648
0.2475, 1.33295, 111.796, 149995, 0.158824, 159.178, 126603, -0.280648
0.2525, 1.33298, 111.795, 149995, 0.158824, 159.178, 126603, -0.275648
0.2575, 1.333, 111.794, 149995, 0.158824, 159.178, 126603, -0.270648
0.2625, 1.33301, 111.793, 149996, 0.158824, 159.178, 126603, -0.265648
0.2675, 1.33301, 111.792, 149996, 0.158824, 159.178, 126603, -0.260648
0.2725, 1.33301, 111.792, 149997, 0.158824, 159.178, 126603, -0.255648
0.2775, 1.33301, 111.792, 149997, 0.158824, 159.178, 126603, -0.250648
0.2825, 1.33301, 111.792, 149997, 0.158824, 159.178, 126603, -0.245648
0.2875, 1.33303, 111.793, 149996, 0.158824, 159.178, 126603, -0.240648
0.2925, 1.33308, 111.794, 149996, 0.158824, 159.178, 126603, -0.235648
0.2975, 1.33316, 111.795, 149995, 0.158824, 159.178, 126603, -0.230648
0.3025, 1.33324, 111.796, 149995, 0.158824, 159.178, 126603, -0.225648
0.3075, 1.3333, 111.797, 149995, 0.158824, 159.178, 126603, -0.220648
0.3125, 1.33334, 111.797, 149995, 0.158824, 159.178, 126603, -0.215648
0.3175, 1.33336, 111.797, 149995, 0.158824, 159.178, 126603, -0.210648
0.3225, 1.33336, 111.797, 149995, 0.158824, 159.178, 126603, -0.205648
0.3275, 1.33336, 111.797, 149995, 0.158824, 159.178, 126603, -0.200648
0.3325, 1.33334, 111.797, 149995, 0.158824, 159.178, 126603, -0.195648
0.3375, 1.33328, 111.797, 149995, 0.158824, 159.178, 126603, -0.190648
0.3425, 1.33321, 111.797, 149995, 0.158824, 159.178, 126603, -0.185648
0.3475, 1.33316, 111.796, 149995, 0.158824, 159.178, 126603, -0.180648
0.3525, 1.33314, 111.796, 149995, 0.158824, 159.178, 126603, -0.175648
0.3575, 1.33313, 111.795, 149995, 0.158824, 159.178, 126603, -0.170648
0.3625, 1.33313, 111.794, 149996, 0.158824, 159.178, 126603, -0.165648
0.3675, 1.33314, 111.792, 149997, 0.158824, 159.178, 126603, -0.160648
0.3725, 1.3332, 111.79, 149998, 0.158824, 159.178, 126603, -0.155648
0.3775, 1.33329, 111.789, 149999, 0.158824, 159.178, 126603, -0.150648
0.3825, 1.33337, 111.788, 149999, 0.158824, 159.178, 126603, -0.145648
0.3875, 1.33343, 111.788, 149999, 0.158824, 159.178, 126603, -0.140648
0.3925, 1.33345, 111.789, 149998, 0.158824, 159.178, 126603, -0.135648
0.3975, 1.33345, 111.792, 149997, 0.158824, 159.178, 126603, -0.130648
0.4025, 1.33344, 111.8, 149993, 0.158824, 159.178, 126603, -0.125648
0.4075, 1.33337, 111.82, 149983, 0.158824, 159.178, 126603, -0.120648
0.4125, 1.33318, 111.87, 149956, 0.158824, 159.178, 126603, -0.115649
0.4175, 1.33273, 111.991, 149892, 0.158824, 159.178, 126603, -0.110649
0.4225, 1.33165, 112.288, 149735, 0.158824, 159.178, 126603, -0.10565
0.4275, 1.32916, 113, 149359, 0.158824, 159.178, 126603, -0.100652
0.4325, 1.32296, 114.822, 148402, 0.158824, 159.178, 126603, -0.0956563
0.4375, 1.31073, 118.472, 146499, 0.158824, 159.178, 126603, -0.0906664
0.4425, 1.29274, 123.92, 143696, 0.158824, 159.178, 126603, -0.0856822
0.4475, 1.2715, 130.458, 140395, 0.158824, 159.178, 126603, -0.0807019
0.4525, 1.25065, 136.961, 137176, 0.158824, 159.178, 126603, -0.075722
0.4575, 1.23242, 142.724, 134376, 0.158824, 159.178, 126603, -0.0707401
0.4625, 1.21741, 147.549, 132069, 0.158824, 159.178, 126603, -0.0657553
0.4675, 1.20572, 151.368, 130266, 0.158824, 159.178, 126603, -0.0607675
0.4725, 1.19707, 154.217, 128931, 0.158824, 159.178, 126603, -0.0557766
0.4775, 1.19097, 156.222, 127996, 0.158824, 159.178, 126603, -0.050783
0.4825, 1.18683, 157.556, 127381, 0.158824, 159.178, 126603, -0.0457874
0.4875, 1.18411, 158.397, 127006, 0.158824, 159.178, 126603, -0.0407901
0.4925, 1.18236, 158.892, 126794, 0.158824, 159.178, 126603, -0.0357917
0.4975, 1.18122, 159.153, 126679, 0.158824, 159.178, 126603, -0.0307926
0.5025, 1.18047, 159.269, 126613, 0.158824, 159.178, 126603, -0.0257929
0.5075, 1.18006, 159.291, 126582, 0.158824, 159.178, 126603, -0.020793
0.5125, 1.17987, 159.256, 126571, 0.158824, 159.178, 126603, -0.0157929
0.5175, 1.17981, 159.219, 126572, 0.158824, 159.178, 126603, -0.0107928
0.5225, 1.17986, 159.189, 126586, 0.158824, 159.178, 126603, -0.00579276
0.5275, 1.17994, 159.179, 126600, 0.158824, 159.177, 126603, -0.000792715
0.5325, 1.17996, 159.178, 126603, 0.158824, 159.18, 126603, 0.00420722
0.5375, 1.17996, 159.178, 126603, 0.158828, 159.209, 126609, 0.00920712
0.5425, 1.17996, 159.178, 126603, 0.158832, 159.244, 126615, 0.014207
0.5475, 1.17996, 159.178, 126603, 0.158836, 159.284, 126622, 0.0192069
0.5525, 1.17996, 159.178, 126603, 0.15884, 159.322, 126629, 0.0242068
0.5575, 1.17996, 159.178, 126603, 0.158844, 159.356, 126636, 0.0292067
0.5625, 1.17996, 159.178, 126603, 0.158847, 159.388, 126642, 0.0342066
0.5675, 1.17996, 159.178, 126603, 0.158852, 159.427, 126649, 0.0392064
0.5725, 1.17996, 159.178, 126603, 0.158859, 159.48, 126658, 0.0442062
0.5775, 1.17996, 159.178, 126603, 0.158867, 159.537, 126669, 0.0492061
0.5825, 1.17996, 159.178, 126603, 0.158874, 159.584, 126677, 0.054206
0.5875, 1.17996, 159.178, 126603, 0.158878, 159.619, 126684, 0.0592059
0.5925, 1.17996, 159.178, 126603, 0.158882, 159.643, 126688, 0.0642058
0.5975, 1.17996, 159.178, 126603, 0.158883, 159.655, 126690, 0.0692058
0.6025, 1.17996, 159.178, 126603, 0.158883, 159.658, 126691, 0.0742058
0.6075, 1.17996, 159.178, 126603, 0.158883, 159.656, 126691, 0.0792059
0.6125, 1.17996, 159.178, 126603, 0.158879, 159.634, 126687, 0.0842061
0.6175, 1.17996, 159.178, 126603, 0.15887, 159.565, 126674, 0.0892063
0.6225, 1.17996, 159.178, 126603, 0.158856, 159.469, 126656, 0.0942067
0.6275, 1.17996, 159.178, 126603, 0.158842, 159.366, 126637, 0.099207
0.6325, 1.17996, 159.178, 126603, 0.158826, 159.249, 126616, 0.104207
0.6375, 1.17996, 159.178, 126603, 0.158804, 159.087, 126586, 0.109208
0.6425, 1.17996, 159.178, 126603, 0.158768, 158.827, 126539, 0.114209
0.6475, 1.17996, 159.178, 126603, 0.158711, 158.419, 126464, 0.119211
0.6525, 1.17996, 159.178, 126603, 0.158632, 157.855, 126361, 0.124213
0.6575, 1.17996, 159.178, 126603, 0.15854, 157.189, 126239, 0.129215
0.6625, 1.17996, 159.178, 126603, 0.158446, 156.507, 126114, 0.134217
0.6675, 1.17996, 159.178, 126603, 0.158353, 155.834, 125991, 0.139219
0.6725, 1.17996, 159.178, 126603, 0.158247, 155.061, 125850, 0.144222
0.6775, 1.17996, 159.178, 126603, 0.158087, 153.903, 125639, 0.149228
0.6825, 1.17996, 159.178, 126603, 0.157829, 152.026, 125298, 0.154235
0.6875, 1.17996, 159.178, 126603, 0.157463, 149.359, 124814, 0.159245
0.6925, 1.17996, 159.178, 126603, 0.157043, 146.284, 124258, 0.164254
0.6975, 1.17996, 159.178, 126603, 0.156611, 143.115, 123687, 0.169266
0.7025, 1.17996, 159.178, 126603, 0.156023, 138.799, 122912, 0.174288
0.7075, 1.17996, 159.178, 126603, 0.154801, 129.855, 121320, 0.17934
0.7125, 1.17996, 159.178, 126603, 0.151967, 108.92, 117657, 0.184427
0.7175, 1.17996, 159.178, 126603, 0.148006, 78.9996, 112577, 0.189512
0.7225, 1.17996, 159.178, 126603, 0.144602, 52.7654, 108268, 0.194574
0.7275, 1.17996, 159.178, 126603, 0.142254, 34.4363, 105336, 0.199614
0.7325, 1.17996, 159.178, 126603, 0.140758, 22.676, 103489, 0.20464
0.7375, 1.17996, 159.178, 126603, 0.139816, 15.23, 102333, 0.209656
0.7425, 1.17996, 159.178, 126603, 0.13921, 10.4272, 101592, 0.214667
0.7475, 1.17996, 159.178, 126603, 0.13881, 7.24868, 101105, 0.219675
0.7525, 1.17996, 159.178, 126603, 0.138539, 5.09634, 100776, 0.22468
0.7575, 1.17996, 159.178, 126603, 0.138353, 3.6125, 100549, 0.229683
0.7625, 1.17996, 159.178, 126603, 0.138223, 2.57575, 100391, 0.234686
0.7675, 1.17996, 159.178, 126603, 0.138131, 1.84424, 100280, 0.239688
0.7725, 1.17996, 159.178, 126603, 0.138066, 1.32442, 100201, 0.244689
0.7775, 1.17996, 159.178, 126603, 0.138019, 0.953097, 100145, 0.24969
0.7825, 1.17996, 159.178, 126603, 0.137986, 0.686858, 100104, 0.25469
0.7875, 1.17996, 159.178, 126603, 0.137962, 0.495445, 100075, 0.259691
0.7925, 1.17996, 159.178, 126603, 0.137945, 0.357561, 100054, 0.264691
0.7975, 1.17996, 159.178, 126603, 0.137932, 0.258102, 100039, 0.269691
0.8025, 1.17996, 159.178, 126603, 0.137923, 0.186294, 100028, 0.274692
0.8075, 1.17996, 159.178, 126603, 0.137917, 0.134421, 100020, 0.279692
0.8125, 1.17996, 159.178, 126603, 0.137912, 0.0969358, 100015, 0.284692
0.8175, 1.17996, 159.178, 126603, 0.137909, 0.069846, 100011, 0.289692
0.8225, 1.17996, 159.178, 126603, 0.137906, 0.0502704, 100008, 0.294692
0.8275, 1.17996, 159.178, 126603, 0.137905, 0.0361284, 100005, 0.299692
0.8325, 1.17996, 159.178, 126603, 0.137903, 0.0259162, 100004, 0.304692
0.8375, 1.17996, 159.178, 126603, 0.137902, 0.0185461, 100003, 0.309692
0.8425, 1.17996, 159.178, 126603, 0.137902, 0.0132311, 100002, 0.314692
0.8475, 1.17996, 159.178, 126603, 0.137901, 0.00940156, 100001, 0.319692
0.8525, 1.17996, 159.178, 126603, 0.137901, 0.00664506, 100001, 0.324692
0.8575, 1.17996, 159.178, 126603, 0.137901, 0.00466282, 100001, 0.329692
0.8625, 1.17996, 159.178, 126603, 0.1379, 0.00323846, 100000, 0.334692
0.8675, 1.17996, 159.178, 126603, 0.1379, 0.00221533, 100000, 0.339692
0.8725, 1.17996, 159.178, 126603, 0.1379, 0.0014802, 100000, 0.344692
0.8775, 1.17996, 159.178, 126603, 0.1379, 0.000951408, 100000, 0.349692
0.8825, 1.17996, 159.178, 126603, 0.1379, 0.000570234, 100000, 0.354692
0.8875, 1.17996, 159.178, 126603, 0.1379, 0.000294664, 100000, 0.359692
0.8925, 1.17996, 159.178, 126603, 0.1379, 9.47538e-05, 100000, 0.364692
0.8975, 1.17996, 159.178, 126603, 0.1379, -5.07485e-05, 100000, 0.369692
0.9025, 1.17996, 159.178, 126603, 0.1379, -0.000156903, 100000, 0.374692
0.9075, 1.17996, 159.178, 126603, 0.1379, -0.000234401, 100000, 0.379692
0.9125, 1.17996, 159.178, 126603, 0.1379, -0.000290885, 100000, 0.384692
0.9175, 1.17996, 159.178, 126603, 0.1379, -0.000331881, 99999.9, 0.389692
0.9225, 1.17996, 159.178, 126603, 0.1379, -0.000361442, 99999.9, 0.394692
0.9275, 1.17996, 159.178, 126603, 0.1379, -0.000382584, 99999.9, 0.399692
0.9325, 1.17996, 159.178, 126603, 0.1379, -0.000397564, 99999.9, 0.404692
0.9375, 1.17996, 159.178, 126603, 0.1379, -0.000408077, 99999.9, 0.409692
0.9425, 1.17996, 159.178, 126603, 0.1379, -0.000415385, 99999.9, 0.414692
0.9475, 1.17996, 159.178, 126603, 0.1379, -0.000420418, 99999.9, 0.419692
0.9525, 1.17996, 159.178, 126603, 0.1379, -0.000423851, 99999.9, 0.424692
0.9575, 1.17996, 159.178, 126603, 0.1379, -0.000426165, 99999.9, 0.429692
0.9625, 1.17996, 159.178, 126603, 0.1379, -0.000427704, 99999.9, 0.434692
0.9675, 1.17996, 159.178, 126603, 0.1379, -0.000428709, 99999.9, 0.439692
0.9725, 1.17996, 159.178, 126603, 0.1379, -0.00042935, 99999.9, 0.444692
0.9775, 1.17996, 159.178, 126603, 0.1379, -0.000429748, 99999.9, 0.449692
0.9825, 1.17996, 159.178, 126603, 0.1379, -0.000429986, 99999.9, 0.454692
0.9875, 1.17996, 159.178, 126603, 0.1379, -0.000430121, 99999.9, 0.459692
0.9925, 1.17996, 159.178, 126603, 0.1379, -0.000430192, 99999.9, 0.464692
0.9975, 1.17996, 159.178, 126603, 0.1379, -0.000430226, 99999.9, 0.469692
