0.0025, 1.33297, 111.797, 149995, 0.1379, -0.000238209, 99999.9, -0.4975
0.0075, 1.33291, 111.813, 149986, 0.1379, -0.000238209, 99999.9, -0.492906
0.0125, 1.33272, 111.869, 149956, 0.1379, -0.000238209, 99999.9, -0.487907
0.0175, 1.33237, 111.972, 149902, 0.1379, -0.000238209, 99999.9, -0.482907
0.0225, 1.33204, 112.076, 149847, 0.1379, -0.000238209, 99999.9, -0.477907
0.0275, 1.33186, 112.141, 149813, 0.1379, -0.000238209, 99999.9, -0.472908
0.0325, 1.33179, 112.164, 149800, 0.1379, -0.000238209, 99999.9, -0.467908
0.0375, 1.33178, 112.161, 149802, 0.1379, -0.000238209, 99999.9, -0.462908
0.0425, 1.33188, 112.113, 149827, 0.1379, -0.000238209, 99999.9, -0.457908
0.0475, 1.33196, 112.012, 149882, 0.1379, -0.000238209, 99999.9, -0.452907
0.0525, 1.33185, 111.917, 149939, 0.1379, -0.000238209, 99999.9, -0.447907
0.0575, 1.33138, 111.864, 149973, 0.1379, -0.000238209, 99999.9, -0.442907
0.0625, 1.33036, 111.844, 149987, 0.1379, -0.000238209, 99999.9, -0.437907
0.0675, 1.32882, 111.827, 149981, 0.1379, -0.000238209, 99999.9, -0.432906
0.0725, 1.32713, 111.75, 149919, 0.1379, -0.000238209, 99999.9, -0.427906
0.0775, 1.32528, 111.377, 149681, 0.1379, -0.000238209, 99999.9, -0.422904
0.0825, 1.32191, 109.868, 148892, 0.1379, -0.000238209, 99999.9, -0.417895
0.0875, 1.29997, 102.298, 144982, 0.1379, -0.000238209, 99999.9, -0.412853
0.0925, 1.22615, 79.3382, 133516, 0.1379, -0.000238209, 99999.9, -0.40775
0.0975, 1.12586, 46.0858, 118448, 0.1379, -0.000238209, 99999.9, -0.402634
0.1025, 1.05784, 21.6266, 108342, 0.1379, -0.000238209, 99999.9, -0.397559
0.1075, 1.02288, 8.59494, 103253, 0.1379, -0.000238209, 99999.9, -0.392522
0.1125, 1.00801, 3.0042, 101128, 0.1379, -0.000238209, 99999.9, -0.387507
0.1175, 1.00251, 0.940652, 100352, 0.1379, -0.000238209, 99999.9, -0.382502
0.1225, 1.00071, 0.265264, 100099, 0.1379, -0.000238209, 99999.9, -0.377501
0.1275, 1.00018, 0.0672263, 100025, 0.1379, -0.000238209, 99999.9, -0.3725
0.1325, 1.00004, 0.015229, 100006, 0.1379, -0.000238209, 99999.9, -0.3675
0.1375, 1.00001, 0.00306209, 100001, 0.1379, -0.000238209, 99999.9, -0.3625
0.1425, 1, 0.000541936, 100000, 0.1379, -0.000238209, 99999.9, -0.3575
0.1475, 1, 8.35891e-05, 100000, 0.1379, -0.000238209, 99999.9, -0.3525
0.1525, 1, 1.11007e-05, 100000, 0.1379, -0.000238209, 99999.9, -0.3475
0.1575, 1, 1.24993e-06, 100000, 0.1379, -0.000238209, 99999.9, -0.3425
0.1625, 1, 1.16941e-07, 100000, 0.1379, -0.000238209, 99999.9, -0.3375
0.1675, 1, 8.83965e-09, 100000, 0.1379, -0.000238209, 99999.9, -0.3325
0.1725, 1, 5.17618e-10, 100000, 0.1379, -0.000238209, 99999.9, -0.3275
0.1775, 1, 2.17605e-11, 100000, 0.1379, -0.000238209, 99999.9, -0.3225
0.1825, 1, 5.0778e-13, 100000, 0.1379, -0.000238209, 99999.9, -0.3175
0.1875, 1, 0, 100000, 0.1379, -0.000238209, 99999.9, -0.3125
0.1925, 1, 0, 100000, 0.1379, -0.000238209, 99999.9, -0.3075
0.1975, 1, 0, 100000, 0.1379, -0.000238209, 99999.9, -0.3025
0.2025, 1, 0, 100000, 0.1379, -0.000238209, 99999.9, -0.2975
0.2075, 1, 0, 100000, 0.1379, -0.000238209, 99999.9, -0.2925
0.2125, 1, 0, 100000, 0.1379, -0.000238209, 99999.9, -0.2875
0.2175, 1, 0, 100000, 0.1379, -0.000238209, 99999.9, -0.2825
0.2225, 1, 0, 100000, 0.1379, -0.000238209, 99999.9, -0.2775
0.2275, 1, 0, 100000, 0.1379, -0.000238209, 99999.9, -0.2725
0.2325, 1, 0, 100000, 0.1379, -0.000238209, 99999.9, -0.2675
0.2375, 1, 0, 100000, 0.1379, -0.000238209, 99999.9, -0.2625
0.2425, 1, 0, 100000, 0.1379, -0.000238209, 99999.9, -0.2575
0.2475, 1, 0, 100000, 0.1379, -0.000238209, 99999.9, -0.2525
0.2525, 1, 0, 100000, 0.1379, -0.000238209, 99999.9, -0.2475
0.2575, 1, 0, 100000, 0.1379, -0.000238209, 99999.9, -0.2425
0.2625, 1, 0, 100000, 0.1379, -0.000238209, 99999.9, -0.2375
0.2675, 1, 0, 100000, 0.1379, -0.000238209, 99999.9, -0.2325
0.2725, 1, 0, 100000, 0.1379, -0.000238209, 99999.9, -0.2275
0.2775, 1, 0, 100000, 0.1379, -0.000238209, 99999.9, -0.2225
0.2825, 1, 0, 100000, 0.1379, -0.000238209, 99999.9, -0.2175
0.2875, 1, 0, 100000, 0.1379, -0.000238209, 99999.9, -0.2125
0.2925, 1, 0, 100000, 0.1379, -0.000238209, 99999.9, -0.2075
0.2975, 1, 0, 100000, 0.1379, -0.000238209, 99999.9, -0.2025
0.3025, 1, 0, 100000, 0.1379, -0.000238209, 99999.9, -0.1975
0.3075, 1, 0, 100000, 0.1379, -0.000238209, 99999.9, -0.1925
0.3125, 1, 0, 100000, 0.1379, -0.000238209, 99999.9, -0.1875
0.3175, 1, 0, 100000, 0.1379, -0.000238209, 99999.9, -0.1825
0.3225, 1, 0, 100000, 0.1379, -0.000238209, 99999.9, -0.1775
0.3275, 1, 0, 100000, 0.1379, -0.000238209, 99999.9, -0.1725
0.3325, 1, 0, 100000, 0.1379, -0.000238209, 99999.9, -0.1675
0.3375, 1, 0, 100000, 0.1379, -0.000238209, 99999.9, -0.1625
0.3425, 1, 0, 100000, 0.1379, -0.000238209, 99999.9, -0.1575
0.3475, 1, 0, 100000, 0.1379, -0.000238209, 99999.9, -0.1525
0.3525, 1, 0, 100000, 0.1379, -0.000238209, 99999.9, -0.1475
0.3575, 1, 0, 100000, 0.1379, -0.000238209, 99999.9, -0.1425
0.3625, 1, 0, 100000, 0.1379, -0.000238209, 99999.9, -0.1375
0.3675, 1, 0, 100000, 0.1379, -0.000238209, 99999.9, -0.1325
0.3725, 1, 0, 100000, 0.1379, -0.000238209, 99999.9, -0.1275
0.3775, 1, 0, 100000, 0.1379, -0.000238209, 99999.9, -0.1225
0.3825, 1, 0, 100000, 0.1379, -0.000238209, 99999.9, -0.1175
0.3875, 1, 0, 100000, 0.1379, -0.000238209, 99999.9, -0.1125
0.3925, 1, 3.17362e-14, 100000, 0.1379, -0.000238209, 99999.9, -0.1075
0.3975, 1, 3.06783e-13, 100000, 0.1379, -0.000238209, 99999.9, -0.1025
0.4025, 1, 2.25327e-12, 100000, 0.1379, -0.000238209, 99999.9, -0.0975
0.4075, 1, 1.36572e-11, 100000, 0.1379, -0.000238209, 99999.9, -0.0925
0.4125, 1, 7.32049e-11, 100000, 0.1379, -0.000238209, 99999.9, -0.0875
0.4175, 1, 3.5151e-10, 100000, 0.1379, -0.000238209, 99999.9, -0.0825
0.4225, 1, 1.52724e-09, 100000, 0.1379, -0.000238209, 99999.9, -0.0775
0.4275, 1, 6.0491e-09, 100000, 0.1379, -0.000238209, 99999.9, -0.0725
0.4325, 1, 2.20099e-08, 100000, 0.1379, -0.000238209, 99999.9, -0.0675
0.4375, 1, 7.39854e-08, 100000, 0.1379, -0.000238209, 99999.9, -0.0625
0.4425, 1, 2.32308e-07, 100000, 0.1379, -0.000238209, 99999.9, -0.0575
0.4475, 1, 6.86266e-07, 100000, 0.1379, -0.000238209, 99999.9, -0.0525
0.4525, 1, 1.87626e-06, 100000, 0.1379, -0.000238209, 99999.9, -0.0475
0.4575, 1, 3.64456e-06, 100000, 0.1379, -0.000238209, 99999.9, -0.0425
0.4625, 1, 5.22766e-06, 100000, 0.1379, -0.000238209, 99999.9, -0.0375
0.4675, 1, 6.25418e-06, 100000, 0.1379, -0.000238209, 99999.9, -0.0325
0.4725, 1, 6.83878e-06, 100000, 0.1379, -0.000238209, 99999.9, -0.0275
0.4775, 1, 7.17164e-06, 100000, 0.1379, -0.000238209, 99999.9, -0.0225
0.4825, 1, 7.30868e-06, 100000, 0.1379, -0.000238209, 99999.9, -0.0175
0.4875, 1, 7.05542e-06, 100000, 0.1379, -0.000238209, 99999.9, -0.0125
0.4925, 1, 4.10583e-06, 100000, 0.1379, -0.000238209, 99999.9, -0.0075
0.4975, 1, -4.87232e-05, 100000, 0.1379, -0.000391528, 99999.9, -0.0025
0.5025, 1, -0.000171484, 99999.9, 0.1379, -0.000427702, 99999.9, 0.00250001
0.5075, 0.999999, -0.000238209, 99999.9, 0.1379, -0.000429815, 99999.9, 0.00750001
0.5125, 0.999999, -0.000238209, 99999.9, 0.1379, -0.000429787, 99999.9, 0.0125
0.5175, 0.999999, -0.000238209, 99999.9, 0.1379, -0.00042977, 99999.9, 0.0175
0.5225, 0.999999, -0.000238209, 99999.9, 0.1379, -0.000429769, 99999.9, 0.0225
0.5275, 0.999999, -0.000238209, 99999.9, 0.1379, -0.000429788, 99999.9, 0.0275
0.5325, 0.999999, -0.000238209, 99999.9, 0.1379, -0.00042983, 99999.9, 0.0325
0.5375, 0.999999, -0.000238209, 99999.9, 0.1379, -0.000429889, 99999.9, 0.0375
0.5425, 0.999999, -0.000238209, 99999.9, 0.1379, -0.000429967, 99999.9, 0.0425
0.5475, 0.999999, -0.000238209, 99999.9, 0.1379, -0.000430046, 99999.9, 0.0475
0.5525, 0.999999, -0.000238209, 99999.9, 0.1379, -0.000430102, 99999.9, 0.0525
0.5575, 0.999999, -0.000238209, 99999.9, 0.1379, -0.000430124, 99999.9, 0.0575
0.5625, 0.999999, -0.000238209, 99999.9, 0.1379, -0.00043012, 99999.9, 0.0625
0.5675, 0.999999, -0.000238209, 99999.9, 0.1379, -0.00043004, 99999.9, 0.0675
0.5725, 0.999999, -0.000238209, 99999.9, 0.1379, -0.000429751, 99999.9, 0.0725
0.5775, 0.999999, -0.000238209, 99999.9, 0.1379, -0.000429244, 99999.9, 0.0775
0.5825, 0.999999, -0.000238209, 99999.9, 0.1379, -0.000428318, 99999.9, 0.0825
0.5875, 0.999999, -0.000238209, 99999.9, 0.1379, -0.000426416, 99999.9, 0.0875
0.5925, 0.999999, -0.000238209, 99999.9, 0.1379, -0.000422154, 99999.9, 0.0925
0.5975, 0.999999, -0.000238209, 99999.9, 0.1379, -0.000411374, 99999.9, 0.0975
0.6025, 0.999999, -0.000238209, 99999.9, 0.1379, -0.000377382, 99999.9, 0.1025
0.6075, 0.999999, -0.000238209, 99999.9, 0.1379, -0.00027993, 100000, 0.1075
0.6125, 0.999999, -0.000238209, 99999.9, 0.1379, -0.000156929, 100000, 0.1125
0.6175, 0.999999, -0.000238209, 99999.9, 0.1379, -6.90247e-05, 100000, 0.1175
0.6225, 0.999999, -0.000238209, 99999.9, 0.1379, -2.30274e-05, 100000, 0.1225
0.6275, 0.999999, -0.000238209, 99999.9, 0.1379, -5.47549e-06, 100000, 0.1275
0.6325, 0.999999, -0.000238209, 99999.9, 0.1379, -8.27177e-07, 100000, 0.1325
0.6375, 0.999999, -0.000238209, 99999.9, 0.1379, -5.97035e-08, 100000, 0.1375
0.6425, 0.999999, -0.000238209, 99999.9, 0.1379, 7.67131e-13, 100000, 0.1425
0.6475, 0.999999, -0.000238209, 99999.9, 0.1379, 0, 100000, 0.1475
0.6525, 0.999999, -0.000238209, 99999.9, 0.1379, 0, 100000, 0.1525
0.6575, 0.999999, -0.000238209, 99999.9, 0.1379, 0, 100000, 0.1575
0.6625, 0.999999, -0.000238209, 99999.9, 0.1379, 0, 100000, 0.1625
0.6675, 0.999999, -0.000238209, 99999.9, 0.1379, 0, 100000, 0.1675
0.6725, 0.999999, -0.000238209, 99999.9, 0.1379, 0, 100000, 0.1725
0.6775, 0.999999, -0.000238209, 99999.9, 0.1379, 0, 100000, 0.1775
0.6825, 0.999999, -0.000238209, 99999.9, 0.1379, 0, 100000, 0.1825
0.6875, 0.999999, -0.000238209, 99999.9, 0.1379, 0, 100000, 0.1875
0.6925, 0.999999, -0.000238209, 99999.9, 0.1379, 0, 100000, 0.1925
0.6975, 0.999999, -0.000238209, 99999.9, 0.1379, 0, 100000, 0.1975
0.7025, 0.999999, -0.000238209, 99999.9, 0.1379, 0, 100000, 0.2025
0.7075, 0.999999, -0.000238209, 99999.9, 0.1379, 0, 100000, 0.2075
0.7125, 0.999999, -0.000238209, 99999.9, 0.1379, 0, 100000, 0.2125
0.7175, 0.999999, -0.000238209, 99999.9, 0.1379, 0, 100000, 0.2175
0.7225, 0.999999, -0.000238209, 99999.9, 0.1379, 0, 100000, 0.2225
0.7275, 0.999999, -0.000238209, 99999.9, 0.1379, 0, 100000, 0.2275
0.7325, 0.999999, -0.000238209, 99999.9, 0.1379, 0, 100000, 0.2325
0.7375, 0.999999, -0.000238209, 99999.9, 0.1379, 0, 100000, 0.2375
0.7425, 0.999999, -0.000238209, 99999.9, 0.1379, 0, 100000, 0.2425
0.7475, 0.999999, -0.000238209, 99999.9, 0.1379, 0, 100000, 0.2475
0.7525, 0.999999, -0.000238209, 99999.9, 0.1379, 0, 100000, 0.2525
0.7575, 0.999999, -0.000238209, 99999.9, 0.1379, 0, 100000, 0.2575
0.7625, 0.999999, -0.000238209, 99999.9, 0.1379, 0, 100000, 0.2625
0.7675, 0.999999, -0.000238209, 99999.9, 0.1379, 0, 100000, 0.2675
0.7725, 0.999999, -0.000238209, 99999.9, 0.1379, 0, 100000, 0.2725
0.7775, 0.999999, -0.000238209, 99999.9, 0.1379, 0, 100000, 0.2775
0.7825, 0.999999, -0.000238209, 99999.9, 0.1379, 0, 100000, 0.2825
0.7875, 0.999999, -0.000238209, 99999.9, 0.1379, 0, 100000, 0.2875
0.7925, 0.999999, -0.000238209, 99999.9, 0.1379, 0, 100000, 0.2925
0.7975, 0.999999, -0.000238209, 99999.9, 0.1379, 0, 100000, 0.2975
0.8025, 0.999999, -0.000238209, 99999.9, 0.1379, 0, 100000, 0.3025
0.8075, 0.999999, -0.000238209, 99999.9, 0.1379, 0, 100000, 0.3075
0.8125, 0.999999, -0.000238209, 99999.9, 0.1379, 0, 100000, 0.3125
0.8175, 0.999999, -0.000238209, 99999.9, 0.1379, 0, 100000, 0.3175
0.8225, 0.999999, -0.000238209, 99999.9, 0.1379, 0, 100000, 0.3225
0.8275, 0.999999, -0.000238209, 99999.9, 0.1379, 0, 100000, 0.3275
0.8325, 0.999999, -0.000238209, 99999.9, 0.1379, 0, 100000, 0.3325
0.8375, 0.999999, -0.000238209, 99999.9, 0.1379, 0, 100000, 0.3375
0.8425, 0.999999, -0.000238209, 99999.9, 0.1379, 0, 100000, 0.3425
0.8475, 0.999999, -0.000238209, 99999.9, 0.1379, 0, 100000, 0.3475
0.8525, 0.999999, -0.000238209, 99999.9, 0.1379, 0, 100000, 0.3525
0.8575, 0.999999, -0.000238209, 99999.9, 0.1379, 0, 100000, 0.3575
0.8625, 0.999999, -0.000238209, 99999.9, 0.1379, 0, 100000, 0.3625
0.8675, 0.999999, -0.000238209, 99999.9, 0.1379, 0, 100000, 0.3675
0.8725, 0.999999, -0.000238209, 99999.9, 0.1379, 0, 100000, 0.3725
0.8775, 0.999999, -0.000238209, 99999.9, 0.1379, 0, 100000, 0.3775
0.8825, 0.999999, -0.000238209, 99999.9, 0.1379, 0, 100000, 0.3825
0.8875, 0.999999, -0.000238209, 99999.9, 0.1379, 0, 100000, 0.3875
0.8925, 0.999999, -0.000238209, 99999.9, 0.1379, 0, 100000, 0.3925
0.8975, 0.999999, -0.000238209, 99999.9, 0.1379, 0, 100000, 0.3975
0.9025, 0.999999, -0.000238209, 99999.9, 0.1379, 0, 100000, 0.4025
0.9075, 0.999999, -0.000238209, 99999.9, 0.1379, 0, 100000, 0.4075
0.9125, 0.999999, -0.000238209, 99999.9, 0.1379, 0, 100000, 0.4125
0.9175, 0.999999, -0.000238209, 99999.9, 0.1379, 0, 100000, 0.4175
0.9225, 0.999999, -0.000238209, 99999.9, 0.1379, 0, 100000, 0.4225
0.9275, 0.999999, -0.000238209, 99999.9, 0.1379, 0, 100000, 0.4275
0.9325, 0.999999, -0.000238209, 99999.9, 0.1379, 0, 100000, 0.4325
0.9375, 0.999999, -0.000238209, 99999.9, 0.1379, 0, 100000, 0.4375
0.9425, 0.999999, -0.000238209, 99999.9, 0.1379, 0, 100000, 0.4425
0.9475, 0.999999, -0.000238209, 99999.9, 0.1379, 0, 100000, 0.4475
0.9525, 0.999999, -0.000238209, 99999.9, 0.1379, 0, 100000, 0.4525
0.9575, 0.999999, -0.000238209, 99999.9, 0.1379, 0, 100000, 0.4575
0.9625, 0.999999, -0.000238209, 99999.9, 0.1379, 0, 100000, 0.4625
0.9675, 0.999999, -0.000238209, 99999.9, 0.1379, 0, 100000, 0.4675
0.9725, 0.999999, -0.000238209, 99999.9, 0.1379, 0, 100000, 0.4725
0.9775, 0.999999, -0.000238209, 99999.9, 0.1379, 0, 100000, 0.4775
0.9825, 0.999999, -0.000238209, 99999.9, 0.1379, 0, 100000, 0.4825
0.9875, 0.999999, -0.000238209, 99999.9, 0.1379, 0, 100000, 0.4875
0.9925, 0.999999, -0.000238209, 99999.9, 0.1379, 0, 100000, 0.4925
0.9975, 0.999999, -0.000238209, 99999.9, 0.1379, 0, 100000, 0.4975
