0.0025, 1.33222, 112.015, 149879, 0.1379, -0.000238499, 99999.9, -0.4975
0.0075, 1.3324, 111.962, 149907, 0.1379, -0.000238499, 99999.9, -0.492907
0.0125, 1.33258, 111.909, 149935, 0.1379, -0.000238499, 99999.9, -0.487907
0.0175, 1.33268, 111.881, 149950, 0.1379, -0.000238499, 99999.9, -0.482907
0.0225, 1.33275, 111.866, 149958, 0.1379, -0.000238499, 99999.9, -0.477907
0.0275, 1.33278, 111.86, 149961, 0.1379, -0.000238499, 99999.9, -0.472907
0.0325, 1.33279, 111.857, 149963, 0.1379, -0.000238499, 99999.9, -0.467907
0.0375, 1.3328, 111.855, 149964, 0.1379, -0.000238499, 99999.9, -0.462907
0.0425, 1.3328, 111.853, 149965, 0.1379, -0.000238499, 99999.9, -0.457907
0.0475, 1.33281, 111.847, 149968, 0.1379, -0.000238499, 99999.9, -0.452907
0.0525, 1.3328, 111.838, 149974, 0.1379, -0.000238499, 99999.9, -0.447907
0.0575, 1.33276, 111.829, 149979, 0.1379, -0.000238499, 99999.9, -0.442906
0.0625, 1.3326, 111.822, 149983, 0.1379, -0.000238499, 99999.9, -0.437906
0.0675, 1.33211, 111.819, 149983, 0.1379, -0.000238499, 99999.9, -0.432906
0.0725, 1.33119, 111.818, 149982, 0.1379, -0.000238499, 99999.9, -0.427906
0.0775, 1.33022, 111.819, 149981, 0.1379, -0.000238499, 99999.9, -0.422906
0.0825, 1.32952, 111.819, 149981, 0.1379, -0.000238499, 99999.9, -0.417906
0.0875, 1.32913, 111.821, 149981, 0.1379, -0.000238499, 99999.9, -0.412906
0.0925, 1.329, 111.821, 149982, 0.1379, -0.000238499, 99999.9, -0.407906
0.0975, 1.32902, 111.822, 149982, 0.1379, -0.000238499, 99999.9, -0.402906
0.1025, 1.32937, 111.821, 149983, 0.1379, -0.000238499, 99999.9, -0.397906
0.1075, 1.33029, 111.819, 149985, 0.1379, -0.000238499, 99999.9, -0.392906
0.1125, 1.33142, 111.818, 149988, 0.1379, -0.000238499, 99999.9, -0.387906
0.1175, 1.33235, 111.817, 149992, 0.1379, -0.000238499, 99999.9, -0.382906
0.1225, 1.33298, 111.814, 149994, 0.1379, -0.000238499, 99999.9, -0.377906
0.1275, 1.33339, 111.804, 149993, 0.1379, -0.000238499, 99999.9, -0.372906
0.1325, 1.33358, 111.791, 149984, 0.1379, -0.000238499, 99999.9, -0.367906
0.1375, 1.33362, 111.746, 149962, 0.1379, -0.000238499, 99999.9, -0.362906
0.1425, 1.33318, 111.583, 149879, 0.1379, -0.000238499, 99999.9, -0.357905
0.1475, 1.33092, 111.018, 149571, 0.1379, -0.000238499, 99999.9, -0.352902
0.1525, 1.32312, 108.851, 148440, 0.1379, -0.000238499, 99999.9, -0.347889
0.1575, 1.29121, 99.4954, 143566, 0.1379, -0.000238499, 99999.9, -0.34284
0.1625, 1.21405, 75.5801, 131764, 0.1379, -0.000238499, 99999.9, -0.337739
0.1675, 1.12566, 45.8632, 118376, 0.1379, -0.000238499, 99999.9, -0.332637
0.1725, 1.06454, 23.9655, 109286, 0.1379, -0.000238499, 99999.9, -0.327569
0.1775, 1.03023, 11.2962, 104295, 0.1379, -0.000238499, 99999.9, -0.322532
0.1825, 1.01328, 4.97021, 101873, 0.1379, -0.000238499, 99999.9, -0.317514
0.1875, 1.00557, 2.08448, 100782, 0.1379, -0.000238499, 99999.9, -0.312506
0.1925, 1.00225, 0.841382, 100315, 0.1379, -0.000238499, 99999.9, -0.307502
0.1975, 1.00088, 0.327905, 100123, 0.1379, -0.000238499, 99999.9, -0.302501
0.2025, 1.00033, 0.123404, 100046, 0.1379, -0.000238499, 99999.9, -0.2975
0.2075, 1.00012, 0.0448004, 100017, 0.1379, -0.000238499, 99999.9, -0.2925
0.2125, 1.00004, 0.0156671, 100006, 0.1379, -0.000238499, 99999.9, -0.2875
0.2175, 1.00001, 0.00527003, 100002, 0.1379, -0.000238499, 99999.9, -0.2825
0.2225, 1, 0.00170279, 100001, 0.1379, -0.000238499, 99999.9, -0.2775
0.2275, 1, 0.000527811, 100000, 0.1379, -0.000238499, 99999.9, -0.2725
0.2325, 1, 0.000156768, 100000, 0.1379, -0.000238499, 99999.9, -0.2675
0.2375, 1, 4.45679e-05, 100000, 0.1379, -0.000238499, 99999.9, -0.2625
0.2425, 1, 1.21147e-05, 100000, 0.1379, -0.000238499, 99999.9, -0.2575
0.2475, 1, 3.14543e-06, 100000, 0.1379, -0.000238499, 99999.9, -0.2525
0.2525, 1, 7.79263e-07, 100000, 0.1379, -0.000238499, 99999.9, -0.2475
0.2575, 1, 1.84022e-07, 100000, 0.1379, -0.000238499, 99999.9, -0.2425
0.2625, 1, 4.13781e-08, 100000, 0.1379, -0.000238499, 99999.9, -0.2375
0.2675, 1, 8.84909e-09, 100000, 0.1379, -0.000238499, 99999.9, -0.2325
0.2725, 1, 1.79783e-09, 100000, 0.1379, -0.000238499, 99999.9, -0.2275
0.2775, 1, 3.4657e-10, 100000, 0.1379, -0.000238499, 99999.9, -0.2225
0.2825, 1, 6.32926e-11, 100000, 0.1379, -0.000238499, 99999.9, -0.2175
0.2875, 1, 1.09384e-11, 100000, 0.1379, -0.000238499, 99999.9, -0.2125
0.2925, 1, 1.77723e-12, 100000, 0.1379, -0.000238499, 99999.9, -0.2075
0.2975, 1, 2.64468e-13, 100000, 0.1379, -0.000238499, 99999.9, -0.2025
0.3025, 1, 3.17362e-14, 100000, 0.1379, -0.000238499, 99999.9, -0.1975
0.3075, 1, 0, 100000, 0.1379, -0.000238499, 99999.9, -0.1925
0.3125, 1, 5.28937e-14, 100000, 0.1379, -0.000238499, 99999.9, -0.1875
0.3175, 1, 2.75047e-13, 100000, 0.1379, -0.000238499, 99999.9, -0.1825
0.3225, 1, 1.00498e-12, 100000, 0.1379, -0.000238499, 99999.9, -0.1775
0.3275, 1, 3.45925e-12, 100000, 0.1379, -0.000238499, 99999.9, -0.1725
0.3325, 1, 1.13721e-11, 100000, 0.1379, -0.000238499, 99999.9, -0.1675
0.3375, 1, 3.62216e-11, 100000, 0.1379, -0.000238499, 99999.9, -0.1625
0.3425, 1, 1.11743e-10, 100000, 0.1379, -0.000238499, 99999.9, -0.1575
0.3475, 1, 3.35187e-10, 100000, 0.1379, -0.000238499, 99999.9, -0.1525
0.3525, 1, 9.78756e-10, 100000, 0.1379, -0.000238499, 99999.9, -0.1475
0.3575, 1, 2.78559e-09, 100000, 0.1379, -0.000238499, 99999.9, -0.1425
0.3625, 1, 7.74038e-09, 100000, 0.1379, -0.000238499, 99999.9, -0.1375
0.3675, 1, 2.10327e-08, 100000, 0.1379, -0.000238499, 99999.9, -0.1325
0.3725, 1, 5.59825e-08, 100000, 0.1379, -0.000238499, 99999.9, -0.1275
0.3775, 1, 1.46517e-07, 100000, 0.1379, -0.000238499, 99999.9, -0.1225
0.3825, 1, 3.7325e-07, 100000, 0.1379, -0.000238499, 99999.9, -0.1175
0.3875, 1, 9.68177e-07, 100000, 0.1379, -0.000238499, 99999.9, -0.1125
0.3925, 1, 2.07076e-06, 100000, 0.1379, -0.000238499, 99999.9, -0.1075
0.3975, 1, 3.45568e-06, 100000, 0.1379, -0.000238499, 99999.9, -0.1025
0.4025, 1, 4.70782e-06, 100000, 0.1379, -0.000238499, 99999.9, -0.0975
0.4075, 1, 5.64936e-06, 100000, 0.1379, -0.000238499, 99999.9, -0.0925
0.4125, 1, 6.29214e-06, 100000, 0.1379, -0.000238499, 99999.9, -0.0875
0.4175, 1, 6.69009e-06, 100000, 0.1379, -0.000238499, 99999.9, -0.0825
0.4225, 1, 6.90983e-06, 100000, 0.1379, -0.000238499, 99999.9, -0.0775
0.4275, 1, 7.01278e-06, 100000, 0.1379, -0.000238499, 99999.9, -0.0725
0.4325, 1, 7.04847e-06, 100000, 0.1379, -0.000238499, 99999.9, -0.0675
0.4375, 1, 7.05324e-06, 100000, 0.1379, -0.000238499, 99999.9, -0.0625
0.4425, 1, 7.03566e-06, 100000, 0.1379, -0.000238499, 99999.9, -0.0575
0.4475, 1, 6.98379e-06, 100000, 0.1379, -0.000238499, 99999.9, -0.0525
0.4525, 1, 6.92371e-06, 100000, 0.1379, -0.000238499, 99999.9, -0.0475
0.4575, 1, 6.87813e-06, 100000, 0.1379, -0.000238499, 99999.9, -0.0425
0.4625, 1, 6.84725e-06, 100000, 0.1379, -0.000238499, 99999.9, -0.0375
0.4675, 1, 6.82975e-06, 100000, 0.1379, -0.000238499, 99999.9, -0.0325
0.4725, 1, 6.82317e-06, 100000, 0.1379, -0.000238499, 99999.9, -0.0275
0.4775, 1, 6.82002e-06, 100000, 0.1379, -0.000238499, 99999.9, -0.0225
0.4825, 1, 6.79939e-06, 100000, 0.1379, -0.000238499, 99999.9, -0.0175
0.4875, 1, 6.5373e-06, 100000, 0.1379, -0.000238499, 99999.9, -0.0125
0.4925, 1, 3.68122e-06, 100000, 0.1379, -0.000238499, 99999.9, -0.00749999
0.4975, 1, -4.89992e-05, 100000, 0.1379, -0.000391818, 99999.9, -0.00249999
0.5025, 1, -0.00017176, 99999.9, 0.1379, -0.000427997, 99999.9, 0.00250001
0.5075, 0.999999, -0.000238499, 99999.9, 0.1379, -0.000430146, 99999.9, 0.00750001
0.5125, 0.999999, -0.000238499, 99999.9, 0.1379, -0.00043015, 99999.9, 0.0125
0.5175, 0.999999, -0.000238499, 99999.9, 0.1379, -0.00043015, 99999.9, 0.0175
0.5225, 0.999999, -0.000238499, 99999.9, 0.1379, -0.000430151, 99999.9, 0.0225
0.5275, 0.999999, -0.000238499, 99999.9, 0.1379, -0.000430153, 99999.9, 0.0275
0.5325, 0.999999, -0.000238499, 99999.9, 0.1379, -0.000430155, 99999.9, 0.0325
0.5375, 0.999999, -0.000238499, 99999.9, 0.1379, -0.000430157, 99999.9, 0.0375
0.5425, 0.999999, -0.000238499, 99999.9, 0.1379, -0.000430161, 99999.9, 0.0425
0.5475, 0.999999, -0.000238499, 99999.9, 0.1379, -0.000430165, 99999.9, 0.0475
0.5525, 0.999999, -0.000238499, 99999.9, 0.1379, -0.000430169, 99999.9, 0.0525
0.5575, 0.999999, -0.000238499, 99999.9, 0.1379, -0.000430174, 99999.9, 0.0575
0.5625, 0.999999, -0.000238499, 99999.9, 0.1379, -0.000430179, 99999.9, 0.0625
0.5675, 0.999999, -0.000238499, 99999.9, 0.1379, -0.000430183, 99999.9, 0.0675
0.5725, 0.999999, -0.000238499, 99999.9, 0.1379, -0.000430186, 99999.9, 0.0725
0.5775, 0.999999, -0.000238499, 99999.9, 0.1379, -0.000430188, 99999.9, 0.0775
0.5825, 0.999999, -0.000238499, 99999.9, 0.1379, -0.000430188, 99999.9, 0.0825
0.5875, 0.999999, -0.000238499, 99999.9, 0.1379, -0.000430188, 99999.9, 0.0875
0.5925, 0.999999, -0.000238499, 99999.9, 0.1379, -0.000430185, 99999.9, 0.0925
0.5975, 0.999999, -0.000238499, 99999.9, 0.1379, -0.000430179, 99999.9, 0.0975
0.6025, 0.999999, -0.000238499, 99999.9, 0.1379, -0.000430171, 99999.9, 0.1025
0.6075, 0.999999, -0.000238499, 99999.9, 0.1379, -0.00043016, 99999.9, 0.1075
0.6125, 0.999999, -0.000238499, 99999.9, 0.1379, -0.000430145, 99999.9, 0.1125
0.6175, 0.999999, -0.000238499, 99999.9, 0.1379, -0.000430127, 99999.9, 0.1175
0.6225, 0.999999, -0.000238499, 99999.9, 0.1379, -0.000430104, 99999.9, 0.1225
0.6275, 0.999999, -0.000238499, 99999.9, 0.1379, -0.00043008, 99999.9, 0.1275
0.6325, 0.999999, -0.000238499, 99999.9, 0.1379, -0.000430055, 99999.9, 0.1325
0.6375, 0.999999, -0.000238499, 99999.9, 0.1379, -0.000430031, 99999.9, 0.1375
0.6425, 0.999999, -0.000238499, 99999.9, 0.1379, -0.000430009, 99999.9, 0.1425
0.6475, 0.999999, -0.000238499, 99999.9, 0.1379, -0.000429989, 99999.9, 0.1475
0.6525, 0.999999, -0.000238499, 99999.9, 0.1379, -0.000429969, 99999.9, 0.1525
0.6575, 0.999999, -0.000238499, 99999.9, 0.1379, -0.000429947, 99999.9, 0.1575
0.6625, 0.999999, -0.000238499, 99999.9, 0.1379, -0.000429922, 99999.9, 0.1625
0.6675, 0.999999, -0.000238499, 99999.9, 0.1379, -0.00042989, 99999.9, 0.1675
0.6725, 0.999999, -0.000238499, 99999.9, 0.1379, -0.000429854, 99999.9, 0.1725
0.6775, 0.999999, -0.000238499, 99999.9, 0.1379, -0.000429824, 99999.9, 0.1775
0.6825, 0.999999, -0.000238499, 99999.9, 0.1379, -0.000429802, 99999.9, 0.1825
0.6875, 0.999999, -0.000238499, 99999.9, 0.1379, -0.00042979, 99999.9, 0.1875
0.6925, 0.999999, -0.000238499, 99999.9, 0.1379, -0.000429786, 99999.9, 0.1925
0.6975, 0.999999, -0.000238499, 99999.9, 0.1379, -0.000429788, 99999.9, 0.1975
0.7025, 0.999999, -0.000238499, 99999.9, 0.1379, -0.000429809, 99999.9, 0.2025
0.7075, 0.999999, -0.000238499, 99999.9, 0.1379, -0.000429878, 99999.9, 0.2075
0.7125, 0.999999, -0.000238499, 99999.9, 0.1379, -0.00042996, 99999.9, 0.2125
0.7175, 0.999999, -0.000238499, 99999.9, 0.1379, -0.000430023, 99999.9, 0.2175
0.7225, 0.999999, -0.000238499, 99999.9, 0.1379, -0.000430063, 99999.9, 0.2225
0.7275, 0.999999, -0.000238499, 99999.9, 0.1379, -0.000430082, 99999.9, 0.2275
0.7325, 0.999999, -0.000238499, 99999.9, 0.1379, -0.000430086, 99999.9, 0.2325
0.7375, 0.999999, -0.000238499, 99999.9, 0.1379, -0.000430078, 99999.9, 0.2375
0.7425, 0.999999, -0.000238499, 99999.9, 0.1379, -0.000430022, 99999.9, 0.2425
0.7475, 0.999999, -0.000238499, 99999.9, 0.1379, -0.000429823, 99999.9, 0.2475
0.7525, 0.999999, -0.000238499, 99999.9, 0.1379, -0.000429243, 99999.9, 0.2525
0.7575, 0.999999, -0.000238499, 99999.9, 0.1379, -0.000427678, 99999.9, 0.2575
0.7625, 0.999999, -0.000238499, 99999.9, 0.1379, -0.000423519, 99999.9, 0.2625
0.7675, 0.999999, -0.000238499, 99999.9, 0.1379, -0.000411721, 99999.9, 0.2675
0.7725, 0.999999, -0.000238499, 99999.9, 0.1379, -0.000374104, 99999.9, 0.2725
0.7775, 0.999999, -0.000238499, 99999.9, 0.1379, -0.000288475, 100000, 0.2775
0.7825, 0.999999, -0.000238499, 99999.9, 0.1379, -0.000192029, 100000, 0.2825
0.7875, 0.999999, -0.000238499, 99999.9, 0.1379, -0.000114861, 100000, 0.2875
0.7925, 0.999999, -0.000238499, 99999.9, 0.1379, -6.16261e-05, 100000, 0.2925
0.7975, 0.999999, -0.000238499, 99999.9, 0.1379, -2.95088e-05, 100000, 0.2975
0.8025, 0.999999, -0.000238499, 99999.9, 0.1379, -1.25392e-05, 100000, 0.3025
0.8075, 0.999999, -0.000238499, 99999.9, 0.1379, -4.69588e-06, 100000, 0.3075
0.8125, 0.999999, -0.000238499, 99999.9, 0.1379, -1.53644e-06, 100000, 0.3125
0.8175, 0.999999, -0.000238499, 99999.9, 0.1379, -4.34342e-07, 100000, 0.3175
0.8225, 0.999999, -0.000238499, 99999.9, 0.1379, -1.04559e-07, 100000, 0.3225
0.8275, 0.999999, -0.000238499, 99999.9, 0.1379, -2.10209e-08, 100000, 0.3275
0.8325, 0.999999, -0.000238499, 99999.9, 0.1379, -3.43521e-09, 100000, 0.3325
0.8375, 0.999999, -0.000238499, 99999.9, 0.1379, -4.38339e-10, 100000, 0.3375
0.8425, 0.999999, -0.000238499, 99999.9, 0.1379, -4.08881e-11, 100000, 0.3425
0.8475, 0.999999, -0.000238499, 99999.9, 0.1379, -2.30139e-12, 100000, 0.3475
0.8525, 0.999999, -0.000238499, 99999.9, 0.1379, -2.30139e-13, 100000, 0.3525
0.8575, 0.999999, -0.000238499, 99999.9, 0.1379, 7.67131e-14, 100000, 0.3575
0.8625, 0.999999, -0.000238499, 99999.9, 0.1379, 0, 100000, 0.3625
0.8675, 0.999999, -0.000238499, 99999.9, 0.1379, 0, 100000, 0.3675
0.8725, 0.999999, -0.000238499, 99999.9, 0.1379, 0, 100000, 0.3725
0.8775, 0.999999, -0.000238499, 99999.9, 0.1379, 0, 100000, 0.3775
0.8825, 0.999999, -0.000238499, 99999.9, 0.1379, 0, 100000, 0.3825
0.8875, 0.999999, -0.000238499, 99999.9, 0.1379, 0, 100000, 0.3875
0.8925, 0.999999, -0.000238499, 99999.9, 0.1379, 0, 100000, 0.3925
0.8975, 0.999999, -0.000238499, 99999.9, 0.1379, 0, 100000, 0.3975
0.9025, 0.999999, -0.000238499, 99999.9, 0.1379, 0, 100000, 0.4025
0.9075, 0.999999, -0.000238499, 99999.9, 0.1379, 0, 100000, 0.4075
0.9125, 0.999999, -0.000238499, 99999.9, 0.1379, 0, 100000, 0.4125
0.9175, 0.999999, -0.000238499, 99999.9, 0.1379, 0, 100000, 0.4175
0.9225, 0.999999, -0.000238499, 99999.9, 0.1379, 0, 100000, 0.4225
0.9275, 0.999999, -0.000238499, 99999.9, 0.1379, 0, 100000, 0.4275
0.9325, 0.999999, -0.000238499, 99999.9, 0.1379, 0, 100000, 0.4325
0.9375, 0.999999, -0.000238499, 99999.9, 0.1379, 0, 100000, 0.4375
0.9425, 0.999999, -0.000238499, 99999.9, 0.1379, 0, 100000, 0.4425
0.9475, 0.999999, -0.000238499, 99999.9, 0.1379, 0, 100000, 0.4475
0.9525, 0.999999, -0.000238499, 99999.9, 0.1379, 0, 100000, 0.4525
0.9575, 0.999999, -0.000238499, 99999.9, 0.1379, 0, 100000, 0.4575
0.9625, 0.999999, -0.000238499, 99999.9, 0.1379, 0, 100000, 0.4625
0.9675, 0.999999, -0.000238499, 99999.9, 0.1379, 0, 100000, 0.4675
0.9725, 0.999999, -0.000238499, 99999.9, 0.1379, 0, 100000, 0.4725
0.9775, 0.999999, -0.000238499, 99999.9, 0.1379, 0, 100000, 0.4775
0.9825, 0.999999, -0.000238499, 99999.9, 0.1379, 0, 100000, 0.4825
0.9875, 0.999999, -0.000238499, 99999.9, 0.1379, 0, 100000, 0.4875
0.9925, 0.999999, -0.000238499, 99999.9, 0.1379, 0, 100000, 0.4925
0.9975, 0.999999, -0.000238499, 99999.9, 0.1379, 0, 100000, 0.4975
