0.0025, 1.33293, 111.8, 149993, 0.158822, 159.164, 126600, -0.528216
0.0075, 1.33293, 111.8, 149993, 0.158822, 159.164, 126600, -0.523557
0.0125, 1.33293, 111.8, 149993, 0.158822, 159.164, 126600, -0.518557
0.0175, 1.33293, 111.8, 149993, 0.158822, 159.164, 126600, -0.513557
0.0225, 1.33293, 111.799, 149993, 0.158822, 159.164, 126600, -0.508557
0.0275, 1.33294, 111.798, 149994, 0.158822, 159.164, 126600, -0.503557
0.0325, 1.33294, 111.797, 149995, 0.158822, 159.164, 126600, -0.498557
0.0375, 1.33295, 111.795, 149995, 0.158822, 159.164, 126600, -0.493557
0.0425, 1.33295, 111.794, 149996, 0.158822, 159.164, 126600, -0.488557
0.0475, 1.33295, 111.794, 149996, 0.158822, 159.164, 126600, -0.483557
0.0525, 1.33295, 111.793, 149996, 0.158822, 159.164, 126600, -0.478557
0.0575, 1.33295, 111.793, 149996, 0.158822, 159.164, 126600, -0.473557
0.0625, 1.33295, 111.794, 149996, 0.158822, 159.164, 126600, -0.468557
0.0675, 1.33295, 111.794, 149996, 0.158822, 159.164, 126600, -0.463557
0.0725, 1.33294, 111.795, 149995, 0.158822, 159.164, 126600, -0.458557
0.0775, 1.33294, 111.797, 149994, 0.158822, 159.164, 126600, -0.453557
0.0825, 1.33294, 111.798, 149994, 0.158822, 159.164, 126600, -0.448557
0.0875, 1.33294, 111.799, 149993, 0.158822, 159.164, 126600, -0.443557
0.0925, 1.33294, 111.8, 149993, 0.158822, 159.164, 126600, -0.438557
0.0975, 1.33294, 111.8, 149993, 0.158822, 159.164, 126600, -0.433557
0.1025, 1.33295, 111.801, 149993, 0.158822, 159.164, 126600, -0.428557
0.1075, 1.33295, 111.8, 149993, 0.158822, 159.164, 126600, -0.423557
0.1125, 1.33296, 111.8, 149993, 0.158822, 159.164, 126600, -0.418557
0.1175, 1.33296, 111.8, 149993, 0.158822, 159.164, 126600, -0.413557
0.1225, 1.33296, 111.799, 149993, 0.158822, 159.164, 126600, -0.408557
0.1275, 1.33297, 111.798, 149994, 0.158822, 159.164, 126600, -0.403557
0.1325, 1.33296, 111.796, 149995, 0.158822, 159.164, 126600, -0.398557
0.1375, 1.33296, 111.795, 149996, 0.158822, 159.164, 126600, -0.393557
0.1425, 1.33294, 111.793, 149997, 0.158822, 159.164, 126600, -0.388557
0.1475, 1.33286, 111.792, 149998, 0.158822, 159.164, 126600, -0.383557
0.1525, 1.33266, 111.79, 149998, 0.158822, 159.164, 126600, -0.378557
0.1575, 1.33232, 111.79, 149998, 0.158822, 159.164, 126600, -0.373557
0.1625, 1.33193, 111.791, 149997, 0.158822, 159.164, 126600, -0.368557
0.1675, 1.33158, 111.792, 149997, 0.158822, 159.164, 126600, -0.363557
0.1725, 1.33129, 111.793, 149996, 0.158822, 159.164, 126600, -0.358557
0.1775, 1.33108, 111.794, 149996, 0.158822, 159.164, 126600, -0.353557
0.1825, 1.33094, 111.795, 149995, 0.158822, 159.164, 126600, -0.348557
0.1875, 1.33086, 111.796, 149995, 0.158822, 159.164, 126600, -0.343557
0.1925, 1.33082, 111.797, 149994, 0.158822, 159.164, 126600, -0.338557
0.1975, 1.33082, 111.797, 149994, 0.158822, 159.164, 126600, -0.333557
0.2025, 1.33084, 111.798, 149994, 0.158822, 159.164, 126600, -0.328557
0.2075, 1.33093, 111.798, 149994, 0.158822, 159.164, 126600, -0.323557
0.2125, 1.33119, 111.798, 149994, 0.158822, 159.164, 126600, -0.318557
0.2175, 1.33159, 111.798, 149994, 0.158822, 159.164, 126600, -0.313557
0.2225, 1.33198, 111.798, 149994, 0.158822, 159.164, 126600, -0.308557
0.2275, 1.3323, 111.798, 149994, 0.158822, 159.164, 126600, -0.303557
0.2325, 1.33255, 111.798, 149994, 0.158822, 159.164, 126600, -0.298557
0.2375, 1.33272, 111.797, 149995, 0.158822, 159.164, 126600, -0.293557
0.2425, 1.33285, 111.797, 149995, 0.158822, 159.164, 126600, -0.288557
0.2475, 1.33292, 111.796, 149995, 0.158822, 159.164, 126600, -0.283557
0.2525, 1.33297, 111.794, 149996, 0.158822, 159.164, 126600, -0.278557
0.2575, 1.33299, 111.793, 149996, 0.158822, 159.164, 126600, -0.273557
0.2625, 1.333, 111.793, 149996, 0.158822, 159.164, 126600, -0.268557
0.2675, 1.33301, 111.792, 149997, 0.158822, 159.164, 126600, -0.263557
0.2725, 1.33301, 111.792, 149997, 0.158822, 159.164, 126600, -0.258557
0.2775, 1.33301, 111.792, 149996, 0.158822, 159.164, 126600, -0.253557
0.2825, 1.33301, 111.793, 149996, 0.158822, 159.164, 126600, -0.248557
0.2875, 1.33302, 111.794, 149996, 0.158822, 159.164, 126600, -0.243557
0.2925, 1.33305, 111.795, 149995, 0.158822, 159.164, 126600, -0.238557
0.2975, 1.33313, 111.796, 149995, 0.158822, 159.164, 126600, -0.233557
0.3025, 1.33321, 111.796, 149995, 0.158822, 159.164, 126600, -0.228557
0.3075, 1.33328, 111.797, 149995, 0.158822, 159.164, 126600, -0.223557
0.3125, 1.33332, 111.797, 149995, 0.158822, 159.164, 126600, -0.218557
0.3175, 1.33335, 111.797, 149995, 0.158822, 159.164, 126600, -0.213557
0.3225, 1.33335, 111.797, 149995, 0.158822, 159.164, 126600, -0.208557
0.3275, 1.33335, 111.797, 149995, 0.158822, 159.164, 126600, -0.203557
0.3325, 1.33334, 111.797, 149995, 0.158822, 159.164, 126600, -0.198557
0.3375, 1.3333, 111.797, 149995, 0.158822, 159.164, 126600, -0.193557
0.3425, 1.33324, 111.797, 149995, 0.158822, 159.164, 126600, -0.188557
0.3475, 1.33318, 111.796, 149995, 0.158822, 159.164, 126600, -0.183557
0.3525, 1.33315, 111.795, 149996, 0.158822, 159.164, 126600, -0.178557
0.3575, 1.33314, 111.794, 149996, 0.158822, 159.164, 126600, -0.173557
0.3625, 1.33314, 111.792, 149997, 0.158822, 159.164, 126600, -0.168557
0.3675, 1.33315, 111.791, 149998, 0.158822, 159.164, 126600, -0.163557
0.3725, 1.33318, 111.789, 149999, 0.158822, 159.164, 126600, -0.158557
0.3775, 1.33326, 111.788, 149999, 0.158822, 159.164, 126600, -0.153557
0.3825, 1.33334, 111.787, 149999, 0.158822, 159.164, 126600, -0.148557
0.3875, 1.3334, 111.789, 149998, 0.158822, 159.164, 126600, -0.143557
0.3925, 1.33341, 111.792, 149996, 0.158822, 159.164, 126600, -0.138557
0.3975, 1.3334, 111.801, 149992, 0.158822, 159.164, 126600, -0.133557
0.4025, 1.33335, 111.823, 149981, 0.158822, 159.164, 126600, -0.128557
0.4075, 1.33318, 111.876, 149953, 0.158822, 159.164, 126600, -0.123557
0.4125, 1.33274, 112.006, 149884, 0.158822, 159.164, 126600, -0.118557
0.4175, 1.33165, 112.323, 149716, 0.158822, 159.164, 126600, -0.113558
0.4225, 1.32909, 113.071, 149322, 0.158822, 159.164, 126600, -0.10856
0.4275, 1.32256, 114.99, 148313, 0.158822, 159.164, 126600, -0.103565
0.4325, 1.3102, 118.661, 146400, 0.158822, 159.164, 126600, -0.0985751
0.4375, 1.29256, 123.989, 143661, 0.158822, 159.164, 126600, -0.0935907
0.4425, 1.27191, 130.328, 140461, 0.158822, 159.164, 126600, -0.0886098
0.4475, 1.25165, 136.629, 137340, 0.158822, 159.164, 126600, -0.0836292
0.4525, 1.23377, 142.25, 134605, 0.158822, 159.164, 126600, -0.0786468
0.4575, 1.21887, 147.01, 132325, 0.158822, 159.164, 126600, -0.0736618
0.4625, 1.20709, 150.837, 130517, 0.158822, 159.164, 126600, -0.068674
0.4675, 1.19827, 153.754, 129153, 0.158822, 159.164, 126600, -0.0636833
0.4725, 1.19201, 155.854, 128178, 0.158822, 159.164, 126600, -0.05869
0.4775, 1.18775, 157.278, 127516, 0.158822, 159.164, 126600, -0.0536946
0.4825, 1.18494, 158.186, 127093, 0.158822, 159.164, 126600, -0.0486976
0.4875, 1.18309, 158.734, 126840, 0.158822, 159.164, 126600, -0.0436993
0.4925, 1.18188, 159.05, 126702, 0.158822, 159.164, 126600, -0.0387004
0.4975, 1.18108, 159.218, 126634, 0.158822, 159.164, 126600, -0.0337009
0.5025, 1.18058, 159.294, 126606, 0.158822, 159.164, 126600, -0.0287012
0.5075, 1.18031, 159.313, 126601, 0.158822, 159.164, 126600, -0.0237013
0.5125, 1.18017, 159.284, 126604, 0.158822, 159.164, 126600, -0.0187012
0.5175, 1.18007, 159.236, 126604, 0.158822, 159.164, 126600, -0.013701
0.5225, 1.17999, 159.194, 126601, 0.158822, 159.164, 126600, -0.00870088
0.5275, 1.17996, 159.172, 126600, 0.158822, 159.164, 126600, -0.00370082
0.5325, 1.17996, 159.165, 126600, 0.158822, 159.164, 126600, 0.0012992
0.5375, 1.17996, 159.164, 126600, 0.158822, 159.162, 126600, 0.0062992
0.5425, 1.17996, 159.164, 126600, 0.158822, 159.164, 126601, 0.0112992
0.5475, 1.17996, 159.164, 126600, 0.158821, 159.168, 126601, 0.0162992
0.5525, 1.17996, 159.164, 126600, 0.158821, 159.174, 126602, 0.0212991
0.5575, 1.17996, 159.164, 126600, 0.158821, 159.186, 126605, 0.0262991
0.5625, 1.17996, 159.164, 126600, 0.158823, 159.214, 126610, 0.0312989
0.5675, 1.17996, 159.164, 126600, 0.158828, 159.253, 126617, 0.0362988
0.5725, 1.17996, 159.164, 126600, 0.158833, 159.292, 126624, 0.0412987
0.5775, 1.17996, 159.164, 126600, 0.158838, 159.328, 126630, 0.0462986
0.5825, 1.17996, 159.164, 126600, 0.158843, 159.361, 126637, 0.0512985
0.5875, 1.17996, 159.164, 126600, 0.158848, 159.396, 126643, 0.0562984
0.5925, 1.17996, 159.164, 126600, 0.158854, 159.439, 126651, 0.0612982
0.5975, 1.17996, 159.164, 126600, 0.158861, 159.494, 126661, 0.0662981
0.6025, 1.17996, 159.164, 126600, 0.158868, 159.548, 126671, 0.0712979
0.6075, 1.17996, 159.164, 126600, 0.158874, 159.592, 126679, 0.0762978
0.6125, 1.17996, 159.164, 126600, 0.158878, 159.624, 126685, 0.0812977
0.6175, 1.17996, 159.164, 126600, 0.158881, 159.645, 126689, 0.0862977
0.6225, 1.17996, 159.164, 126600, 0.158882, 159.654, 126690, 0.0912977
0.6275, 1.17996, 159.164, 126600, 0.158882, 159.657, 126691, 0.0962977
0.6325, 1.17996, 159.164, 126600, 0.158881, 159.653, 126690, 0.101298
0.6375, 1.17996, 159.164, 126600, 0.158878, 159.625, 126685, 0.106298
0.6425, 1.17996, 159.164, 126600, 0.158867, 159.549, 126671, 0.111298
0.6475, 1.17996, 159.164, 126600, 0.158853, 159.452, 126653, 0.116299
0.6525, 1.17996, 159.164, 126600, 0.158838, 159.35, 126634, 0.121299
0.6575, 1.17996, 159.164, 126600, 0.158821, 159.227, 126612, 0.126299
0.6625, 1.17996, 159.164, 126600, 0.158795, 159.045, 126578, 0.1313
0.6675, 1.17996, 159.164, 126600, 0.158754, 158.75, 126525, 0.136301
0.6725, 1.17996, 159.164, 126600, 0.158693, 158.304, 126443, 0.141303
0.6775, 1.17996, 159.164, 126600, 0.158611, 157.717, 126335, 0.146305
0.6825, 1.17996, 159.164, 126600, 0.15852, 157.055, 126214, 0.151307
0.6875, 1.17996, 159.164, 126600, 0.158428, 156.392, 126093, 0.156309
0.6925, 1.17996, 159.164, 126600, 0.158335, 155.716, 125970, 0.161312
0.6975, 1.17996, 159.164, 126600, 0.158217, 154.854, 125813, 0.166315
0.7025, 1.17996, 159.164, 126600, 0.15803, 153.495, 125565, 0.171321
0.7075, 1.17996, 159.164, 126600, 0.157743, 151.398, 125184, 0.176329
0.7125, 1.17996, 159.164, 126600, 0.157373, 148.697, 124694, 0.181338
0.7175, 1.17996, 159.164, 126600, 0.156974, 145.795, 124170, 0.186348
0.7225, 1.17996, 159.164, 126600, 0.156512, 142.414, 123561, 0.191363
0.7275, 1.17996, 159.164, 126600, 0.155687, 136.379, 122480, 0.196399
0.7325, 1.17996, 159.164, 126600, 0.153624, 121.251, 119804, 0.201479
0.7375, 1.17996, 159.164, 126600, 0.149671, 91.6624, 114705, 0.206575
0.7425, 1.17996, 159.164, 126600, 0.145668, 61.037, 109612, 0.211649
0.7475, 1.17996, 159.164, 126600, 0.142828, 38.9434, 106051, 0.216698
0.7525, 1.17996, 159.164, 126600, 0.141046, 24.9481, 103844, 0.221727
0.7575, 1.17996, 159.164, 126600, 0.139961, 16.3739, 102510, 0.226746
0.7625, 1.17996, 159.164, 126600, 0.139286, 11.0264, 101685, 0.231758
0.7675, 1.17996, 159.164, 126600, 0.138852, 7.58011, 101156, 0.236766
0.7725, 1.17996, 159.164, 126600, 0.138564, 5.28978, 100805, 0.241771
0.7775, 1.17996, 159.164, 126600, 0.138368, 3.73085, 100567, 0.246775
0.7825, 1.17996, 159.164, 126600, 0.138232, 2.65104, 100403, 0.251777
0.7875, 1.17996, 159.164, 126600, 0.138137, 1.89366, 100288, 0.256779
0.7925, 1.17996, 159.164, 126600, 0.13807, 1.35765, 100206, 0.261781
0.7975, 1.17996, 159.164, 126600, 0.138022, 0.975872, 100148, 0.266781
0.8025, 1.17996, 159.164, 126600, 0.137988, 0.70269, 100107, 0.271782
0.8075, 1.17996, 159.164, 126600, 0.137963, 0.50657, 100077, 0.276783
0.8125, 1.17996, 159.164, 126600, 0.137946, 0.365442, 100055, 0.281783
0.8175, 1.17996, 159.164, 126600, 0.137933, 0.263718, 100040, 0.286783
0.8225, 1.17996, 159.164, 126600, 0.137924, 0.190314, 100029, 0.291783
0.8275, 1.17996, 159.164, 126600, 0.137917, 0.137307, 100021, 0.296784
0.8325, 1.17996, 159.164, 126600, 0.137912, 0.099013, 100015, 0.301784
0.8375, 1.17996, 159.164, 126600, 0.137909, 0.0713432, 100011, 0.306784
0.8425, 1.17996, 159.164, 126600, 0.137906, 0.0513508, 100008, 0.311784
0.8475, 1.17996, 159.164, 126600, 0.137905, 0.0369086, 100006, 0.316784
0.8525, 1.17996, 159.164, 126600, 0.137903, 0.0264798, 100004, 0.321784
0.8575, 1.17996, 159.164, 126600, 0.137902, 0.0189534, 100003, 0.326784
0.8625, 1.17996, 159.164, 126600, 0.137902, 0.0135254, 100002, 0.331784
0.8675, 1.17996, 159.164, 126600, 0.137901, 0.00961431, 100001, 0.336784
0.8725, 1.17996, 159.164, 126600, 0.137901, 0.00679878, 100001, 0.341784
0.8775, 1.17996, 159.164, 126600, 0.137901, 0.00477381, 100001, 0.346784
0.8825, 1.17996, 159.164, 126600, 0.1379, 0.0033185, 100001, 0.351784
0.8875, 1.17996, 159.164, 126600, 0.1379, 0.00227296, 100000, 0.356784
0.8925, 1.17996, 159.164, 126600, 0.1379, 0.00152161, 100000, 0.361784
0.8975, 1.17996, 159.164, 126600, 0.1379, 0.000981088, 100000, 0.366784
0.9025, 1.17996, 159.164, 126600, 0.1379, 0.000591463, 100000, 0.371784
0.9075, 1.17996, 159.164, 126600, 0.1379, 0.000309828, 100000, 0.376784
0.9125, 1.17996, 159.164, 126600, 0.1379, 0.000105592, 100000, 0.381784
0.9175, 1.17996, 159.164, 126600, 0.1379, -4.29799e-05, 100000, 0.386784
0.9225, 1.17996, 159.164, 126600, 0.1379, -0.000151303, 100000, 0.391784
0.9275, 1.17996, 159.164, 126600, 0.1379, -0.000230333, 100000, 0.396784
0.9325, 1.17996, 159.164, 126600, 0.1379, -0.000287906, 100000, 0.401784
0.9375, 1.17996, 159.164, 126600, 0.1379, -0.000329685, 99999.9, 0.406784
0.9425, 1.17996, 159.164, 126600, 0.1379, -0.00035982, 99999.9, 0.411784
0.9475, 1.17996, 159.164, 126600, 0.1379, -0.000381388, 99999.9, 0.416784
0.9525, 1.17996, 159.164, 126600, 0.1379, -0.000396689, 99999.9, 0.421784
0.9575, 1.17996, 159.164, 126600, 0.1379, -0.000407444, 99999.9, 0.426784
0.9625, 1.17996, 159.164, 126600, 0.1379, -0.000414933, 99999.9, 0.431784
0.9675, 1.17996, 159.164, 126600, 0.1379, -0.000420099, 99999.9, 0.436784
0.9725, 1.17996, 159.164, 126600, 0.1379, -0.000423627, 99999.9, 0.441784
0.9775, 1.17996, 159.164, 126600, 0.1379, -0.000426009, 99999.9, 0.446784
0.9825, 1.17996, 159.164, 126600, 0.1379, -0.000427596, 99999.9, 0.451784
0.9875, 1.17996, 159.164, 126600, 0.1379, -0.000428634, 99999.9, 0.456784
0.9925, 1.17996, 159.164, 126600, 0.1379, -0.000429304, 99999.9, 0.461784
0.9975, 1.17996, 159.164, 126600, 0.1379, -0.000429735, 99999.9, 0.466784
