0.0025, 1.33292, 111.802, 149992, 0.140157, 17.9163, 102749, -0.497704
0.0075, 1.33293, 111.8, 149993, 0.140157, 17.9163, 102749, -0.493101
0.0125, 1.33294, 111.798, 149994, 0.140157, 17.9163, 102749, -0.488101
0.0175, 1.33294, 111.797, 149995, 0.140157, 17.9163, 102749, -0.483101
0.0225, 1.33294, 111.796, 149995, 0.140157, 17.9163, 102749, -0.478101
0.0275, 1.33295, 111.795, 149995, 0.140157, 17.9163, 102749, -0.473101
0.0325, 1.33295, 111.795, 149996, 0.140157, 17.9163, 102749, -0.468101
0.0375, 1.33295, 111.795, 149995, 0.140157, 17.9163, 102749, -0.463101
0.0425, 1.33294, 111.795, 149995, 0.140157, 17.9163, 102749, -0.458101
0.0475, 1.33294, 111.797, 149995, 0.140157, 17.9163, 102749, -0.453101
0.0525, 1.33294, 111.798, 149994, 0.140157, 17.9163, 102749, -0.448101
0.0575, 1.33293, 111.799, 149993, 0.140157, 17.9163, 102749, -0.443101
0.0625, 1.33293, 111.8, 149993, 0.140157, 17.9163, 102749, -0.438101
0.0675, 1.33294, 111.801, 149992, 0.140157, 17.9163, 102749, -0.433101
0.0725, 1.33294, 111.801, 149992, 0.140157, 17.9163, 102749, -0.428101
0.0775, 1.33294, 111.801, 149992, 0.140157, 17.9163, 102749, -0.423101
0.0825, 1.33295, 111.8, 149993, 0.140157, 17.9163, 102749, -0.418101
0.0875, 1.33296, 111.8, 149993, 0.140157, 17.9163, 102749, -0.413101
0.0925, 1.33297, 111.798, 149994, 0.140157, 17.9163, 102749, -0.408101
0.0975, 1.33297, 111.797, 149994, 0.140157, 17.9163, 102749, -0.403101
0.1025, 1.33298, 111.795, 149995, 0.140157, 17.9163, 102749, -0.398101
0.1075, 1.33298, 111.794, 149996, 0.140157, 17.9163, 102749, -0.393101
0.1125, 1.33297, 111.793, 149997, 0.140157, 17.9163, 102749, -0.388101
0.1175, 1.33296, 111.792, 149997, 0.140157, 17.9163, 102749, -0.383101
0.1225, 1.33293, 111.792, 149997, 0.140157, 17.9163, 102749, -0.378101
0.1275, 1.3328, 111.793, 149997, 0.140157, 17.9163, 102749, -0.373101
0.1325, 1.33252, 111.795, 149996, 0.140157, 17.9163, 102749, -0.368101
0.1375, 1.33209, 111.796, 149995, 0.140157, 17.9163, 102749, -0.363101
0.1425, 1.33164, 111.798, 149994, 0.140157, 17.9163, 102749, -0.358101
0.1475, 1.33126, 111.799, 149993, 0.140157, 17.9163, 102749, -0.353101
0.1525, 1.33096, 111.8, 149993, 0.140157, 17.9163, 102749, -0.348101
0.1575, 1.33076, 111.8, 149992, 0.140157, 17.9163, 102749, -0.343101
0.1625, 1.33065, 111.8, 149992, 0.140157, 17.9163, 102749, -0.338101
0.1675, 1.3306, 111.8, 149992, 0.140157, 17.9163, 102749, -0.333101
0.1725, 1.33059, 111.8, 149993, 0.140157, 17.9163, 102749, -0.328101
0.1775, 1.3306, 111.8, 149993, 0.140157, 17.9163, 102749, -0.323101
0.1825, 1.33072, 111.799, 149993, 0.140157, 17.9163, 102749, -0.318101
0.1875, 1.33103, 111.799, 149994, 0.140157, 17.9163, 102749, -0.313101
0.1925, 1.33152, 111.798, 149994, 0.140157, 17.9163, 102749, -0.308101
0.1975, 1.332, 111.796, 149995, 0.140157, 17.9163, 102749, -0.303101
0.2025, 1.33239, 111.795, 149996, 0.140157, 17.9163, 102749, -0.298101
0.2075, 1.33268, 111.793, 149997, 0.140157, 17.9163, 102749, -0.293101
0.2125, 1.33288, 111.792, 149998, 0.140157, 17.9163, 102749, -0.288101
0.2175, 1.333, 111.791, 149998, 0.140157, 17.9163, 102749, -0.283101
0.2225, 1.33307, 111.79, 149998, 0.140157, 17.9163, 102749, -0.278101
0.2275, 1.33309, 111.79, 149998, 0.140157, 17.9163, 102749, -0.273101
0.2325, 1.33309, 111.791, 149998, 0.140157, 17.9163, 102749, -0.268101
0.2375, 1.33307, 111.792, 149997, 0.140157, 17.9163, 102749, -0.263101
0.2425, 1.33302, 111.794, 149996, 0.140157, 17.9163, 102749, -0.258101
0.2475, 1.33297, 111.796, 149995, 0.140157, 17.9163, 102749, -0.253101
0.2525, 1.33295, 111.797, 149994, 0.140157, 17.9163, 102749, -0.248101
0.2575, 1.33294, 111.798, 149994, 0.140157, 17.9163, 102749, -0.243101
0.2625, 1.33294, 111.798, 149993, 0.140157, 17.9163, 102749, -0.238101
0.2675, 1.33297, 111.798, 149993, 0.140157, 17.9163, 102749, -0.233101
0.2725, 1.33305, 111.798, 149993, 0.140157, 17.9163, 102749, -0.228101
0.2775, 1.33318, 111.797, 149994, 0.140157, 17.9163, 102749, -0.223101
0.2825, 1.3333, 111.797, 149994, 0.140157, 17.9163, 102749, -0.218101
0.2875, 1.33338, 111.798, 149994, 0.140157, 17.9163, 102749, -0.213101
0.2925, 1.33342, 111.798, 149994, 0.140157, 17.9163, 102749, -0.208101
0.2975, 1.33344, 111.798, 149994, 0.140157, 17.9163, 102749, -0.203101
0.3025, 1.33344, 111.798, 149994, 0.140157, 17.9163, 102749, -0.198101
0.3075, 1.33343, 111.797, 149995, 0.140157, 17.9163, 102749, -0.193101
0.3125, 1.33337, 111.796, 149995, 0.140157, 17.9163, 102749, -0.188101
0.3175, 1.33327, 111.795, 149996, 0.140157, 17.9163, 102749, -0.183101
0.3225, 1.33317, 111.794, 149997, 0.140157, 17.9163, 102749, -0.178101
0.3275, 1.3331, 111.793, 149997, 0.140157, 17.9163, 102749, -0.173101
0.3325, 1.33306, 111.792, 149998, 0.140157, 17.9163, 102749, -0.168101
0.3375, 1.33304, 111.792, 149998, 0.140157, 17.9163, 102749, -0.163101
0.3425, 1.33305, 111.792, 149997, 0.140157, 17.9163, 102749, -0.158101
0.3475, 1.33308, 111.793, 149997, 0.140157, 17.9163, 102749, -0.153101
0.3525, 1.33317, 111.794, 149996, 0.140157, 17.9163, 102749, -0.148101
0.3575, 1.3333, 111.796, 149995, 0.140157, 17.9163, 102749, -0.143101
0.3625, 1.33341, 111.797, 149994, 0.140157, 17.9163, 102749, -0.138101
0.3675, 1.33349, 111.797, 149994, 0.140157, 17.9163, 102749, -0.133101
0.3725, 1.33353, 111.797, 149994, 0.140157, 17.9163, 102749, -0.128101
0.3775, 1.33355, 111.797, 149994, 0.140157, 17.9163, 102749, -0.123101
0.3825, 1.33355, 111.797, 149995, 0.140157, 17.9163, 102749, -0.118101
0.3875, 1.33353, 111.796, 149995, 0.140157, 17.9163, 102749, -0.113101
0.3925, 1.33343, 111.797, 149995, 0.140157, 17.9163, 102749, -0.108101
0.3975, 1.33325, 111.797, 149995, 0.140157, 17.9163, 102749, -0.103101
0.4025, 1.33309, 111.797, 149995, 0.140157, 17.9163, 102749, -0.0981013
0.4075, 1.33299, 111.797, 149995, 0.140157, 17.9163, 102749, -0.0931012
0.4125, 1.33295, 111.797, 149994, 0.140157, 17.9163, 102749, -0.0881012
0.4175, 1.33295, 111.796, 149995, 0.140157, 17.9163, 102749, -0.0831012
0.4225, 1.333, 111.795, 149996, 0.140157, 17.9163, 102749, -0.0781012
0.4275, 1.33315, 111.793, 149997, 0.140157, 17.9163, 102749, -0.0731012
0.4325, 1.33333, 111.791, 149999, 0.140157, 17.9163, 102749, -0.0681012
0.4375, 1.33348, 111.789, 150000, 0.140157, 17.9163, 102749, -0.0631012
0.4425, 1.33356, 111.787, 150000, 0.140157, 17.9163, 102749, -0.0581012
0.4475, 1.33359, 111.785, 149998, 0.140157, 17.9163, 102749, -0.0531012
0.4525, 1.33358, 111.778, 149992, 0.140157, 17.9163, 102749, -0.0481012
0.4575, 1.33347, 111.751, 149973, 0.140157, 17.9163, 102749, -0.043101
0.4625, 1.33296, 111.638, 149910, 0.140157, 17.9163, 102749, -0.0381004
0.4675, 1.33129, 111.209, 149685, 0.140157, 17.9163, 102749, -0.0330982
0.4725, 1.32625, 109.742, 148916, 0.140157, 17.9163, 102749, -0.0280896
0.4775, 1.30433, 103.287, 145497, 0.140157, 17.9163, 102749, -0.0230551
0.4825, 1.24052, 84.262, 135711, 0.140157, 17.9163, 102749, -0.0179715
0.4875, 1.14927, 55.6911, 121898, 0.140157, 17.9163, 102749, -0.0128704
0.4925, 1.07494, 32.076, 110844, 0.140157, 17.9163, 102749, -0.00779614
0.4975, 1.0315, 19.8277, 104507, 0.140156, 17.9059, 102747, -0.00275957
0.5025, 1.01937, 17.562, 102769, 0.140086, 17.3589, 102662, 0.00224767
0.5075, 1.01923, 17.9163, 102749, 0.139525, 12.9181, 101976, 0.00726035
0.5125, 1.01923, 17.9163, 102749, 0.139099, 9.54048, 101456, 0.0122699
0.5175, 1.01923, 17.9163, 102749, 0.13878, 7.00688, 101068, 0.017277
0.5225, 1.01923, 17.9163, 102749, 0.138543, 5.12546, 100780, 0.0222823
0.5275, 1.01923, 17.9163, 102749, 0.138369, 3.73841, 100569, 0.0272861
0.5325, 1.01923, 17.9163, 102749, 0.138241, 2.72107, 100414, 0.0322889
0.5375, 1.01923, 17.9163, 102749, 0.138148, 1.97759, 100300, 0.037291
0.5425, 1.01923, 17.9163, 102749, 0.13808, 1.43564, 100218, 0.0422925
0.5475, 1.01923, 17.9163, 102749, 0.138031, 1.0413, 100158, 0.0472936
0.5525, 1.01923, 17.9163, 102749, 0.137995, 0.754735, 100115, 0.0522944
0.5575, 1.01923, 17.9163, 102749, 0.137969, 0.546687, 100083, 0.057295
0.5625, 1.01923, 17.9163, 102749, 0.13795, 0.39575, 100060, 0.0622954
0.5675, 1.01923, 17.9163, 102749, 0.137936, 0.286309, 100043, 0.0672957
0.5725, 1.01923, 17.9163, 102749, 0.137926, 0.206995, 100031, 0.0722959
0.5775, 1.01923, 17.9163, 102749, 0.137919, 0.149539, 100023, 0.0772961
0.5825, 1.01923, 17.9163, 102749, 0.137914, 0.107937, 100016, 0.0822962
0.5875, 1.01923, 17.9163, 102749, 0.13791, 0.0778276, 100012, 0.0872963
0.5925, 1.01923, 17.9163, 102749, 0.137907, 0.0560472, 100009, 0.0922963
0.5975, 1.01923, 17.9163, 102749, 0.137905, 0.0403005, 100006, 0.0972964
0.6025, 1.01923, 17.9163, 102749, 0.137904, 0.028923, 100004, 0.102296
0.6075, 1.01923, 17.9163, 102749, 0.137903, 0.0207082, 100003, 0.107296
0.6125, 1.01923, 17.9163, 102749, 0.137902, 0.0147816, 100002, 0.112296
0.6175, 1.01923, 17.9163, 102749, 0.137901, 0.0105099, 100002, 0.117296
0.6225, 1.01923, 17.9163, 102749, 0.137901, 0.00743459, 100001, 0.122296
0.6275, 1.01923, 17.9163, 102749, 0.137901, 0.00522344, 100001, 0.127296
0.6325, 1.01923, 17.9163, 102749, 0.1379, 0.00363589, 100001, 0.132296
0.6375, 1.01923, 17.9163, 102749, 0.1379, 0.00249754, 100000, 0.137296
0.6425, 1.01923, 17.9163, 102749, 0.1379, 0.00168189, 100000, 0.142296
0.6475, 1.01923, 17.9163, 102749, 0.1379, 0.0010973, 100000, 0.147296
0.6525, 1.01923, 17.9163, 102749, 0.1379, 0.000677527, 100000, 0.152296
0.6575, 1.01923, 17.9163, 102749, 0.1379, 0.00037496, 100000, 0.157296
0.6625, 1.01923, 17.9163, 102749, 0.1379, 0.000155683, 100000, 0.162296
0.6675, 1.01923, 17.9163, 102749, 0.1379, -4.21143e-06, 100000, 0.167296
0.6725, 1.01923, 17.9163, 102749, 0.1379, -0.000121456, 100000, 0.172296
0.6775, 1.01923, 17.9163, 102749, 0.1379, -0.000207767, 100000, 0.177296
0.6825, 1.01923, 17.9163, 102749, 0.1379, -0.00027139, 100000, 0.182296
0.6875, 1.01923, 17.9163, 102749, 0.1379, -0.000318166, 100000, 0.187296
0.6925, 1.01923, 17.9163, 102749, 0.1379, -0.000352273, 99999.9, 0.192296
0.6975, 1.01923, 17.9163, 102749, 0.1379, -0.000376781, 99999.9, 0.197296
0.7025, 1.01923, 17.9163, 102749, 0.1379, -0.000394054, 99999.9, 0.202296
0.7075, 1.01923, 17.9163, 102749, 0.1379, -0.000405991, 99999.9, 0.207296
0.7125, 1.01923, 17.9163, 102749, 0.1379, -0.000414119, 99999.9, 0.212296
0.7175, 1.01923, 17.9163, 102749, 0.1379, -0.000419617, 99999.9, 0.217296
0.7225, 1.01923, 17.9163, 102749, 0.1379, -0.000423337, 99999.9, 0.222296
0.7275, 1.01923, 17.9163, 102749, 0.1379, -0.000425856, 99999.9, 0.227296
0.7325, 1.01923, 17.9163, 102749, 0.1379, -0.000427549, 99999.9, 0.232296
0.7375, 1.01923, 17.9163, 102749, 0.1379, -0.000428667, 99999.9, 0.237296
0.7425, 1.01923, 17.9163, 102749, 0.1379, -0.00042938, 99999.9, 0.242296
0.7475, 1.01923, 17.9163, 102749, 0.1379, -0.000429813, 99999.9, 0.247296
0.7525, 1.01923, 17.9163, 102749, 0.1379, -0.000430059, 99999.9, 0.252296
0.7575, 1.01923, 17.9163, 102749, 0.1379, -0.000430187, 99999.9, 0.257296
0.7625, 1.01923, 17.9163, 102749, 0.1379, -0.000430246, 99999.9, 0.262296
0.7675, 1.01923, 17.9163, 102749, 0.1379, -0.000430268, 99999.9, 0.267296
0.7725, 1.01923, 17.9163, 102749, 0.1379, -0.000430273, 99999.9, 0.272296
0.7775, 1.01923, 17.9163, 102749, 0.1379, -0.00043027, 99999.9, 0.277296
0.7825, 1.01923, 17.9163, 102749, 0.1379, -0.000430251, 99999.9, 0.282296
0.7875, 1.01923, 17.9163, 102749, 0.1379, -0.00043023, 99999.9, 0.287296
0.7925, 1.01923, 17.9163, 102749, 0.1379, -0.000430214, 99999.9, 0.292296
0.7975, 1.01923, 17.9163, 102749, 0.1379, -0.000430201, 99999.9, 0.297296
0.8025, 1.01923, 17.9163, 102749, 0.1379, -0.00043019, 99999.9, 0.302296
0.8075, 1.01923, 17.9163, 102749, 0.1379, -0.000430182, 99999.9, 0.307296
0.8125, 1.01923, 17.9163, 102749, 0.1379, -0.000430176, 99999.9, 0.312296
0.8175, 1.01923, 17.9163, 102749, 0.1379, -0.000430172, 99999.9, 0.317296
0.8225, 1.01923, 17.9163, 102749, 0.1379, -0.000430168, 99999.9, 0.322296
0.8275, 1.01923, 17.9163, 102749, 0.1379, -0.000430166, 99999.9, 0.327296
0.8325, 1.01923, 17.9163, 102749, 0.1379, -0.000430164, 99999.9, 0.332296
0.8375, 1.01923, 17.9163, 102749, 0.1379, -0.000430163, 99999.9, 0.337296
0.8425, 1.01923, 17.9163, 102749, 0.1379, -0.000430162, 99999.9, 0.342296
0.8475, 1.01923, 17.9163, 102749, 0.1379, -0.000430161, 99999.9, 0.347296
0.8525, 1.01923, 17.9163, 102749, 0.1379, -0.000430161, 99999.9, 0.352296
0.8575, 1.01923, 17.9163, 102749, 0.1379, -0.000430161, 99999.9, 0.357296
0.8625, 1.01923, 17.9163, 102749, 0.1379, -0.00043016, 99999.9, 0.362296
0.8675, 1.01923, 17.9163, 102749, 0.1379, -0.00043016, 99999.9, 0.367296
0.8725, 1.01923, 17.9163, 102749, 0.1379, -0.00043016, 99999.9, 0.372296
0.8775, 1.01923, 17.9163, 102749, 0.1379, -0.00043016, 99999.9, 0.377296
0.8825, 1.01923, 17.9163, 102749, 0.1379, -0.00043016, 99999.9, 0.382296
0.8875, 1.01923, 17.9163, 102749, 0.1379, -0.00043016, 99999.9, 0.387296
0.8925, 1.01923, 17.9163, 102749, 0.1379, -0.00043016, 99999.9, 0.392296
0.8975, 1.01923, 17.9163, 102749, 0.1379, -0.00043016, 99999.9, 0.397296
0.9025, 1.01923, 17.9163, 102749, 0.1379, -0.00043016, 99999.9, 0.402296
0.9075, 1.01923, 17.9163, 102749, 0.1379, -0.00043016, 99999.9, 0.407296
0.9125, 1.01923, 17.9163, 102749, 0.1379, -0.00043016, 99999.9, 0.412296
0.9175, 1.01923, 17.9163, 102749, 0.1379, -0.00043016, 99999.9, 0.417296
0.9225, 1.01923, 17.9163, 102749, 0.1379, -0.00043016, 99999.9, 0.422296
0.9275, 1.01923, 17.9163, 102749, 0.1379, -0.00043016, 99999.9, 0.427296
0.9325, 1.01923, 17.9163, 102749, 0.1379, -0.00043016, 99999.9, 0.432296
0.9375, 1.01923, 17.9163, 102749, 0.1379, -0.00043016, 99999.9, 0.437296
0.9425, 1.01923, 17.9163, 102749, 0.1379, -0.00043016, 99999.9, 0.442296
0.9475, 1.01923, 17.9163, 102749, 0.1379, -0.00043016, 99999.9, 0.447296
0.9525, 1.01923, 17.9163, 102749, 0.1379, -0.00043016, 99999.9, 0.452296
0.9575, 1.01923, 17.9163, 102749, 0.1379, -0.00043016, 99999.9, 0.457296
0.9625, 1.01923, 17.9163, 102749, 0.1379, -0.00043016, 99999.9, 0.462296
0.9675, 1.01923, 17.9163, 102749, 0.1379, -0.00043016, 99999.9, 0.467296
0.9725, 1.01923, 17.9163, 102749, 0.1379, -0.00043016, 99999.9, 0.472296
0.9775, 1.01923, 17.9163, 102749, 0.1379, -0.00043016, 99999.9, 0.477296
0.9825, 1.01923, 17.9163, 102749, 0.1379, -0.00043016, 99999.9, 0.482296
0.9875, 1.01923, 17.9163, 102749, 0.1379, -0.00043016, 99999.9, 0.487296
0.9925, 1.01923, 17.9163, 102749, 0.1379, -0.00043016, 99999.9, 0.492296
0.9975, 1.01923, 17.9163, 102749, 0.1379, -0.00043016, 99999.9, 0.497296
