0.0025, 1.33266, 111.884, 149948, 0.1379, -0.000238511, 99999.9, -0.4975
0.0075, 1.33269, 111.873, 149954, 0.1379, -0.000238511, 99999.9, -0.492907
0.0125, 1.33273, 111.863, 149960, 0.1379, -0.000238511, 99999.9, -0.487907
0.0175, 1.33276, 111.857, 149963, 0.1379, -0.000238511, 99999.9, -0.482907
0.0225, 1.33278, 111.852, 149965, 0.1379, -0.000238511, 99999.9, -0.477907
0.0275, 1.33281, 111.846, 149968, 0.1379, -0.000238511, 99999.9, -0.472907
0.0325, 1.33285, 111.839, 149972, 0.1379, -0.000238511, 99999.9, -0.467907
0.0375, 1.33288, 111.831, 149976, 0.1379, -0.000238511, 99999.9, -0.462906
0.0425, 1.3329, 111.825, 149980, 0.1379, -0.000238511, 99999.9, -0.457906
0.0475, 1.3329, 111.822, 149982, 0.1379, -0.000238511, 99999.9, -0.452906
0.0525, 1.33289, 111.82, 149983, 0.1379, -0.000238511, 99999.9, -0.447906
0.0575, 1.33287, 111.819, 149983, 0.1379, -0.000238511, 99999.9, -0.442906
0.0625, 1.3328, 111.819, 149983, 0.1379, -0.000238511, 99999.9, -0.437906
0.0675, 1.33264, 111.821, 149982, 0.1379, -0.000238511, 99999.9, -0.432906
0.0725, 1.3322, 111.822, 149982, 0.1379, -0.000238511, 99999.9, -0.427906
0.0775, 1.33141, 111.821, 149983, 0.1379, -0.000238511, 99999.9, -0.422906
0.0825, 1.33055, 111.82, 149983, 0.1379, -0.000238511, 99999.9, -0.417906
0.0875, 1.3299, 111.818, 149984, 0.1379, -0.000238511, 99999.9, -0.412906
0.0925, 1.32952, 111.815, 149986, 0.1379, -0.000238511, 99999.9, -0.407906
0.0975, 1.32936, 111.81, 149987, 0.1379, -0.000238511, 99999.9, -0.402906
0.1025, 1.32933, 111.807, 149988, 0.1379, -0.000238511, 99999.9, -0.397906
0.1075, 1.32946, 111.803, 149991, 0.1379, -0.000238511, 99999.9, -0.392906
0.1125, 1.32998, 111.8, 149992, 0.1379, -0.000238511, 99999.9, -0.387906
0.1175, 1.33094, 111.8, 149992, 0.1379, -0.000238511, 99999.9, -0.382906
0.1225, 1.3319, 111.801, 149991, 0.1379, -0.000238511, 99999.9, -0.377906
0.1275, 1.33262, 111.804, 149991, 0.1379, -0.000238511, 99999.9, -0.372906
0.1325, 1.3331, 111.808, 149990, 0.1379, -0.000238511, 99999.9, -0.367906
0.1375, 1.3334, 111.812, 149990, 0.1379, -0.000238511, 99999.9, -0.362906
0.1425, 1.33356, 111.815, 149990, 0.1379, -0.000238511, 99999.9, -0.357906
0.1475, 1.33362, 111.817, 149990, 0.1379, -0.000238511, 99999.9, -0.352906
0.1525, 1.33364, 111.816, 149990, 0.1379, -0.000238511, 99999.9, -0.347906
0.1575, 1.33361, 111.809, 149989, 0.1379, -0.000238511, 99999.9, -0.342906
0.1625, 1.33343, 111.789, 149983, 0.1379, -0.000238511, 99999.9, -0.337906
0.1675, 1.33286, 111.731, 149954, 0.1379, -0.000238511, 99999.9, -0.332906
0.1725, 1.33155, 111.525, 149843, 0.1379, -0.000238511, 99999.9, -0.327905
0.1775, 1.32873, 110.81, 149462, 0.1379, -0.000238511, 99999.9, -0.322901
0.1825, 1.31975, 107.906, 147955, 0.1379, -0.000238511, 99999.9, -0.317884
0.1875, 1.2821, 96.4938, 142045, 0.1379, -0.000238511, 99999.9, -0.312826
0.1925, 1.19988, 70.7857, 129523, 0.1379, -0.000238511, 99999.9, -0.307721
0.1975, 1.11501, 42.0633, 116757, 0.1379, -0.000238511, 99999.9, -0.302625
0.2025, 1.05895, 21.898, 108459, 0.1379, -0.000238511, 99999.9, -0.297563
0.2075, 1.02789, 10.4184, 103957, 0.1379, -0.000238511, 99999.9, -0.292529
0.2125, 1.0125, 4.67837, 101762, 0.1379, -0.000238511, 99999.9, -0.287513
0.2175, 1.0054, 2.02249, 100759, 0.1379, -0.000238511, 99999.9, -0.282506
0.2225, 1.00227, 0.849388, 100318, 0.1379, -0.000238511, 99999.9, -0.277502
0.2275, 1.00093, 0.347626, 100130, 0.1379, -0.000238511, 99999.9, -0.272501
0.2325, 1.00037, 0.138687, 100052, 0.1379, -0.000238511, 99999.9, -0.2675
0.2375, 1.00014, 0.0538893, 100020, 0.1379, -0.000238511, 99999.9, -0.2625
0.2425, 1.00005, 0.0203694, 100008, 0.1379, -0.000238511, 99999.9, -0.2575
0.2475, 1.00002, 0.00748004, 100003, 0.1379, -0.000238511, 99999.9, -0.2525
0.2525, 1.00001, 0.00266534, 100001, 0.1379, -0.000238511, 99999.9, -0.2475
0.2575, 1, 0.000920558, 100000, 0.1379, -0.000238511, 99999.9, -0.2425
0.2625, 1, 0.000307873, 100000, 0.1379, -0.000238511, 99999.9, -0.2375
0.2675, 1, 9.96166e-05, 100000, 0.1379, -0.000238511, 99999.9, -0.2325
0.2725, 1, 3.1159e-05, 100000, 0.1379, -0.000238511, 99999.9, -0.2275
0.2775, 1, 9.41467e-06, 100000, 0.1379, -0.000238511, 99999.9, -0.2225
0.2825, 1, 2.74598e-06, 100000, 0.1379, -0.000238511, 99999.9, -0.2175
0.2875, 1, 7.72632e-07, 100000, 0.1379, -0.000238511, 99999.9, -0.2125
0.2925, 1, 2.09581e-07, 100000, 0.1379, -0.000238511, 99999.9, -0.2075
0.2975, 1, 5.47702e-08, 100000, 0.1379, -0.000238511, 99999.9, -0.2025
0.3025, 1, 1.37811e-08, 100000, 0.1379, -0.000238511, 99999.9, -0.1975
0.3075, 1, 3.3531e-09, 100000, 0.1379, -0.000238511, 99999.9, -0.1925
0.3125, 1, 8.62389e-10, 100000, 0.1379, -0.000238511, 99999.9, -0.1875
0.3175, 1, 4.03209e-10, 100000, 0.1379, -0.000238511, 99999.9, -0.1825
0.3225, 1, 5.5586e-10, 100000, 0.1379, -0.000238511, 99999.9, -0.1775
0.3275, 1, 1.35592e-09, 100000, 0.1379, -0.000238511, 99999.9, -0.1725
0.3325, 1, 3.67855e-09, 100000, 0.1379, -0.000238511, 99999.9, -0.1675
0.3375, 1, 9.78215e-09, 100000, 0.1379, -0.000238511, 99999.9, -0.1625
0.3425, 1, 2.55003e-08, 100000, 0.1379, -0.000238511, 99999.9, -0.1575
0.3475, 1, 6.54562e-08, 100000, 0.1379, -0.000238511, 99999.9, -0.1525
0.3525, 1, 1.66316e-07, 100000, 0.1379, -0.000238511, 99999.9, -0.1475
0.3575, 1, 4.1343e-07, 100000, 0.1379, -0.000238511, 99999.9, -0.1425
0.3625, 1, 1.0389e-06, 100000, 0.1379, -0.000238511, 99999.9, -0.1375
0.3675, 1, 2.10901e-06, 100000, 0.1379, -0.000238511, 99999.9, -0.1325
0.3725, 1, 3.4034e-06, 100000, 0.1379, -0.000238511, 99999.9, -0.1275
0.3775, 1, 4.57727e-06, 100000, 0.1379, -0.000238511, 99999.9, -0.1225
0.3825, 1, 5.48257e-06, 100000, 0.1379, -0.000238511, 99999.9, -0.1175
0.3875, 1, 6.12662e-06, 100000, 0.1379, -0.000238511, 99999.9, -0.1125
0.3925, 1, 6.54917e-06, 100000, 0.1379, -0.000238511, 99999.9, -0.1075
0.3975, 1, 6.80223e-06, 100000, 0.1379, -0.000238511, 99999.9, -0.1025
0.4025, 1, 6.93668e-06, 100000, 0.1379, -0.000238511, 99999.9, -0.0975
0.4075, 1, 6.99587e-06, 100000, 0.1379, -0.000238511, 99999.9, -0.0925
0.4125, 1, 7.01324e-06, 100000, 0.1379, -0.000238511, 99999.9, -0.0875
0.4175, 1, 7.01224e-06, 100000, 0.1379, -0.000238511, 99999.9, -0.0825
0.4225, 1, 6.98828e-06, 100000, 0.1379, -0.000238511, 99999.9, -0.0775
0.4275, 1, 6.93851e-06, 100000, 0.1379, -0.000238511, 99999.9, -0.0725
0.4325, 1, 6.89018e-06, 100000, 0.1379, -0.000238511, 99999.9, -0.0675
0.4375, 1, 6.85772e-06, 100000, 0.1379, -0.000238511, 99999.9, -0.0625
0.4425, 1, 6.83862e-06, 100000, 0.1379, -0.000238511, 99999.9, -0.0575
0.4475, 1, 6.82915e-06, 100000, 0.1379, -0.000238511, 99999.9, -0.0525
0.4525, 1, 6.82581e-06, 100000, 0.1379, -0.000238511, 99999.9, -0.0475
0.4575, 1, 6.8254e-06, 100000, 0.1379, -0.000238511, 99999.9, -0.0425
0.4625, 1, 6.82699e-06, 100000, 0.1379, -0.000238511, 99999.9, -0.0375
0.4675, 1, 6.83196e-06, 100000, 0.1379, -0.000238511, 99999.9, -0.0325
0.4725, 1, 6.83791e-06, 100000, 0.1379, -0.000238511, 99999.9, -0.0275
0.4775, 1, 6.84044e-06, 100000, 0.1379, -0.000238511, 99999.9, -0.0225
0.4825, 1, 6.81981e-06, 100000, 0.1379, -0.000238511, 99999.9, -0.0175
0.4875, 1, 6.54815e-06, 100000, 0.1379, -0.000238511, 99999.9, -0.0125
0.4925, 1, 3.67815e-06, 100000, 0.1379, -0.000238511, 99999.9, -0.00749998
0.4975, 1, -4.9013e-05, 100000, 0.1379, -0.00039183, 99999.9, -0.00249998
0.5025, 1, -0.000171774, 99999.9, 0.1379, -0.000428009, 99999.9, 0.00250002
0.5075, 0.999999, -0.000238511, 99999.9, 0.1379, -0.000430157, 99999.9, 0.00750002
0.5125, 0.999999, -0.000238511, 99999.9, 0.1379, -0.000430158, 99999.9, 0.0125
0.5175, 0.999999, -0.000238511, 99999.9, 0.1379, -0.000430157, 99999.9, 0.0175
0.5225, 0.999999, -0.000238511, 99999.9, 0.1379, -0.000430156, 99999.9, 0.0225
0.5275, 0.999999, -0.000238511, 99999.9, 0.1379, -0.000430154, 99999.9, 0.0275
0.5325, 0.999999, -0.000238511, 99999.9, 0.1379, -0.000430153, 99999.9, 0.0325
0.5375, 0.999999, -0.000238511, 99999.9, 0.1379, -0.000430151, 99999.9, 0.0375
0.5425, 0.999999, -0.000238511, 99999.9, 0.1379, -0.00043015, 99999.9, 0.0425
0.5475, 0.999999, -0.000238511, 99999.9, 0.1379, -0.000430149, 99999.9, 0.0475
0.5525, 0.999999, -0.000238511, 99999.9, 0.1379, -0.000430149, 99999.9, 0.0525
0.5575, 0.999999, -0.000238511, 99999.9, 0.1379, -0.000430148, 99999.9, 0.0575
0.5625, 0.999999, -0.000238511, 99999.9, 0.1379, -0.000430148, 99999.9, 0.0625
0.5675, 0.999999, -0.000238511, 99999.9, 0.1379, -0.000430148, 99999.9, 0.0675
0.5725, 0.999999, -0.000238511, 99999.9, 0.1379, -0.000430148, 99999.9, 0.0725
0.5775, 0.999999, -0.000238511, 99999.9, 0.1379, -0.000430148, 99999.9, 0.0775
0.5825, 0.999999, -0.000238511, 99999.9, 0.1379, -0.000430149, 99999.9, 0.0825
0.5875, 0.999999, -0.000238511, 99999.9, 0.1379, -0.00043015, 99999.9, 0.0875
0.5925, 0.999999, -0.000238511, 99999.9, 0.1379, -0.000430151, 99999.9, 0.0925
0.5975, 0.999999, -0.000238511, 99999.9, 0.1379, -0.000430152, 99999.9, 0.0975
0.6025, 0.999999, -0.000238511, 99999.9, 0.1379, -0.000430154, 99999.9, 0.1025
0.6075, 0.999999, -0.000238511, 99999.9, 0.1379, -0.000430156, 99999.9, 0.1075
0.6125, 0.999999, -0.000238511, 99999.9, 0.1379, -0.000430159, 99999.9, 0.1125
0.6175, 0.999999, -0.000238511, 99999.9, 0.1379, -0.000430163, 99999.9, 0.1175
0.6225, 0.999999, -0.000238511, 99999.9, 0.1379, -0.000430168, 99999.9, 0.1225
0.6275, 0.999999, -0.000238511, 99999.9, 0.1379, -0.000430173, 99999.9, 0.1275
0.6325, 0.999999, -0.000238511, 99999.9, 0.1379, -0.000430177, 99999.9, 0.1325
0.6375, 0.999999, -0.000238511, 99999.9, 0.1379, -0.000430182, 99999.9, 0.1375
0.6425, 0.999999, -0.000238511, 99999.9, 0.1379, -0.000430185, 99999.9, 0.1425
0.6475, 0.999999, -0.000238511, 99999.9, 0.1379, -0.000430187, 99999.9, 0.1475
0.6525, 0.999999, -0.000238511, 99999.9, 0.1379, -0.000430187, 99999.9, 0.1525
0.6575, 0.999999, -0.000238511, 99999.9, 0.1379, -0.000430187, 99999.9, 0.1575
0.6625, 0.999999, -0.000238511, 99999.9, 0.1379, -0.000430187, 99999.9, 0.1625
0.6675, 0.999999, -0.000238511, 99999.9, 0.1379, -0.000430183, 99999.9, 0.1675
0.6725, 0.999999, -0.000238511, 99999.9, 0.1379, -0.000430175, 99999.9, 0.1725
0.6775, 0.999999, -0.000238511, 99999.9, 0.1379, -0.000430165, 99999.9, 0.1775
0.6825, 0.999999, -0.000238511, 99999.9, 0.1379, -0.000430152, 99999.9, 0.1825
0.6875, 0.999999, -0.000238511, 99999.9, 0.1379, -0.000430134, 99999.9, 0.1875
0.6925, 0.999999, -0.000238511, 99999.9, 0.1379, -0.000430113, 99999.9, 0.1925
0.6975, 0.999999, -0.000238511, 99999.9, 0.1379, -0.000430089, 99999.9, 0.1975
0.7025, 0.999999, -0.000238511, 99999.9, 0.1379, -0.000430064, 99999.9, 0.2025
0.7075, 0.999999, -0.000238511, 99999.9, 0.1379, -0.000430041, 99999.9, 0.2075
0.7125, 0.999999, -0.000238511, 99999.9, 0.1379, -0.000430019, 99999.9, 0.2125
0.7175, 0.999999, -0.000238511, 99999.9, 0.1379, -0.000429998, 99999.9, 0.2175
0.7225, 0.999999, -0.000238511, 99999.9, 0.1379, -0.000429978, 99999.9, 0.2225
0.7275, 0.999999, -0.000238511, 99999.9, 0.1379, -0.000429956, 99999.9, 0.2275
0.7325, 0.999999, -0.000238511, 99999.9, 0.1379, -0.000429931, 99999.9, 0.2325
0.7375, 0.999999, -0.000238511, 99999.9, 0.1379, -0.000429899, 99999.9, 0.2375
0.7425, 0.999999, -0.000238511, 99999.9, 0.1379, -0.000429864, 99999.9, 0.2425
0.7475, 0.999999, -0.000238511, 99999.9, 0.1379, -0.000429834, 99999.9, 0.2475
0.7525, 0.999999, -0.000238511, 99999.9, 0.1379, -0.000429811, 99999.9, 0.2525
0.7575, 0.999999, -0.000238511, 99999.9, 0.1379, -0.000429797, 99999.9, 0.2575
0.7625, 0.999999, -0.000238511, 99999.9, 0.1379, -0.000429792, 99999.9, 0.2625
0.7675, 0.999999, -0.000238511, 99999.9, 0.1379, -0.000429792, 99999.9, 0.2675
0.7725, 0.999999, -0.000238511, 99999.9, 0.1379, -0.000429802, 99999.9, 0.2725
0.7775, 0.999999, -0.000238511, 99999.9, 0.1379, -0.000429852, 99999.9, 0.2775
0.7825, 0.999999, -0.000238511, 99999.9, 0.1379, -0.000429932, 99999.9, 0.2825
0.7875, 0.999999, -0.000238511, 99999.9, 0.1379, -0.000429999, 99999.9, 0.2875
0.7925, 0.999999, -0.000238511, 99999.9, 0.1379, -0.000430044, 99999.9, 0.2925
0.7975, 0.999999, -0.000238511, 99999.9, 0.1379, -0.000430068, 99999.9, 0.2975
0.8025, 0.999999, -0.000238511, 99999.9, 0.1379, -0.000430076, 99999.9, 0.3025
0.8075, 0.999999, -0.000238511, 99999.9, 0.1379, -0.000430075, 99999.9, 0.3075
0.8125, 0.999999, -0.000238511, 99999.9, 0.1379, -0.00043005, 99999.9, 0.3125
0.8175, 0.999999, -0.000238511, 99999.9, 0.1379, -0.000429943, 99999.9, 0.3175
0.8225, 0.999999, -0.000238511, 99999.9, 0.1379, -0.000429592, 99999.9, 0.3225
0.8275, 0.999999, -0.000238511, 99999.9, 0.1379, -0.000428551, 99999.9, 0.3275
0.8325, 0.999999, -0.000238511, 99999.9, 0.1379, -0.000425556, 99999.9, 0.3325
0.8375, 0.999999, -0.000238511, 99999.9, 0.1379, -0.000416785, 99999.9, 0.3375
0.8425, 0.999999, -0.000238511, 99999.9, 0.1379, -0.000388656, 99999.9, 0.3425
0.8475, 0.999999, -0.000238511, 99999.9, 0.1379, -0.000316207, 100000, 0.3475
0.8525, 0.999999, -0.000238511, 99999.9, 0.1379, -0.0002241, 100000, 0.3525
0.8575, 0.999999, -0.000238511, 99999.9, 0.1379, -0.000144563, 100000, 0.3575
0.8625, 0.999999, -0.000238511, 99999.9, 0.1379, -8.53189e-05, 100000, 0.3625
0.8675, 0.999999, -0.000238511, 99999.9, 0.1379, -4.59602e-05, 100000, 0.3675
0.8725, 0.999999, -0.000238511, 99999.9, 0.1379, -2.25361e-05, 100000, 0.3725
0.8775, 0.999999, -0.000238511, 99999.9, 0.1379, -1.00258e-05, 100000, 0.3775
0.8825, 0.999999, -0.000238511, 99999.9, 0.1379, -4.03075e-06, 100000, 0.3825
0.8875, 0.999999, -0.000238511, 99999.9, 0.1379, -1.45745e-06, 100000, 0.3875
0.8925, 0.999999, -0.000238511, 99999.9, 0.1379, -4.71176e-07, 100000, 0.3925
0.8975, 0.999999, -0.000238511, 99999.9, 0.1379, -1.35203e-07, 100000, 0.3975
0.9025, 0.999999, -0.000238511, 99999.9, 0.1379, -3.41232e-08, 100000, 0.4025
0.9075, 0.999999, -0.000238511, 99999.9, 0.1379, -7.48758e-09, 100000, 0.4075
0.9125, 0.999999, -0.000238511, 99999.9, 0.1379, -1.40753e-09, 100000, 0.4125
0.9175, 0.999999, -0.000238511, 99999.9, 0.1379, -2.22008e-10, 100000, 0.4175
0.9225, 0.999999, -0.000238511, 99999.9, 0.1379, -2.84606e-11, 100000, 0.4225
0.9275, 0.999999, -0.000238511, 99999.9, 0.1379, -2.99181e-12, 100000, 0.4275
0.9325, 0.999999, -0.000238511, 99999.9, 0.1379, -2.30139e-13, 100000, 0.4325
0.9375, 0.999999, -0.000238511, 99999.9, 0.1379, -7.67131e-14, 100000, 0.4375
0.9425, 0.999999, -0.000238511, 99999.9, 0.1379, -2.30139e-13, 100000, 0.4425
0.9475, 0.999999, -0.000238511, 99999.9, 0.1379, 7.67131e-14, 100000, 0.4475
0.9525, 0.999999, -0.000238511, 99999.9, 0.1379, 0, 100000, 0.4525
0.9575, 0.999999, -0.000238511, 99999.9, 0.1379, 0, 100000, 0.4575
0.9625, 0.999999, -0.000238511, 99999.9, 0.1379, 0, 100000, 0.4625
0.9675, 0.999999, -0.000238511, 99999.9, 0.1379, 0, 100000, 0.4675
0.9725, 0.999999, -0.000238511, 99999.9, 0.1379, 0, 100000, 0.4725
0.9775, 0.999999, -0.000238511, 99999.9, 0.1379, 0, 100000, 0.4775
0.9825, 0.999999, -0.000238511, 99999.9, 0.1379, 0, 100000, 0.4825
0.9875, 0.999999, -0.000238511, 99999.9, 0.1379, 0, 100000, 0.4875
0.9925, 0.999999, -0.000238511, 99999.9, 0.1379, 0, 100000, 0.4925
0.9975, 0.999999, -0.000238511, 99999.9, 0.1379, 0, 100000, 0.4975
