0.0025, 1.33246, 111.948, 149915, 0.1379, -0.00023846, 99999.9, -0.4975
0.0075, 1.33218, 112.03, 149871, 0.1379, -0.00023846, 99999.9, -0.492907
0.0125, 1.33193, 112.103, 149833, 0.1379, -0.00023846, 99999.9, -0.487907
0.0175, 1.33185, 112.128, 149819, 0.1379, -0.00023846, 99999.9, -0.482908
0.0225, 1.33185, 112.131, 149818, 0.1379, -0.00023846, 99999.9, -0.477908
0.0275, 1.33194, 112.111, 149828, 0.1379, -0.00023846, 99999.9, -0.472908
0.0325, 1.33222, 112.043, 149864, 0.1379, -0.00023846, 99999.9, -0.467907
0.0375, 1.33251, 111.953, 149911, 0.1379, -0.00023846, 99999.9, -0.462907
0.0425, 1.33261, 111.89, 149946, 0.1379, -0.00023846, 99999.9, -0.457907
0.0475, 1.33258, 111.859, 149965, 0.1379, -0.00023846, 99999.9, -0.452907
0.0525, 1.33247, 111.847, 149972, 0.1379, -0.00023846, 99999.9, -0.447907
0.0575, 1.33212, 111.849, 149969, 0.1379, -0.00023846, 99999.9, -0.442907
0.0625, 1.33126, 111.86, 149960, 0.1379, -0.00023846, 99999.9, -0.437907
0.0675, 1.32999, 111.869, 149958, 0.1379, -0.00023846, 99999.9, -0.432907
0.0725, 1.32885, 111.87, 149964, 0.1379, -0.00023846, 99999.9, -0.427907
0.0775, 1.32824, 111.863, 149975, 0.1379, -0.00023846, 99999.9, -0.422907
0.0825, 1.32806, 111.848, 149983, 0.1379, -0.00023846, 99999.9, -0.417907
0.0875, 1.32837, 111.81, 149979, 0.1379, -0.00023846, 99999.9, -0.412906
0.0925, 1.32889, 111.728, 149924, 0.1379, -0.00023846, 99999.9, -0.407906
0.0975, 1.32928, 111.384, 149734, 0.1379, -0.00023846, 99999.9, -0.402904
0.1025, 1.32745, 110.094, 149071, 0.1379, -0.00023846, 99999.9, -0.397896
0.1075, 1.30844, 104.016, 145890, 0.1379, -0.00023846, 99999.9, -0.392862
0.1125, 1.24314, 84.4611, 136013, 0.1379, -0.00023846, 99999.9, -0.387772
0.1175, 1.14644, 53.0677, 121498, 0.1379, -0.00023846, 99999.9, -0.382658
0.1225, 1.07363, 27.351, 110646, 0.1379, -0.00023846, 99999.9, -0.377577
0.1275, 1.03265, 12.2255, 104653, 0.1379, -0.00023846, 99999.9, -0.372533
0.1325, 1.01313, 4.92262, 101854, 0.1379, -0.00023846, 99999.9, -0.367513
0.1375, 1.00488, 1.82879, 100686, 0.1379, -0.00023846, 99999.9, -0.362505
0.1425, 1.00169, 0.633413, 100237, 0.1379, -0.00023846, 99999.9, -0.357502
0.1475, 1.00055, 0.205022, 100077, 0.1379, -0.00023846, 99999.9, -0.3525
0.1525, 1.00017, 0.0619409, 100023, 0.1379, -0.00023846, 99999.9, -0.3475
0.1575, 1.00005, 0.0174228, 100007, 0.1379, -0.00023846, 99999.9, -0.3425
0.1625, 1.00001, 0.00454912, 100002, 0.1379, -0.00023846, 99999.9, -0.3375
0.1675, 1, 0.00109911, 100000, 0.1379, -0.00023846, 99999.9, -0.3325
0.1725, 1, 0.000244925, 100000, 0.1379, -0.00023846, 99999.9, -0.3275
0.1775, 1, 5.01614e-05, 100000, 0.1379, -0.00023846, 99999.9, -0.3225
0.1825, 1, 9.40549e-06, 100000, 0.1379, -0.00023846, 99999.9, -0.3175
0.1875, 1, 1.60768e-06, 100000, 0.1379, -0.00023846, 99999.9, -0.3125
0.1925, 1, 2.49284e-07, 100000, 0.1379, -0.00023846, 99999.9, -0.3075
0.1975, 1, 3.48658e-08, 100000, 0.1379, -0.00023846, 99999.9, -0.3025
0.2025, 1, 4.36925e-09, 100000, 0.1379, -0.00023846, 99999.9, -0.2975
0.2075, 1, 4.86654e-10, 100000, 0.1379, -0.00023846, 99999.9, -0.2925
0.2125, 1, 4.76995e-11, 100000, 0.1379, -0.00023846, 99999.9, -0.2875
0.2175, 1, 4.06224e-12, 100000, 0.1379, -0.00023846, 99999.9, -0.2825
0.2225, 1, 3.06783e-13, 100000, 0.1379, -0.00023846, 99999.9, -0.2775
0.2275, 1, 0, 100000, 0.1379, -0.00023846, 99999.9, -0.2725
0.2325, 1, 0, 100000, 0.1379, -0.00023846, 99999.9, -0.2675
0.2375, 1, 0, 100000, 0.1379, -0.00023846, 99999.9, -0.2625
0.2425, 1, 0, 100000, 0.1379, -0.00023846, 99999.9, -0.2575
0.2475, 1, 0, 100000, 0.1379, -0.00023846, 99999.9, -0.2525
0.2525, 1, 0, 100000, 0.1379, -0.00023846, 99999.9, -0.2475
0.2575, 1, 0, 100000, 0.1379, -0.00023846, 99999.9, -0.2425
0.2625, 1, 0, 100000, 0.1379, -0.00023846, 99999.9, -0.2375
0.2675, 1, 0, 100000, 0.1379, -0.00023846, 99999.9, -0.2325
0.2725, 1, 0, 100000, 0.1379, -0.00023846, 99999.9, -0.2275
0.2775, 1, 0, 100000, 0.1379, -0.00023846, 99999.9, -0.2225
0.2825, 1, 0, 100000, 0.1379, -0.00023846, 99999.9, -0.2175
0.2875, 1, 0, 100000, 0.1379, -0.00023846, 99999.9, -0.2125
0.2925, 1, 0, 100000, 0.1379, -0.00023846, 99999.9, -0.2075
0.2975, 1, 0, 100000, 0.1379, -0.00023846, 99999.9, -0.2025
0.3025, 1, 0, 100000, 0.1379, -0.00023846, 99999.9, -0.1975
0.3075, 1, 0, 100000, 0.1379, -0.00023846, 99999.9, -0.1925
0.3125, 1, 0, 100000, 0.1379, -0.00023846, 99999.9, -0.1875
0.3175, 1, 0, 100000, 0.1379, -0.00023846, 99999.9, -0.1825
0.3225, 1, 0, 100000, 0.1379, -0.00023846, 99999.9, -0.1775
0.3275, 1, 0, 100000, 0.1379, -0.00023846, 99999.9, -0.1725
0.3325, 1, 0, 100000, 0.1379, -0.00023846, 99999.9, -0.1675
0.3375, 1, 0, 100000, 0.1379, -0.00023846, 99999.9, -0.1625
0.3425, 1, 0, 100000, 0.1379, -0.00023846, 99999.9, -0.1575
0.3475, 1, 0, 100000, 0.1379, -0.00023846, 99999.9, -0.1525
0.3525, 1, 0, 100000, 0.1379, -0.00023846, 99999.9, -0.1475
0.3575, 1, 0, 100000, 0.1379, -0.00023846, 99999.9, -0.1425
0.3625, 1, 0, 100000, 0.1379, -0.00023846, 99999.9, -0.1375
0.3675, 1, 1.05787e-13, 100000, 0.1379, -0.00023846, 99999.9, -0.1325
0.3725, 1, 5.28937e-13, 100000, 0.1379, -0.00023846, 99999.9, -0.1275
0.3775, 1, 2.56005e-12, 100000, 0.1379, -0.00023846, 99999.9, -0.1225
0.3825, 1, 1.13616e-11, 100000, 0.1379, -0.00023846, 99999.9, -0.1175
0.3875, 1, 4.6885e-11, 100000, 0.1379, -0.00023846, 99999.9, -0.1125
0.3925, 1, 1.81626e-10, 100000, 0.1379, -0.00023846, 99999.9, -0.1075
0.3975, 1, 6.63075e-10, 100000, 0.1379, -0.00023846, 99999.9, -0.1025
0.4025, 1, 2.28886e-09, 100000, 0.1379, -0.00023846, 99999.9, -0.0975
0.4075, 1, 7.49509e-09, 100000, 0.1379, -0.00023846, 99999.9, -0.0925
0.4125, 1, 2.33747e-08, 100000, 0.1379, -0.00023846, 99999.9, -0.0875
0.4175, 1, 6.96396e-08, 100000, 0.1379, -0.00023846, 99999.9, -0.0825
0.4225, 1, 1.99709e-07, 100000, 0.1379, -0.00023846, 99999.9, -0.0775
0.4275, 1, 5.45751e-07, 100000, 0.1379, -0.00023846, 99999.9, -0.0725
0.4325, 1, 1.4728e-06, 100000, 0.1379, -0.00023846, 99999.9, -0.0675
0.4375, 1, 2.97811e-06, 100000, 0.1379, -0.00023846, 99999.9, -0.0625
0.4425, 1, 4.53224e-06, 100000, 0.1379, -0.00023846, 99999.9, -0.0575
0.4475, 1, 5.71682e-06, 100000, 0.1379, -0.00023846, 99999.9, -0.0525
0.4525, 1, 6.47749e-06, 100000, 0.1379, -0.00023846, 99999.9, -0.0475
0.4575, 1, 6.90202e-06, 100000, 0.1379, -0.00023846, 99999.9, -0.0425
0.4625, 1, 7.09212e-06, 100000, 0.1379, -0.00023846, 99999.9, -0.0375
0.4675, 1, 7.14513e-06, 100000, 0.1379, -0.00023846, 99999.9, -0.0325
0.4725, 1, 7.14148e-06, 100000, 0.1379, -0.00023846, 99999.9, -0.0275
0.4775, 1, 7.10047e-06, 100000, 0.1379, -0.00023846, 99999.9, -0.0225
0.4825, 1, 7.01076e-06, 100000, 0.1379, -0.00023846, 99999.9, -0.0175
0.4875, 1, 6.64407e-06, 100000, 0.1379, -0.00023846, 99999.9, -0.0125
0.4925, 1, 3.71632e-06, 100000, 0.1379, -0.00023846, 99999.9, -0.00749999
0.4975, 1, -4.89801e-05, 100000, 0.1379, -0.000391779, 99999.9, -0.00249999
0.5025, 1, -0.000171721, 99999.9, 0.1379, -0.000427955, 99999.9, 0.00250001
0.5075, 0.999999, -0.00023846, 99999.9, 0.1379, -0.000430078, 99999.9, 0.00750001
0.5125, 0.999999, -0.00023846, 99999.9, 0.1379, -0.000430055, 99999.9, 0.0125
0.5175, 0.999999, -0.00023846, 99999.9, 0.1379, -0.00043003, 99999.9, 0.0175
0.5225, 0.999999, -0.00023846, 99999.9, 0.1379, -0.000430008, 99999.9, 0.0225
0.5275, 0.999999, -0.00023846, 99999.9, 0.1379, -0.000429987, 99999.9, 0.0275
0.5325, 0.999999, -0.00023846, 99999.9, 0.1379, -0.000429967, 99999.9, 0.0325
0.5375, 0.999999, -0.00023846, 99999.9, 0.1379, -0.000429947, 99999.9, 0.0375
0.5425, 0.999999, -0.00023846, 99999.9, 0.1379, -0.000429924, 99999.9, 0.0425
0.5475, 0.999999, -0.00023846, 99999.9, 0.1379, -0.000429897, 99999.9, 0.0475
0.5525, 0.999999, -0.00023846, 99999.9, 0.1379, -0.000429863, 99999.9, 0.0525
0.5575, 0.999999, -0.00023846, 99999.9, 0.1379, -0.000429827, 99999.9, 0.0575
0.5625, 0.999999, -0.00023846, 99999.9, 0.1379, -0.000429798, 99999.9, 0.0625
0.5675, 0.999999, -0.00023846, 99999.9, 0.1379, -0.000429781, 99999.9, 0.0675
0.5725, 0.999999, -0.00023846, 99999.9, 0.1379, -0.000429775, 99999.9, 0.0725
0.5775, 0.999999, -0.00023846, 99999.9, 0.1379, -0.000429778, 99999.9, 0.0775
0.5825, 0.999999, -0.00023846, 99999.9, 0.1379, -0.000429804, 99999.9, 0.0825
0.5875, 0.999999, -0.00023846, 99999.9, 0.1379, -0.000429869, 99999.9, 0.0875
0.5925, 0.999999, -0.00023846, 99999.9, 0.1379, -0.000429947, 99999.9, 0.0925
0.5975, 0.999999, -0.00023846, 99999.9, 0.1379, -0.000430022, 99999.9, 0.0975
0.6025, 0.999999, -0.00023846, 99999.9, 0.1379, -0.000430077, 99999.9, 0.1025
0.6075, 0.999999, -0.00023846, 99999.9, 0.1379, -0.000430104, 99999.9, 0.1075
0.6125, 0.999999, -0.00023846, 99999.9, 0.1379, -0.000430109, 99999.9, 0.1125
0.6175, 0.999999, -0.00023846, 99999.9, 0.1379, -0.000430089, 99999.9, 0.1175
0.6225, 0.999999, -0.00023846, 99999.9, 0.1379, -0.000429976, 99999.9, 0.1225
0.6275, 0.999999, -0.00023846, 99999.9, 0.1379, -0.000429626, 99999.9, 0.1275
0.6325, 0.999999, -0.00023846, 99999.9, 0.1379, -0.00042889, 99999.9, 0.1325
0.6375, 0.999999, -0.00023846, 99999.9, 0.1379, -0.000427447, 99999.9, 0.1375
0.6425, 0.999999, -0.00023846, 99999.9, 0.1379, -0.000424201, 99999.9, 0.1425
0.6475, 0.999999, -0.00023846, 99999.9, 0.1379, -0.000415837, 99999.9, 0.1475
0.6525, 0.999999, -0.00023846, 99999.9, 0.1379, -0.000389913, 99999.9, 0.1525
0.6575, 0.999999, -0.00023846, 99999.9, 0.1379, -0.000311143, 100000, 0.1575
0.6625, 0.999999, -0.00023846, 99999.9, 0.1379, -0.000198084, 100000, 0.1625
0.6675, 0.999999, -0.00023846, 99999.9, 0.1379, -0.000105793, 100000, 0.1675
0.6725, 0.999999, -0.00023846, 99999.9, 0.1379, -4.72654e-05, 100000, 0.1725
0.6775, 0.999999, -0.00023846, 99999.9, 0.1379, -1.73229e-05, 100000, 0.1775
0.6825, 0.999999, -0.00023846, 99999.9, 0.1379, -5.07297e-06, 100000, 0.1825
0.6875, 0.999999, -0.00023846, 99999.9, 0.1379, -1.14193e-06, 100000, 0.1875
0.6925, 0.999999, -0.00023846, 99999.9, 0.1379, -1.85627e-07, 100000, 0.1925
0.6975, 0.999999, -0.00023846, 99999.9, 0.1379, -1.94073e-08, 100000, 0.1975
0.7025, 0.999999, -0.00023846, 99999.9, 0.1379, -9.8047e-10, 100000, 0.2025
0.7075, 0.999999, -0.00023846, 99999.9, 0.1379, 7.67131e-14, 100000, 0.2075
0.7125, 0.999999, -0.00023846, 99999.9, 0.1379, 0, 100000, 0.2125
0.7175, 0.999999, -0.00023846, 99999.9, 0.1379, 0, 100000, 0.2175
0.7225, 0.999999, -0.00023846, 99999.9, 0.1379, 0, 100000, 0.2225
0.7275, 0.999999, -0.00023846, 99999.9, 0.1379, 0, 100000, 0.2275
0.7325, 0.999999, -0.00023846, 99999.9, 0.1379, 0, 100000, 0.2325
0.7375, 0.999999, -0.00023846, 99999.9, 0.1379, 0, 100000, 0.2375
0.7425, 0.999999, -0.00023846, 99999.9, 0.1379, 0, 100000, 0.2425
0.7475, 0.999999, -0.00023846, 99999.9, 0.1379, 0, 100000, 0.2475
0.7525, 0.999999, -0.00023846, 99999.9, 0.1379, 0, 100000, 0.2525
0.7575, 0.999999, -0.00023846, 99999.9, 0.1379, 0, 100000, 0.2575
0.7625, 0.999999, -0.00023846, 99999.9, 0.1379, 0, 100000, 0.2625
0.7675, 0.999999, -0.00023846, 99999.9, 0.1379, 0, 100000, 0.2675
0.7725, 0.999999, -0.00023846, 99999.9, 0.1379, 0, 100000, 0.2725
0.7775, 0.999999, -0.00023846, 99999.9, 0.1379, 0, 100000, 0.2775
0.7825, 0.999999, -0.00023846, 99999.9, 0.1379, 0, 100000, 0.2825
0.7875, 0.999999, -0.00023846, 99999.9, 0.1379, 0, 100000, 0.2875
0.7925, 0.999999, -0.00023846, 99999.9, 0.1379, 0, 100000, 0.2925
0.7975, 0.999999, -0.00023846, 99999.9, 0.1379, 0, 100000, 0.2975
0.8025, 0.999999, -0.00023846, 99999.9, 0.1379, 0, 100000, 0.3025
0.8075, 0.999999, -0.00023846, 99999.9, 0.1379, 0, 100000, 0.3075
0.8125, 0.999999, -0.00023846, 99999.9, 0.1379, 0, 100000, 0.3125
0.8175, 0.999999, -0.00023846, 99999.9, 0.1379, 0, 100000, 0.3175
0.8225, 0.999999, -0.00023846, 99999.9, 0.1379, 0, 100000, 0.3225
0.8275, 0.999999, -0.00023846, 99999.9, 0.1379, 0, 100000, 0.3275
0.8325, 0.999999, -0.00023846, 99999.9, 0.1379, 0, 100000, 0.3325
0.8375, 0.999999, -0.00023846, 99999.9, 0.1379, 0, 100000, 0.3375
0.8425, 0.999999, -0.00023846, 99999.9, 0.1379, 0, 100000, 0.3425
0.8475, 0.999999, -0.00023846, 99999.9, 0.1379, 0, 100000, 0.3475
0.8525, 0.999999, -0.00023846, 99999.9, 0.1379, 0, 100000, 0.3525
0.8575, 0.999999, -0.00023846, 99999.9, 0.1379, 0, 100000, 0.3575
0.8625, 0.999999, -0.00023846, 99999.9, 0.1379, 0, 100000, 0.3625
0.8675, 0.999999, -0.00023846, 99999.9, 0.1379, 0, 100000, 0.3675
0.8725, 0.999999, -0.00023846, 99999.9, 0.1379, 0, 100000, 0.3725
0.8775, 0.999999, -0.00023846, 99999.9, 0.1379, 0, 100000, 0.3775
0.8825, 0.999999, -0.00023846, 99999.9, 0.1379, 0, 100000, 0.3825
0.8875, 0.999999, -0.00023846, 99999.9, 0.1379, 0, 100000, 0.3875
0.8925, 0.999999, -0.00023846, 99999.9, 0.1379, 0, 100000, 0.3925
0.8975, 0.999999, -0.00023846, 99999.9, 0.1379, 0, 100000, 0.3975
0.9025, 0.999999, -0.00023846, 99999.9, 0.1379, 0, 100000, 0.4025
0.9075, 0.999999, -0.00023846, 99999.9, 0.1379, 0, 100000, 0.4075
0.9125, 0.999999, -0.00023846, 99999.9, 0.1379, 0, 100000, 0.4125
0.9175, 0.999999, -0.00023846, 99999.9, 0.1379, 0, 100000, 0.4175
0.9225, 0.999999, -0.00023846, 99999.9, 0.1379, 0, 100000, 0.4225
0.9275, 0.999999, -0.00023846, 99999.9, 0.1379, 0, 100000, 0.4275
0.9325, 0.999999, -0.00023846, 99999.9, 0.1379, 0, 100000, 0.4325
0.9375, 0.999999, -0.00023846, 99999.9, 0.1379, 0, 100000, 0.4375
0.9425, 0.999999, -0.00023846, 99999.9, 0.1379, 0, 100000, 0.4425
0.9475, 0.999999, -0.00023846, 99999.9, 0.1379, 0, 100000, 0.4475
0.9525, 0.999999, -0.00023846, 99999.9, 0.1379, 0, 100000, 0.4525
0.9575, 0.999999, -0.00023846, 99999.9, 0.1379, 0, 100000, 0.4575
0.9625, 0.999999, -0.00023846, 99999.9, 0.1379, 0, 100000, 0.4625
0.9675, 0.999999, -0.00023846, 99999.9, 0.1379, 0, 100000, 0.4675
0.9725, 0.999999, -0.00023846, 99999.9, 0.1379, 0, 100000, 0.4725
0.9775, 0.999999, -0.00023846, 99999.9, 0.1379, 0, 100000, 0.4775
0.9825, 0.999999, -0.00023846, 99999.9, 0.1379, 0, 100000, 0.4825
0.9875, 0.999999, -0.00023846, 99999.9, 0.1379, 0, 100000, 0.4875
0.9925, 0.999999, -0.00023846, 99999.9, 0.1379, 0, 100000, 0.4925
0.9975, 0.999999, -0.00023846, 99999.9, 0.1379, 0, 100000, 0.4975
