0.0025, 1.33293, 111.8, 149993, 0.158822, 159.162, 126600, -0.527731
0.0075, 1.33293, 111.8, 149993, 0.158822, 159.162, 126600, -0.523072
0.0125, 1.33293, 111.8, 149993, 0.158822, 159.162, 126600, -0.518072
0.0175, 1.33293, 111.8, 149993, 0.158822, 159.162, 126600, -0.513072
0.0225, 1.33293, 111.799, 149993, 0.158822, 159.162, 126600, -0.508072
0.0275, 1.33293, 111.798, 149994, 0.158822, 159.162, 126600, -0.503072
0.0325, 1.33294, 111.797, 149994, 0.158822, 159.162, 126600, -0.498072
0.0375, 1.33294, 111.796, 149995, 0.158822, 159.162, 126600, -0.493072
0.0425, 1.33295, 111.795, 149996, 0.158822, 159.162, 126600, -0.488072
0.0475, 1.33295, 111.794, 149996, 0.158822, 159.162, 126600, -0.483072
0.0525, 1.33295, 111.793, 149996, 0.158822, 159.162, 126600, -0.478072
0.0575, 1.33295, 111.793, 149996, 0.158822, 159.162, 126600, -0.473072
0.0625, 1.33295, 111.793, 149996, 0.158822, 159.162, 126600, -0.468072
0.0675, 1.33295, 111.794, 149996, 0.158822, 159.162, 126600, -0.463072
0.0725, 1.33294, 111.795, 149995, 0.158822, 159.162, 126600, -0.458072
0.0775, 1.33294, 111.797, 149995, 0.158822, 159.162, 126600, -0.453072
0.0825, 1.33294, 111.798, 149994, 0.158822, 159.162, 126600, -0.448072
0.0875, 1.33294, 111.799, 149993, 0.158822, 159.162, 126600, -0.443072
0.0925, 1.33294, 111.8, 149993, 0.158822, 159.162, 126600, -0.438072
0.0975, 1.33294, 111.8, 149993, 0.158822, 159.162, 126600, -0.433072
0.1025, 1.33295, 111.801, 149993, 0.158822, 159.162, 126600, -0.428072
0.1075, 1.33295, 111.8, 149993, 0.158822, 159.162, 126600, -0.423072
0.1125, 1.33296, 111.8, 149993, 0.158822, 159.162, 126600, -0.418072
0.1175, 1.33296, 111.8, 149993, 0.158822, 159.162, 126600, -0.413072
0.1225, 1.33296, 111.799, 149993, 0.158822, 159.162, 126600, -0.408072
0.1275, 1.33296, 111.798, 149994, 0.158822, 159.162, 126600, -0.403072
0.1325, 1.33296, 111.796, 149995, 0.158822, 159.162, 126600, -0.398072
0.1375, 1.33296, 111.795, 149996, 0.158822, 159.162, 126600, -0.393072
0.1425, 1.33293, 111.794, 149997, 0.158822, 159.162, 126600, -0.388072
0.1475, 1.33285, 111.792, 149997, 0.158822, 159.162, 126600, -0.383072
0.1525, 1.33264, 111.79, 149998, 0.158822, 159.162, 126600, -0.378072
0.1575, 1.33229, 111.79, 149998, 0.158822, 159.162, 126600, -0.373072
0.1625, 1.3319, 111.791, 149997, 0.158822, 159.162, 126600, -0.368072
0.1675, 1.33156, 111.791, 149997, 0.158822, 159.162, 126600, -0.363072
0.1725, 1.33127, 111.792, 149997, 0.158822, 159.162, 126600, -0.358072
0.1775, 1.33107, 111.794, 149996, 0.158822, 159.162, 126600, -0.353072
0.1825, 1.33093, 111.795, 149995, 0.158822, 159.162, 126600, -0.348072
0.1875, 1.33085, 111.796, 149995, 0.158822, 159.162, 126600, -0.343072
0.1925, 1.33082, 111.797, 149994, 0.158822, 159.162, 126600, -0.338072
0.1975, 1.33082, 111.797, 149994, 0.158822, 159.162, 126600, -0.333072
0.2025, 1.33083, 111.798, 149994, 0.158822, 159.162, 126600, -0.328072
0.2075, 1.33094, 111.798, 149994, 0.158822, 159.162, 126600, -0.323072
0.2125, 1.33121, 111.798, 149994, 0.158822, 159.162, 126600, -0.318072
0.2175, 1.33162, 111.798, 149994, 0.158822, 159.162, 126600, -0.313072
0.2225, 1.33201, 111.798, 149994, 0.158822, 159.162, 126600, -0.308072
0.2275, 1.33232, 111.798, 149994, 0.158822, 159.162, 126600, -0.303072
0.2325, 1.33256, 111.798, 149994, 0.158822, 159.162, 126600, -0.298072
0.2375, 1.33273, 111.797, 149995, 0.158822, 159.162, 126600, -0.293072
0.2425, 1.33285, 111.797, 149995, 0.158822, 159.162, 126600, -0.288072
0.2475, 1.33293, 111.796, 149995, 0.158822, 159.162, 126600, -0.283072
0.2525, 1.33297, 111.795, 149996, 0.158822, 159.162, 126600, -0.278072
0.2575, 1.33299, 111.793, 149996, 0.158822, 159.162, 126600, -0.273072
0.2625, 1.333, 111.793, 149996, 0.158822, 159.162, 126600, -0.268072
0.2675, 1.33301, 111.792, 149997, 0.158822, 159.162, 126600, -0.263072
0.2725, 1.33301, 111.792, 149997, 0.158822, 159.162, 126600, -0.258072
0.2775, 1.33301, 111.792, 149997, 0.158822, 159.162, 126600, -0.253072
0.2825, 1.33301, 111.793, 149996, 0.158822, 159.162, 126600, -0.248072
0.2875, 1.33302, 111.794, 149996, 0.158822, 159.162, 126600, -0.243072
0.2925, 1.33306, 111.795, 149995, 0.158822, 159.162, 126600, -0.238072
0.2975, 1.33313, 111.796, 149995, 0.158822, 159.162, 126600, -0.233072
0.3025, 1.33322, 111.796, 149995, 0.158822, 159.162, 126600, -0.228072
0.3075, 1.33328, 111.797, 149995, 0.158822, 159.162, 126600, -0.223072
0.3125, 1.33332, 111.797, 149995, 0.158822, 159.162, 126600, -0.218072
0.3175, 1.33335, 111.797, 149995, 0.158822, 159.162, 126600, -0.213072
0.3225, 1.33336, 111.797, 149995, 0.158822, 159.162, 126600, -0.208072
0.3275, 1.33336, 111.797, 149995, 0.158822, 159.162, 126600, -0.203072
0.3325, 1.33334, 111.797, 149995, 0.158822, 159.162, 126600, -0.198072
0.3375, 1.3333, 111.797, 149995, 0.158822, 159.162, 126600, -0.193072
0.3425, 1.33323, 111.797, 149995, 0.158822, 159.162, 126600, -0.188072
0.3475, 1.33318, 111.796, 149995, 0.158822, 159.162, 126600, -0.183072
0.3525, 1.33315, 111.795, 149995, 0.158822, 159.162, 126600, -0.178072
0.3575, 1.33314, 111.794, 149996, 0.158822, 159.162, 126600, -0.173072
0.3625, 1.33314, 111.792, 149997, 0.158822, 159.162, 126600, -0.168072
0.3675, 1.33314, 111.791, 149998, 0.158822, 159.162, 126600, -0.163072
0.3725, 1.33318, 111.789, 149999, 0.158822, 159.162, 126600, -0.158072
0.3775, 1.33327, 111.788, 149999, 0.158822, 159.162, 126600, -0.153072
0.3825, 1.33335, 111.787, 149999, 0.158822, 159.162, 126600, -0.148072
0.3875, 1.3334, 111.788, 149998, 0.158822, 159.162, 126600, -0.143072
0.3925, 1.33342, 111.792, 149997, 0.158822, 159.162, 126600, -0.138072
0.3975, 1.33342, 111.799, 149993, 0.158822, 159.162, 126600, -0.133072
0.4025, 1.33337, 111.817, 149984, 0.158822, 159.162, 126600, -0.128072
0.4075, 1.33323, 111.862, 149960, 0.158822, 159.162, 126600, -0.123072
0.4125, 1.33285, 111.973, 149901, 0.158822, 159.162, 126600, -0.118072
0.4175, 1.33191, 112.244, 149758, 0.158822, 159.162, 126600, -0.113073
0.4225, 1.32968, 112.891, 149416, 0.158822, 159.162, 126600, -0.108075
0.4275, 1.32409, 114.528, 148556, 0.158822, 159.162, 126600, -0.103079
0.4325, 1.31278, 117.883, 146804, 0.158822, 159.162, 126600, -0.0980882
0.4375, 1.2958, 122.995, 144167, 0.158822, 159.162, 126600, -0.0931031
0.4425, 1.27535, 129.264, 140993, 0.158822, 159.162, 126600, -0.0881218
0.4475, 1.25475, 135.663, 137816, 0.158822, 159.162, 126600, -0.0831415
0.4525, 1.23633, 141.443, 134994, 0.158822, 159.162, 126600, -0.0781596
0.4575, 1.22089, 146.368, 132630, 0.158822, 159.162, 126600, -0.0731751
0.4625, 1.20861, 150.353, 130745, 0.158822, 159.162, 126600, -0.0681878
0.4675, 1.19935, 153.408, 129315, 0.158822, 159.162, 126600, -0.0631975
0.4725, 1.19274, 155.62, 128285, 0.158822, 159.162, 126600, -0.0582046
0.4775, 1.18821, 157.129, 127583, 0.158822, 159.162, 126600, -0.0532095
0.4825, 1.1852, 158.098, 127132, 0.158822, 159.162, 126600, -0.0482126
0.4875, 1.18323, 158.687, 126862, 0.158822, 159.162, 126600, -0.0432145
0.4925, 1.18194, 159.028, 126715, 0.158822, 159.162, 126600, -0.0382156
0.4975, 1.1811, 159.211, 126641, 0.158822, 159.162, 126600, -0.0332163
0.5025, 1.18057, 159.295, 126607, 0.158822, 159.162, 126600, -0.0282165
0.5075, 1.18028, 159.314, 126599, 0.158822, 159.162, 126600, -0.0232166
0.5125, 1.18013, 159.282, 126600, 0.158822, 159.162, 126600, -0.0182165
0.5175, 1.18002, 159.23, 126599, 0.158822, 159.162, 126600, -0.0132163
0.5225, 1.17996, 159.191, 126597, 0.158822, 159.162, 126600, -0.0082162
0.5275, 1.17995, 159.169, 126598, 0.158822, 159.162, 126600, -0.00321615
0.5325, 1.17995, 159.163, 126600, 0.158822, 159.162, 126600, 0.00178387
0.5375, 1.17995, 159.162, 126600, 0.158822, 159.164, 126600, 0.00678386
0.5425, 1.17995, 159.162, 126600, 0.158822, 159.167, 126601, 0.0117838
0.5475, 1.17995, 159.162, 126600, 0.158822, 159.173, 126602, 0.0167838
0.5525, 1.17995, 159.162, 126600, 0.158821, 159.183, 126604, 0.0217838
0.5575, 1.17995, 159.162, 126600, 0.158823, 159.207, 126608, 0.0267836
0.5625, 1.17995, 159.162, 126600, 0.158828, 159.245, 126615, 0.0317835
0.5675, 1.17995, 159.162, 126600, 0.158833, 159.284, 126623, 0.0367834
0.5725, 1.17995, 159.162, 126600, 0.158837, 159.321, 126629, 0.0417833
0.5775, 1.17995, 159.162, 126600, 0.158842, 159.355, 126635, 0.0467832
0.5825, 1.17995, 159.162, 126600, 0.158847, 159.388, 126642, 0.0517831
0.5875, 1.17995, 159.162, 126600, 0.158852, 159.429, 126649, 0.0567829
0.5925, 1.17995, 159.162, 126600, 0.158859, 159.482, 126659, 0.0617828
0.5975, 1.17995, 159.162, 126600, 0.158867, 159.537, 126669, 0.0667826
0.6025, 1.17995, 159.162, 126600, 0.158873, 159.584, 126677, 0.0717825
0.6075, 1.17995, 159.162, 126600, 0.158878, 159.619, 126684, 0.0767824
0.6125, 1.17995, 159.162, 126600, 0.158881, 159.642, 126688, 0.0817824
0.6175, 1.17995, 159.162, 126600, 0.158882, 159.653, 126690, 0.0867824
0.6225, 1.17995, 159.162, 126600, 0.158882, 159.657, 126691, 0.0917824
0.6275, 1.17995, 159.162, 126600, 0.158882, 159.655, 126690, 0.0967824
0.6325, 1.17995, 159.162, 126600, 0.158879, 159.635, 126687, 0.101783
0.6375, 1.17995, 159.162, 126600, 0.158869, 159.567, 126674, 0.106783
0.6425, 1.17995, 159.162, 126600, 0.158856, 159.471, 126657, 0.111783
0.6475, 1.17995, 159.162, 126600, 0.158842, 159.37, 126638, 0.116784
0.6525, 1.17995, 159.162, 126600, 0.158825, 159.254, 126617, 0.121784
0.6575, 1.17995, 159.162, 126600, 0.158802, 159.088, 126586, 0.126785
0.6625, 1.17995, 159.162, 126600, 0.158764, 158.822, 126538, 0.131786
0.6675, 1.17995, 159.162, 126600, 0.158707, 158.408, 126462, 0.136788
0.6725, 1.17995, 159.162, 126600, 0.158629, 157.844, 126359, 0.141789
0.6775, 1.17995, 159.162, 126600, 0.158539, 157.188, 126239, 0.146792
0.6825, 1.17995, 159.162, 126600, 0.158446, 156.521, 126117, 0.151794
0.6875, 1.17995, 159.162, 126600, 0.158354, 155.854, 125995, 0.156796
0.6925, 1.17995, 159.162, 126600, 0.158245, 155.057, 125850, 0.161799
0.6975, 1.17995, 159.162, 126600, 0.158077, 153.836, 125627, 0.166805
0.7025, 1.17995, 159.162, 126600, 0.157811, 151.9, 125275, 0.171812
0.7075, 1.17995, 159.162, 126600, 0.157452, 149.275, 124799, 0.176821
0.7125, 1.17995, 159.162, 126600, 0.157054, 146.363, 124272, 0.18183
0.7175, 1.17995, 159.162, 126600, 0.15662, 143.2, 123702, 0.186844
0.7225, 1.17995, 159.162, 126600, 0.155931, 138.139, 122794, 0.191871
0.7275, 1.17995, 159.162, 126600, 0.15433, 126.442, 120717, 0.196939
0.7325, 1.17995, 159.162, 126600, 0.150801, 100.201, 116158, 0.202035
0.7375, 1.17995, 159.162, 126600, 0.146653, 68.6358, 110858, 0.207116
0.7425, 1.17995, 159.162, 126600, 0.143508, 44.2542, 106898, 0.21217
0.7475, 1.17995, 159.162, 126600, 0.141478, 28.3443, 104376, 0.217205
0.7525, 1.17995, 159.162, 126600, 0.140232, 18.5222, 102843, 0.222226
0.7575, 1.17995, 159.162, 126600, 0.139461, 12.4143, 101898, 0.227239
0.7625, 1.17995, 159.162, 126600, 0.138968, 8.50121, 101297, 0.232248
0.7675, 1.17995, 159.162, 126600, 0.138642, 5.91539, 100901, 0.237254
0.7725, 1.17995, 159.162, 126600, 0.138422, 4.16333, 100633, 0.242259
0.7775, 1.17995, 159.162, 126600, 0.13827, 2.95389, 100449, 0.247261
0.7825, 1.17995, 159.162, 126600, 0.138164, 2.10772, 100320, 0.252263
0.7875, 1.17995, 159.162, 126600, 0.138089, 1.50997, 100229, 0.257265
0.7925, 1.17995, 159.162, 126600, 0.138036, 1.08479, 100165, 0.262266
0.7975, 1.17995, 159.162, 126600, 0.137998, 0.780845, 100119, 0.267267
0.8025, 1.17995, 159.162, 126600, 0.137971, 0.56279, 100085, 0.272267
0.8075, 1.17995, 159.162, 126600, 0.137951, 0.405956, 100062, 0.277268
0.8125, 1.17995, 159.162, 126600, 0.137937, 0.292949, 100044, 0.282268
0.8175, 1.17995, 159.162, 126600, 0.137926, 0.211422, 100032, 0.287268
0.8225, 1.17995, 159.162, 126600, 0.137919, 0.152556, 100023, 0.292268
0.8275, 1.17995, 159.162, 126600, 0.137914, 0.110033, 100017, 0.297268
0.8325, 1.17995, 159.162, 126600, 0.13791, 0.0793066, 100012, 0.302268
0.8375, 1.17995, 159.162, 126600, 0.137907, 0.0571047, 100009, 0.307268
0.8425, 1.17995, 159.162, 126600, 0.137905, 0.0410647, 100006, 0.312268
0.8475, 1.17995, 159.162, 126600, 0.137904, 0.0294804, 100004, 0.317268
0.8525, 1.17995, 159.162, 126600, 0.137903, 0.0211183, 100003, 0.322268
0.8575, 1.17995, 159.162, 126600, 0.137902, 0.0150861, 100002, 0.327268
0.8625, 1.17995, 159.162, 126600, 0.137901, 0.0107384, 100002, 0.332269
0.8675, 1.17995, 159.162, 126600, 0.137901, 0.00760758, 100001, 0.337269
0.8725, 1.17995, 159.162, 126600, 0.137901, 0.00535524, 100001, 0.342269
0.8775, 1.17995, 159.162, 126600, 0.1379, 0.00373622, 100001, 0.347269
0.8825, 1.17995, 159.162, 126600, 0.1379, 0.00257303, 100000, 0.352269
0.8875, 1.17995, 159.162, 126600, 0.1379, 0.0017373, 100000, 0.357269
0.8925, 1.17995, 159.162, 126600, 0.1379, 0.00113636, 100000, 0.362269
0.8975, 1.17995, 159.162, 126600, 0.1379, 0.00070352, 100000, 0.367269
0.9025, 1.17995, 159.162, 126600, 0.1379, 0.000390954, 100000, 0.372269
0.9075, 1.17995, 159.162, 126600, 0.1379, 0.000164525, 100000, 0.377269
0.9125, 1.17995, 159.162, 126600, 0.1379, -4.21252e-08, 100000, 0.382269
0.9175, 1.17995, 159.162, 126600, 0.1379, -0.000119966, 100000, 0.387269
0.9225, 1.17995, 159.162, 126600, 0.1379, -0.000207469, 100000, 0.392269
0.9275, 1.17995, 159.162, 126600, 0.1379, -0.000271268, 100000, 0.397269
0.9325, 1.17995, 159.162, 126600, 0.1379, -0.00031764, 100000, 0.402269
0.9375, 1.17995, 159.162, 126600, 0.1379, -0.000351162, 99999.9, 0.407269
0.9425, 1.17995, 159.162, 126600, 0.1379, -0.000375217, 99999.9, 0.412269
0.9475, 1.17995, 159.162, 126600, 0.1379, -0.000392332, 99999.9, 0.417269
0.9525, 1.17995, 159.162, 126600, 0.1379, -0.000404396, 99999.9, 0.422269
0.9575, 1.17995, 159.162, 126600, 0.1379, -0.00041282, 99999.9, 0.427269
0.9625, 1.17995, 159.162, 126600, 0.1379, -0.000418648, 99999.9, 0.432269
0.9675, 1.17995, 159.162, 126600, 0.1379, -0.000422641, 99999.9, 0.437269
0.9725, 1.17995, 159.162, 126600, 0.1379, -0.000425348, 99999.9, 0.442269
0.9775, 1.17995, 159.162, 126600, 0.1379, -0.000427159, 99999.9, 0.447269
0.9825, 1.17995, 159.162, 126600, 0.1379, -0.000428351, 99999.9, 0.452269
0.9875, 1.17995, 159.162, 126600, 0.1379, -0.00042912, 99999.9, 0.457269
0.9925, 1.17995, 159.162, 126600, 0.1379, -0.000429607, 99999.9, 0.462269
0.9975, 1.17995, 159.162, 126600, 0.1379, -0.000429912, 99999.9, 0.467269
