0.0025, 1.33293, 111.8, 149993, 0.158833, 159.243, 126615, -0.535972
0.0075, 1.33293, 111.799, 149993, 0.158833, 159.243, 126615, -0.531313
0.0125, 1.33293, 111.798, 149994, 0.158833, 159.243, 126615, -0.526313
0.0175, 1.33294, 111.797, 149994, 0.158833, 159.243, 126615, -0.521313
0.0225, 1.33294, 111.796, 149995, 0.158833, 159.243, 126615, -0.516313
0.0275, 1.33295, 111.795, 149996, 0.158833, 159.243, 126615, -0.511313
0.0325, 1.33295, 111.794, 149996, 0.158833, 159.243, 126615, -0.506313
0.0375, 1.33295, 111.794, 149996, 0.158833, 159.243, 126615, -0.501313
0.0425, 1.33295, 111.794, 149996, 0.158833, 159.243, 126615, -0.496313
0.0475, 1.33295, 111.794, 149996, 0.158833, 159.243, 126615, -0.491313
0.0525, 1.33295, 111.794, 149996, 0.158833, 159.243, 126615, -0.486313
0.0575, 1.33294, 111.795, 149995, 0.158833, 159.243, 126615, -0.481313
0.0625, 1.33294, 111.797, 149995, 0.158833, 159.243, 126615, -0.476313
0.0675, 1.33293, 111.798, 149994, 0.158833, 159.243, 126615, -0.471313
0.0725, 1.33293, 111.799, 149993, 0.158833, 159.243, 126615, -0.466313
0.0775, 1.33293, 111.8, 149993, 0.158833, 159.243, 126615, -0.461313
0.0825, 1.33293, 111.8, 149993, 0.158833, 159.243, 126615, -0.456313
0.0875, 1.33293, 111.8, 149993, 0.158833, 159.243, 126615, -0.451313
0.0925, 1.33293, 111.8, 149993, 0.158833, 159.243, 126615, -0.446313
0.0975, 1.33294, 111.8, 149993, 0.158833, 159.243, 126615, -0.441313
0.1025, 1.33294, 111.8, 149993, 0.158833, 159.243, 126615, -0.436313
0.1075, 1.33295, 111.799, 149993, 0.158833, 159.243, 126615, -0.431313
0.1125, 1.33296, 111.798, 149994, 0.158833, 159.243, 126615, -0.426313
0.1175, 1.33297, 111.796, 149995, 0.158833, 159.243, 126615, -0.421313
0.1225, 1.33298, 111.795, 149995, 0.158833, 159.243, 126615, -0.416313
0.1275, 1.33298, 111.793, 149996, 0.158833, 159.243, 126615, -0.411313
0.1325, 1.33298, 111.792, 149997, 0.158833, 159.243, 126615, -0.406313
0.1375, 1.33298, 111.791, 149998, 0.158833, 159.243, 126615, -0.401313
0.1425, 1.33297, 111.791, 149998, 0.158833, 159.243, 126615, -0.396313
0.1475, 1.33294, 111.791, 149998, 0.158833, 159.243, 126615, -0.391313
0.1525, 1.33285, 111.791, 149998, 0.158833, 159.243, 126615, -0.386313
0.1575, 1.33264, 111.793, 149997, 0.158833, 159.243, 126615, -0.381313
0.1625, 1.3323, 111.794, 149996, 0.158833, 159.243, 126615, -0.376313
0.1675, 1.33192, 111.795, 149995, 0.158833, 159.243, 126615, -0.371313
0.1725, 1.33158, 111.796, 149995, 0.158833, 159.243, 126615, -0.366313
0.1775, 1.3313, 111.797, 149994, 0.158833, 159.243, 126615, -0.361313
0.1825, 1.3311, 111.797, 149994, 0.158833, 159.243, 126615, -0.356313
0.1875, 1.33097, 111.797, 149994, 0.158833, 159.243, 126615, -0.351313
0.1925, 1.33089, 111.798, 149994, 0.158833, 159.243, 126615, -0.346313
0.1975, 1.33086, 111.798, 149994, 0.158833, 159.243, 126615, -0.341313
0.2025, 1.33086, 111.798, 149994, 0.158833, 159.243, 126615, -0.336313
0.2075, 1.33087, 111.798, 149994, 0.158833, 159.243, 126615, -0.331313
0.2125, 1.33095, 111.798, 149994, 0.158833, 159.243, 126615, -0.326313
0.2175, 1.33119, 111.798, 149994, 0.158833, 159.243, 126615, -0.321313
0.2225, 1.33157, 111.797, 149994, 0.158833, 159.243, 126615, -0.316313
0.2275, 1.33195, 111.796, 149995, 0.158833, 159.243, 126615, -0.311313
0.2325, 1.33227, 111.795, 149995, 0.158833, 159.243, 126615, -0.306313
0.2375, 1.33252, 111.794, 149996, 0.158833, 159.243, 126615, -0.301313
0.2425, 1.3327, 111.794, 149996, 0.158833, 159.243, 126615, -0.296313
0.2475, 1.33282, 111.793, 149997, 0.158833, 159.243, 126615, -0.291313
0.2525, 1.33291, 111.793, 149997, 0.158833, 159.243, 126615, -0.286313
0.2575, 1.33296, 111.793, 149997, 0.158833, 159.243, 126615, -0.281313
0.2625, 1.33298, 111.793, 149997, 0.158833, 159.243, 126615, -0.276313
0.2675, 1.33299, 111.794, 149997, 0.158833, 159.243, 126615, -0.271313
0.2725, 1.333, 111.794, 149996, 0.158833, 159.243, 126615, -0.266313
0.2775, 1.333, 111.795, 149996, 0.158833, 159.243, 126615, -0.261313
0.2825, 1.333, 111.795, 149995, 0.158833, 159.243, 126615, -0.256313
0.2875, 1.33301, 111.796, 149995, 0.158833, 159.243, 126615, -0.251313
0.2925, 1.33302, 111.796, 149994, 0.158833, 159.243, 126615, -0.246313
0.2975, 1.33305, 111.796, 149994, 0.158833, 159.243, 126615, -0.241313
0.3025, 1.33313, 111.796, 149994, 0.158833, 159.243, 126615, -0.236313
0.3075, 1.3332, 111.796, 149994, 0.158833, 159.243, 126615, -0.231313
0.3125, 1.33327, 111.796, 149995, 0.158833, 159.243, 126615, -0.226313
0.3175, 1.33331, 111.797, 149995, 0.158833, 159.243, 126615, -0.221313
0.3225, 1.33333, 111.797, 149995, 0.158833, 159.243, 126615, -0.216313
0.3275, 1.33334, 111.796, 149995, 0.158833, 159.243, 126615, -0.211313
0.3325, 1.33334, 111.796, 149995, 0.158833, 159.243, 126615, -0.206313
0.3375, 1.33333, 111.795, 149996, 0.158833, 159.243, 126615, -0.201313
0.3425, 1.3333, 111.794, 149996, 0.158833, 159.243, 126615, -0.196313
0.3475, 1.33326, 111.792, 149997, 0.158833, 159.243, 126615, -0.191313
0.3525, 1.33321, 111.791, 149998, 0.158833, 159.243, 126615, -0.186313
0.3575, 1.33319, 111.79, 149999, 0.158833, 159.243, 126615, -0.181313
0.3625, 1.33317, 111.789, 149999, 0.158833, 159.243, 126615, -0.176313
0.3675, 1.33317, 111.788, 149999, 0.158833, 159.243, 126615, -0.171313
0.3725, 1.33318, 111.788, 149999, 0.158833, 159.243, 126615, -0.166313
0.3775, 1.3332, 111.79, 149998, 0.158833, 159.243, 126615, -0.161313
0.3825, 1.33321, 111.8, 149993, 0.158833, 159.243, 126615, -0.156313
0.3875, 1.33318, 111.821, 149981, 0.158833, 159.243, 126615, -0.151313
0.3925, 1.33307, 111.869, 149956, 0.158833, 159.243, 126615, -0.146313
0.3975, 1.33274, 111.982, 149896, 0.158833, 159.243, 126615, -0.141313
0.4025, 1.33187, 112.256, 149751, 0.158833, 159.243, 126615, -0.136314
0.4075, 1.32974, 112.9, 149411, 0.158833, 159.243, 126615, -0.131316
0.4125, 1.32429, 114.538, 148550, 0.158833, 159.243, 126615, -0.12632
0.4175, 1.31383, 117.679, 146909, 0.158833, 159.243, 126615, -0.121329
0.4225, 1.29848, 122.307, 144519, 0.158833, 159.243, 126615, -0.116342
0.4275, 1.27986, 127.987, 141633, 0.158833, 159.243, 126615, -0.111359
0.4325, 1.26065, 133.908, 138679, 0.158833, 159.243, 126615, -0.106377
0.4375, 1.24292, 139.41, 135979, 0.158833, 159.243, 126615, -0.101394
0.4425, 1.2275, 144.247, 133643, 0.158833, 159.243, 126615, -0.0964095
0.4475, 1.21462, 148.328, 131699, 0.158833, 159.243, 126615, -0.0914223
0.4525, 1.20435, 151.619, 130150, 0.158833, 159.243, 126615, -0.0864328
0.4575, 1.19654, 154.15, 128969, 0.158833, 159.243, 126615, -0.0814408
0.4625, 1.19094, 156.004, 128109, 0.158833, 159.243, 126615, -0.0764467
0.4675, 1.18717, 157.296, 127513, 0.158833, 159.243, 126615, -0.0714509
0.4725, 1.18478, 158.149, 127121, 0.158833, 159.243, 126615, -0.0664537
0.4775, 1.18338, 158.681, 126878, 0.158833, 159.243, 126615, -0.0614554
0.4825, 1.18255, 158.99, 126737, 0.158833, 159.243, 126615, -0.0564564
0.4875, 1.18201, 159.154, 126659, 0.158833, 159.243, 126615, -0.0514569
0.4925, 1.18158, 159.232, 126619, 0.158833, 159.243, 126615, -0.0464572
0.4975, 1.18123, 159.262, 126605, 0.158833, 159.243, 126615, -0.0414573
0.5025, 1.18098, 159.261, 126605, 0.158833, 159.243, 126615, -0.0364573
0.5075, 1.18077, 159.245, 126610, 0.158833, 159.243, 126615, -0.0314573
0.5125, 1.18059, 159.233, 126617, 0.158833, 159.243, 126615, -0.0264572
0.5175, 1.18044, 159.231, 126623, 0.158833, 159.243, 126615, -0.0214572
0.5225, 1.18031, 159.236, 126626, 0.158833, 159.243, 126615, -0.0164572
0.5275, 1.1802, 159.243, 126626, 0.158833, 159.243, 126615, -0.0114572
0.5325, 1.18012, 159.246, 126622, 0.158833, 159.243, 126615, -0.00645725
0.5375, 1.18008, 159.244, 126617, 0.158833, 159.243, 126615, -0.00145724
0.5425, 1.18007, 159.243, 126615, 0.158833, 159.243, 126615, 0.00354277
0.5475, 1.18007, 159.243, 126615, 0.158832, 159.24, 126614, 0.00854278
0.5525, 1.18007, 159.243, 126615, 0.15883, 159.234, 126613, 0.0135428
0.5575, 1.18007, 159.243, 126615, 0.158828, 159.223, 126611, 0.0185428
0.5625, 1.18007, 159.243, 126615, 0.158825, 159.213, 126609, 0.0235429
0.5675, 1.18007, 159.243, 126615, 0.158823, 159.203, 126608, 0.0285429
0.5725, 1.18007, 159.243, 126615, 0.158821, 159.194, 126606, 0.0335429
0.5775, 1.18007, 159.243, 126615, 0.158819, 159.188, 126605, 0.0385429
0.5825, 1.18007, 159.243, 126615, 0.158818, 159.181, 126603, 0.043543
0.5875, 1.18007, 159.243, 126615, 0.158817, 159.174, 126602, 0.048543
0.5925, 1.18007, 159.243, 126615, 0.158816, 159.168, 126601, 0.053543
0.5975, 1.18007, 159.243, 126615, 0.158816, 159.165, 126601, 0.058543
0.6025, 1.18007, 159.243, 126615, 0.158816, 159.164, 126600, 0.063543
0.6075, 1.18007, 159.243, 126615, 0.158816, 159.165, 126600, 0.068543
0.6125, 1.18007, 159.243, 126615, 0.158816, 159.167, 126601, 0.073543
0.6175, 1.18007, 159.243, 126615, 0.158817, 159.176, 126603, 0.0785429
0.6225, 1.18007, 159.243, 126615, 0.158819, 159.194, 126606, 0.0835428
0.6275, 1.18007, 159.243, 126615, 0.158823, 159.224, 126611, 0.0885427
0.6325, 1.18007, 159.243, 126615, 0.158828, 159.261, 126618, 0.0935426
0.6375, 1.18007, 159.243, 126615, 0.158833, 159.298, 126625, 0.0985425
0.6425, 1.18007, 159.243, 126615, 0.158837, 159.333, 126631, 0.103542
0.6475, 1.18007, 159.243, 126615, 0.158842, 159.368, 126638, 0.108542
0.6525, 1.18007, 159.243, 126615, 0.158847, 159.407, 126645, 0.113542
0.6575, 1.18007, 159.243, 126615, 0.158853, 159.455, 126654, 0.118542
0.6625, 1.18007, 159.243, 126615, 0.15886, 159.51, 126664, 0.123542
0.6675, 1.18007, 159.243, 126615, 0.158866, 159.559, 126673, 0.128542
0.6725, 1.18007, 159.243, 126615, 0.158871, 159.6, 126680, 0.133542
0.6775, 1.18007, 159.243, 126615, 0.158875, 159.628, 126685, 0.138542
0.6825, 1.18007, 159.243, 126615, 0.158877, 159.644, 126688, 0.143542
0.6875, 1.18007, 159.243, 126615, 0.158877, 159.651, 126690, 0.148542
0.6925, 1.18007, 159.243, 126615, 0.158877, 159.653, 126690, 0.153542
0.6975, 1.18007, 159.243, 126615, 0.158876, 159.648, 126689, 0.158542
0.7025, 1.18007, 159.243, 126615, 0.158871, 159.616, 126683, 0.163542
0.7075, 1.18007, 159.243, 126615, 0.158861, 159.538, 126669, 0.168542
0.7125, 1.18007, 159.243, 126615, 0.158848, 159.444, 126652, 0.173542
0.7175, 1.18007, 159.243, 126615, 0.158833, 159.341, 126633, 0.178543
0.7225, 1.18007, 159.243, 126615, 0.158814, 159.205, 126608, 0.183543
0.7275, 1.18007, 159.243, 126615, 0.158784, 158.99, 126568, 0.188544
0.7325, 1.18007, 159.243, 126615, 0.158736, 158.649, 126506, 0.193546
0.7375, 1.18007, 159.243, 126615, 0.158669, 158.165, 126417, 0.198547
0.7425, 1.18007, 159.243, 126615, 0.158588, 157.576, 126310, 0.203549
0.7475, 1.18007, 159.243, 126615, 0.158502, 156.951, 126195, 0.208551
0.7525, 1.18007, 159.243, 126615, 0.158414, 156.316, 126079, 0.213553
0.7575, 1.18007, 159.243, 126615, 0.158311, 155.569, 125942, 0.218556
0.7625, 1.18007, 159.243, 126615, 0.15816, 154.479, 125744, 0.223561
0.7675, 1.18007, 159.243, 126615, 0.157936, 152.858, 125449, 0.228567
0.7725, 1.18007, 159.243, 126615, 0.157651, 150.784, 125072, 0.233574
0.7775, 1.18007, 159.243, 126615, 0.15733, 148.441, 124647, 0.238583
0.7825, 1.18007, 159.243, 126615, 0.156892, 145.246, 124070, 0.243599
0.7875, 1.18007, 159.243, 126615, 0.156007, 138.82, 122915, 0.248641
0.7925, 1.18007, 159.243, 126615, 0.153479, 120.317, 119640, 0.253743
0.7975, 1.18007, 159.243, 126615, 0.148554, 83.2079, 113280, 0.258851
0.8025, 1.18007, 159.243, 126615, 0.144282, 50.3201, 107873, 0.263923
0.8075, 1.18007, 159.243, 126615, 0.141649, 29.705, 104590, 0.268964
0.8125, 1.18007, 159.243, 126615, 0.140179, 18.1037, 102778, 0.273988
0.8175, 1.18007, 159.243, 126615, 0.139352, 11.5548, 101766, 0.279001
0.8225, 1.18007, 159.243, 126615, 0.138863, 7.67023, 101169, 0.28401
0.8275, 1.18007, 159.243, 126615, 0.138557, 5.23603, 100797, 0.289015
0.8325, 1.18007, 159.243, 126615, 0.138357, 3.64186, 100554, 0.294019
0.8375, 1.18007, 159.243, 126615, 0.138222, 2.56462, 100390, 0.299021
0.8425, 1.18007, 159.243, 126615, 0.138128, 1.82103, 100277, 0.304023
0.8475, 1.18007, 159.243, 126615, 0.138063, 1.3003, 100197, 0.309024
0.8525, 1.18007, 159.243, 126615, 0.138017, 0.932029, 100142, 0.314025
0.8575, 1.18007, 159.243, 126615, 0.137984, 0.669793, 100102, 0.319026
0.8625, 1.18007, 159.243, 126615, 0.13796, 0.482171, 100073, 0.324026
0.8675, 1.18007, 159.243, 126615, 0.137944, 0.347483, 100053, 0.329027
0.8725, 1.18007, 159.243, 126615, 0.137931, 0.250568, 100038, 0.334027
0.8775, 1.18007, 159.243, 126615, 0.137923, 0.180721, 100027, 0.339027
0.8825, 1.18007, 159.243, 126615, 0.137916, 0.130328, 100020, 0.344027
0.8875, 1.18007, 159.243, 126615, 0.137912, 0.0939467, 100014, 0.349027
0.8925, 1.18007, 159.243, 126615, 0.137908, 0.0676718, 100010, 0.354027
0.8975, 1.18007, 159.243, 126615, 0.137906, 0.0486943, 100007, 0.359028
0.9025, 1.18007, 159.243, 126615, 0.137904, 0.0349894, 100005, 0.364028
0.9075, 1.18007, 159.243, 126615, 0.137903, 0.0250954, 100004, 0.369028
0.9125, 1.18007, 159.243, 126615, 0.137902, 0.0179564, 100003, 0.374028
0.9175, 1.18007, 159.243, 126615, 0.137902, 0.0128088, 100002, 0.379028
0.9225, 1.18007, 159.243, 126615, 0.137901, 0.0091001, 100001, 0.384028
0.9275, 1.18007, 159.243, 126615, 0.137901, 0.0064304, 100001, 0.389028
0.9325, 1.18007, 159.243, 126615, 0.137901, 0.00451015, 100001, 0.394028
0.9375, 1.18007, 159.243, 126615, 0.1379, 0.00312974, 100000, 0.399028
0.9425, 1.18007, 159.243, 126615, 0.1379, 0.00213757, 100000, 0.404028
0.9475, 1.18007, 159.243, 126615, 0.1379, 0.00142412, 100000, 0.409028
0.9525, 1.18007, 159.243, 126615, 0.1379, 0.000910491, 100000, 0.414028
0.9575, 1.18007, 159.243, 126615, 0.1379, 0.000539986, 100000, 0.419028
0.9625, 1.18007, 159.243, 126615, 0.1379, 0.000272038, 100000, 0.424028
0.9675, 1.18007, 159.243, 126615, 0.1379, 7.7712e-05, 100000, 0.429028
0.9725, 1.18007, 159.243, 126615, 0.1379, -6.3578e-05, 100000, 0.434028
0.9775, 1.18007, 159.243, 126615, 0.1379, -0.000166476, 100000, 0.439028
0.9825, 1.18007, 159.243, 126615, 0.1379, -0.000241412, 100000, 0.444028
0.9875, 1.18007, 159.243, 126615, 0.1379, -0.000295818, 100000, 0.449028
0.9925, 1.18007, 159.243, 126615, 0.1379, -0.000335717, 99999.9, 0.454028
0.9975, 1.18007, 159.243, 126615, 0.1379, -0.000365984, 99999.9, 0.459028
