0.0025, 1.33294, 111.796, 149995, 0.157912, 152.541, 125392, -0.504086
0.0075, 1.33294, 111.796, 149995, 0.157912, 152.541, 125392, -0.499428
0.0125, 1.33294, 111.795, 149995, 0.157912, 152.541, 125392, -0.494428
0.0175, 1.33294, 111.795, 149995, 0.157912, 152.541, 125392, -0.489428
0.0225, 1.33294, 111.796, 149995, 0.157912, 152.541, 125392, -0.484428
0.0275, 1.33294, 111.797, 149995, 0.157912, 152.541, 125392, -0.479428
0.0325, 1.33294, 111.798, 149994, 0.157912, 152.541, 125392, -0.474428
0.0375, 1.33293, 111.799, 149993, 0.157912, 152.541, 125392, -0.469428
0.0425, 1.33293, 111.8, 149993, 0.157912, 152.541, 125392, -0.464428
0.0475, 1.33293, 111.8, 149993, 0.157912, 152.541, 125392, -0.459428
0.0525, 1.33293, 111.801, 149993, 0.157912, 152.541, 125392, -0.454428
0.0575, 1.33293, 111.801, 149993, 0.157912, 152.541, 125392, -0.449428
0.0625, 1.33293, 111.8, 149993, 0.157912, 152.541, 125392, -0.444428
0.0675, 1.33293, 111.799, 149993, 0.157912, 152.541, 125392, -0.439428
0.0725, 1.33294, 111.798, 149994, 0.157912, 152.541, 125392, -0.434428
0.0775, 1.33295, 111.796, 149995, 0.157912, 152.541, 125392, -0.429428
0.0825, 1.33296, 111.795, 149995, 0.157912, 152.541, 125392, -0.424428
0.0875, 1.33297, 111.794, 149996, 0.157912, 152.541, 125392, -0.419428
0.0925, 1.33298, 111.793, 149996, 0.157912, 152.541, 125392, -0.414428
0.0975, 1.33298, 111.793, 149997, 0.157912, 152.541, 125392, -0.409428
0.1025, 1.33298, 111.793, 149997, 0.157912, 152.541, 125392, -0.404428
0.1075, 1.33298, 111.793, 149997, 0.157912, 152.541, 125392, -0.399428
0.1125, 1.33298, 111.794, 149996, 0.157912, 152.541, 125392, -0.394428
0.1175, 1.33297, 111.796, 149995, 0.157912, 152.541, 125392, -0.389428
0.1225, 1.33295, 111.797, 149994, 0.157912, 152.541, 125392, -0.384428
0.1275, 1.33292, 111.799, 149993, 0.157912, 152.541, 125392, -0.379428
0.1325, 1.33283, 111.8, 149992, 0.157912, 152.541, 125392, -0.374428
0.1375, 1.33262, 111.801, 149992, 0.157912, 152.541, 125392, -0.369428
0.1425, 1.33227, 111.801, 149993, 0.157912, 152.541, 125392, -0.364428
0.1475, 1.33184, 111.801, 149993, 0.157912, 152.541, 125392, -0.359428
0.1525, 1.33145, 111.8, 149993, 0.157912, 152.541, 125392, -0.354428
0.1575, 1.33114, 111.8, 149993, 0.157912, 152.541, 125392, -0.349428
0.1625, 1.33092, 111.799, 149993, 0.157912, 152.541, 125392, -0.344428
0.1675, 1.33077, 111.799, 149994, 0.157912, 152.541, 125392, -0.339428
0.1725, 1.3307, 111.798, 149994, 0.157912, 152.541, 125392, -0.334428
0.1775, 1.33068, 111.796, 149995, 0.157912, 152.541, 125392, -0.329428
0.1825, 1.33068, 111.794, 149995, 0.157912, 152.541, 125392, -0.324428
0.1875, 1.33072, 111.793, 149997, 0.157912, 152.541, 125392, -0.319428
0.1925, 1.33091, 111.791, 149998, 0.157912, 152.541, 125392, -0.314428
0.1975, 1.3313, 111.789, 149998, 0.157912, 152.541, 125392, -0.309428
0.2025, 1.33176, 111.79, 149998, 0.157912, 152.541, 125392, -0.304428
0.2075, 1.33218, 111.79, 149998, 0.157912, 152.541, 125392, -0.299428
0.2125, 1.3325, 111.791, 149997, 0.157912, 152.541, 125392, -0.294428
0.2175, 1.33272, 111.793, 149996, 0.157912, 152.541, 125392, -0.289428
0.2225, 1.33287, 111.794, 149996, 0.157912, 152.541, 125392, -0.284428
0.2275, 1.33296, 111.796, 149995, 0.157912, 152.541, 125392, -0.279428
0.2325, 1.33301, 111.797, 149995, 0.157912, 152.541, 125392, -0.274428
0.2375, 1.33303, 111.798, 149994, 0.157912, 152.541, 125392, -0.269428
0.2425, 1.33303, 111.798, 149994, 0.157912, 152.541, 125392, -0.264428
0.2475, 1.33302, 111.799, 149994, 0.157912, 152.541, 125392, -0.259428
0.2525, 1.33299, 111.798, 149994, 0.157912, 152.541, 125392, -0.254428
0.2575, 1.33297, 111.798, 149994, 0.157912, 152.541, 125392, -0.249428
0.2625, 1.33297, 111.798, 149994, 0.157912, 152.541, 125392, -0.244428
0.2675, 1.33297, 111.798, 149994, 0.157912, 152.541, 125392, -0.239428
0.2725, 1.33297, 111.798, 149994, 0.157912, 152.541, 125392, -0.234428
0.2775, 1.33302, 111.798, 149994, 0.157912, 152.541, 125392, -0.229428
0.2825, 1.33313, 111.797, 149994, 0.157912, 152.541, 125392, -0.224428
0.2875, 1.33324, 111.797, 149995, 0.157912, 152.541, 125392, -0.219428
0.2925, 1.33333, 111.795, 149995, 0.157912, 152.541, 125392, -0.214428
0.2975, 1.33339, 111.794, 149996, 0.157912, 152.541, 125392, -0.209428
0.3025, 1.33341, 111.793, 149996, 0.157912, 152.541, 125392, -0.204428
0.3075, 1.33342, 111.792, 149997, 0.157912, 152.541, 125392, -0.199428
0.3125, 1.33342, 111.792, 149997, 0.157912, 152.541, 125392, -0.194428
0.3175, 1.3334, 111.792, 149997, 0.157912, 152.541, 125392, -0.189428
0.3225, 1.33332, 111.792, 149997, 0.157912, 152.541, 125392, -0.184428
0.3275, 1.33322, 111.793, 149996, 0.157912, 152.541, 125392, -0.179428
0.3325, 1.33314, 111.795, 149996, 0.157912, 152.541, 125392, -0.174428
0.3375, 1.33309, 111.796, 149995, 0.157912, 152.541, 125392, -0.169428
0.3425, 1.33307, 111.797, 149995, 0.157912, 152.541, 125392, -0.164428
0.3475, 1.33307, 111.797, 149995, 0.157912, 152.541, 125392, -0.159428
0.3525, 1.33307, 111.797, 149994, 0.157912, 152.541, 125392, -0.154428
0.3575, 1.33312, 111.797, 149995, 0.157912, 152.541, 125392, -0.149428
0.3625, 1.33323, 111.797, 149995, 0.157912, 152.541, 125392, -0.144428
0.3675, 1.33335, 111.797, 149995, 0.157912, 152.541, 125392, -0.139428
0.3725, 1.33344, 111.797, 149995, 0.157912, 152.541, 125392, -0.134428
0.3775, 1.33348, 111.797, 149995, 0.157912, 152.541, 125392, -0.129428
0.3825, 1.33351, 111.797, 149995, 0.157912, 152.541, 125392, -0.124428
0.3875, 1.33351, 111.797, 149995, 0.157912, 152.541, 125392, -0.119428
0.3925, 1.3335, 111.796, 149995, 0.157912, 152.541, 125392, -0.114428
0.3975, 1.33345, 111.795, 149995, 0.157912, 152.541, 125392, -0.109428
0.4025, 1.33332, 111.793, 149996, 0.157912, 152.541, 125392, -0.104428
0.4075, 1.33319, 111.791, 149997, 0.157912, 152.541, 125392, -0.0994284
0.4125, 1.33311, 111.79, 149998, 0.157912, 152.541, 125392, -0.0944284
0.4175, 1.33306, 111.789, 149999, 0.157912, 152.541, 125392, -0.0894284
0.4225, 1.33304, 111.788, 149999, 0.157912, 152.541, 125392, -0.0844284
0.4275, 1.33305, 111.788, 149999, 0.157912, 152.541, 125392, -0.0794284
0.4325, 1.33312, 111.789, 149999, 0.157912, 152.541, 125392, -0.0744284
0.4375, 1.33325, 111.791, 149998, 0.157912, 152.541, 125392, -0.0694284
0.4425, 1.33334, 111.797, 149994, 0.157912, 152.541, 125392, -0.0644284
0.4475, 1.33336, 111.813, 149986, 0.157912, 152.541, 125392, -0.0594285
0.4525, 1.33329, 111.851, 149966, 0.157912, 152.541, 125392, -0.0544285
0.4575, 1.33299, 111.955, 149911, 0.157912, 152.541, 125392, -0.0494288
0.4625, 1.33206, 112.242, 149759, 0.157912, 152.541, 125392, -0.0444295
0.4675, 1.32947, 113.021, 149349, 0.157912, 152.541, 125392, -0.0394315
0.4725, 1.32258, 115.068, 148265, 0.157912, 152.541, 125392, -0.0344367
0.4775, 1.30544, 120.211, 145581, 0.157912, 152.541, 125392, -0.0294506
0.4825, 1.27913, 128.564, 141489, 0.157912, 152.541, 125392, -0.0244753
0.4875, 1.25176, 137.802, 137365, 0.157912, 152.541, 125392, -0.0195042
0.4925, 1.22597, 145.439, 133647, 0.157912, 152.541, 125392, -0.0145279
0.4975, 1.20055, 150.106, 129823, 0.157912, 152.541, 125392, -0.00954168
0.5025, 1.18069, 151.69, 126726, 0.157912, 152.543, 125392, -0.00454569
0.5075, 1.17231, 152.155, 125480, 0.157883, 152.327, 125353, 0.000452964
0.5125, 1.17182, 152.541, 125392, 0.157556, 149.939, 124920, 0.00546197
0.5175, 1.17182, 152.541, 125392, 0.157131, 146.838, 124358, 0.0104732
0.5225, 1.17182, 152.541, 125392, 0.156609, 143.022, 123670, 0.0154863
0.5275, 1.17182, 152.541, 125392, 0.156019, 138.697, 122894, 0.0204996
0.5325, 1.17182, 152.541, 125392, 0.155435, 134.416, 122130, 0.0255127
0.5375, 1.17182, 152.541, 125392, 0.154836, 130.017, 121349, 0.0305302
0.5425, 1.17182, 152.541, 125392, 0.153927, 123.326, 120168, 0.035563
0.5475, 1.17182, 152.541, 125392, 0.152269, 111.006, 118019, 0.040614
0.5525, 1.17182, 152.541, 125392, 0.149923, 93.3943, 114999, 0.0456694
0.5575, 1.17182, 152.541, 125392, 0.147539, 75.3024, 111961, 0.0507206
0.5625, 1.17182, 152.541, 125392, 0.145404, 58.9076, 109265, 0.0557655
0.5675, 1.17182, 152.541, 125392, 0.143589, 44.8377, 106992, 0.0608025
0.5725, 1.17182, 152.541, 125392, 0.142134, 33.4757, 105184, 0.0658315
0.5775, 1.17182, 152.541, 125392, 0.141013, 24.6751, 103801, 0.0708536
0.5825, 1.17182, 152.541, 125392, 0.140172, 18.0427, 102768, 0.0758701
0.5875, 1.17182, 152.541, 125392, 0.139551, 13.1294, 102008, 0.0808822
0.5925, 1.17182, 152.541, 125392, 0.139097, 9.52774, 101454, 0.0858911
0.5975, 1.17182, 152.541, 125392, 0.138767, 6.90388, 101052, 0.0908975
0.6025, 1.17182, 152.541, 125392, 0.138527, 4.99896, 100761, 0.0959022
0.6075, 1.17182, 152.541, 125392, 0.138354, 3.61849, 100550, 0.100906
0.6125, 1.17182, 152.541, 125392, 0.138228, 2.61894, 100398, 0.105908
0.6175, 1.17182, 152.541, 125392, 0.138138, 1.89543, 100288, 0.11091
0.6225, 1.17182, 152.541, 125392, 0.138072, 1.37177, 100208, 0.115911
0.6275, 1.17182, 152.541, 125392, 0.138024, 0.992717, 100151, 0.120912
0.6325, 1.17182, 152.541, 125392, 0.13799, 0.718321, 100109, 0.125913
0.6375, 1.17182, 152.541, 125392, 0.137965, 0.51967, 100079, 0.130913
0.6425, 1.17182, 152.541, 125392, 0.137947, 0.375848, 100057, 0.135914
0.6475, 1.17182, 152.541, 125392, 0.137934, 0.271725, 100041, 0.140914
0.6525, 1.17182, 152.541, 125392, 0.137925, 0.196349, 100030, 0.145914
0.6575, 1.17182, 152.541, 125392, 0.137918, 0.141791, 100022, 0.150914
0.6625, 1.17182, 152.541, 125392, 0.137913, 0.102311, 100016, 0.155914
0.6675, 1.17182, 152.541, 125392, 0.137909, 0.0737513, 100011, 0.160914
0.6725, 1.17182, 152.541, 125392, 0.137907, 0.0530984, 100008, 0.165914
0.6775, 1.17182, 152.541, 125392, 0.137905, 0.0381706, 100006, 0.170914
0.6825, 1.17182, 152.541, 125392, 0.137903, 0.0273868, 100004, 0.175914
0.6875, 1.17182, 152.541, 125392, 0.137902, 0.0196018, 100003, 0.180914
0.6925, 1.17182, 152.541, 125392, 0.137902, 0.0139863, 100002, 0.185914
0.6975, 1.17182, 152.541, 125392, 0.137901, 0.00993964, 100002, 0.190914
0.7025, 1.17182, 152.541, 125392, 0.137901, 0.00702683, 100001, 0.195914
0.7075, 1.17182, 152.541, 125392, 0.137901, 0.00493282, 100001, 0.200914
0.7125, 1.17182, 152.541, 125392, 0.1379, 0.00342927, 100001, 0.205914
0.7175, 1.17182, 152.541, 125392, 0.1379, 0.0023507, 100000, 0.210914
0.7225, 1.17182, 152.541, 125392, 0.1379, 0.00157719, 100000, 0.215914
0.7275, 1.17182, 152.541, 125392, 0.1379, 0.00102199, 100000, 0.220914
0.7325, 1.17182, 152.541, 125392, 0.1379, 0.000622636, 100000, 0.225914
0.7375, 1.17182, 152.541, 125392, 0.1379, 0.000334337, 100000, 0.230914
0.7425, 1.17182, 152.541, 125392, 0.1379, 0.000125227, 100000, 0.235914
0.7475, 1.17182, 152.541, 125392, 0.1379, -2.72314e-05, 100000, 0.240914
0.7525, 1.17182, 152.541, 125392, 0.1379, -0.000138899, 100000, 0.245914
0.7575, 1.17182, 152.541, 125392, 0.1379, -0.000220919, 100000, 0.250914
0.7625, 1.17182, 152.541, 125392, 0.1379, -0.000281143, 100000, 0.255914
0.7675, 1.17182, 152.541, 125392, 0.1379, -0.000325166, 100000, 0.260914
0.7725, 1.17182, 152.541, 125392, 0.1379, -0.00035706, 99999.9, 0.265914
0.7775, 1.17182, 152.541, 125392, 0.1379, -0.000379878, 99999.9, 0.270914
0.7825, 1.17182, 152.541, 125392, 0.1379, -0.000395971, 99999.9, 0.275914
0.7875, 1.17182, 152.541, 125392, 0.1379, -0.000407164, 99999.9, 0.280914
0.7925, 1.17182, 152.541, 125392, 0.1379, -0.000414863, 99999.9, 0.285914
0.7975, 1.17182, 152.541, 125392, 0.1379, -0.000420118, 99999.9, 0.290914
0.8025, 1.17182, 152.541, 125392, 0.1379, -0.000423683, 99999.9, 0.295914
0.8075, 1.17182, 152.541, 125392, 0.1379, -0.000426087, 99999.9, 0.300914
0.8125, 1.17182, 152.541, 125392, 0.1379, -0.000427689, 99999.9, 0.305914
0.8175, 1.17182, 152.541, 125392, 0.1379, -0.000428737, 99999.9, 0.310914
0.8225, 1.17182, 152.541, 125392, 0.1379, -0.000429402, 99999.9, 0.315914
0.8275, 1.17182, 152.541, 125392, 0.1379, -0.000429807, 99999.9, 0.320914
0.8325, 1.17182, 152.541, 125392, 0.1379, -0.000430042, 99999.9, 0.325914
0.8375, 1.17182, 152.541, 125392, 0.1379, -0.000430168, 99999.9, 0.330914
0.8425, 1.17182, 152.541, 125392, 0.1379, -0.000430229, 99999.9, 0.335914
0.8475, 1.17182, 152.541, 125392, 0.1379, -0.000430255, 99999.9, 0.340914
0.8525, 1.17182, 152.541, 125392, 0.1379, -0.000430261, 99999.9, 0.345914
0.8575, 1.17182, 152.541, 125392, 0.1379, -0.00043026, 99999.9, 0.350914
0.8625, 1.17182, 152.541, 125392, 0.1379, -0.000430247, 99999.9, 0.355914
0.8675, 1.17182, 152.541, 125392, 0.1379, -0.000430227, 99999.9, 0.360914
0.8725, 1.17182, 152.541, 125392, 0.1379, -0.000430211, 99999.9, 0.365914
0.8775, 1.17182, 152.541, 125392, 0.1379, -0.000430198, 99999.9, 0.370914
0.8825, 1.17182, 152.541, 125392, 0.1379, -0.000430188, 99999.9, 0.375914
0.8875, 1.17182, 152.541, 125392, 0.1379, -0.000430181, 99999.9, 0.380914
0.8925, 1.17182, 152.541, 125392, 0.1379, -0.000430175, 99999.9, 0.385914
0.8975, 1.17182, 152.541, 125392, 0.1379, -0.000430171, 99999.9, 0.390914
0.9025, 1.17182, 152.541, 125392, 0.1379, -0.000430168, 99999.9, 0.395914
0.9075, 1.17182, 152.541, 125392, 0.1379, -0.000430165, 99999.9, 0.400914
0.9125, 1.17182, 152.541, 125392, 0.1379, -0.000430164, 99999.9, 0.405914
0.9175, 1.17182, 152.541, 125392, 0.1379, -0.000430162, 99999.9, 0.410914
0.9225, 1.17182, 152.541, 125392, 0.1379, -0.000430162, 99999.9, 0.415914
0.9275, 1.17182, 152.541, 125392, 0.1379, -0.000430161, 99999.9, 0.420914
0.9325, 1.17182, 152.541, 125392, 0.1379, -0.000430161, 99999.9, 0.425914
0.9375, 1.17182, 152.541, 125392, 0.1379, -0.000430161, 99999.9, 0.430914
0.9425, 1.17182, 152.541, 125392, 0.1379, -0.00043016, 99999.9, 0.435914
0.9475, 1.17182, 152.541, 125392, 0.1379, -0.00043016, 99999.9, 0.440914
0.9525, 1.17182, 152.541, 125392, 0.1379, -0.00043016, 99999.9, 0.445914
0.9575, 1.17182, 152.541, 125392, 0.1379, -0.00043016, 99999.9, 0.450914
0.9625, 1.17182, 152.541, 125392, 0.1379, -0.00043016, 99999.9, 0.455914
0.9675, 1.17182, 152.541, 125392, 0.1379, -0.00043016, 99999.9, 0.460914
0.9725, 1.17182, 152.541, 125392, 0.1379, -0.00043016, 99999.9, 0.465914
0.9775, 1.17182, 152.541, 125392, 0.1379, -0.00043016, 99999.9, 0.470914
0.9825, 1.17182, 152.541, 125392, 0.1379, -0.00043016, 99999.9, 0.475914
0.9875, 1.17182, 152.541, 125392, 0.1379, -0.00043016, 99999.9, 0.480914
0.9925, 1.17182, 152.541, 125392, 0.1379, -0.00043016, 99999.9, 0.485914
0.9975, 1.17182, 152.541, 125392, 0.1379, -0.00043016, 99999.9, 0.490914
