0.0025, 1.33286, 111.829, 149977, 0.1379, -0.000238328, 99999.9, -0.4975
0.0075, 1.33263, 111.896, 149942, 0.1379, -0.000238328, 99999.9, -0.492907
0.0125, 1.33226, 112.005, 149885, 0.1379, -0.000238328, 99999.9, -0.487907
0.0175, 1.33197, 112.092, 149839, 0.1379, -0.000238328, 99999.9, -0.482907
0.0225, 1.33184, 112.136, 149815, 0.1379, -0.000238328, 99999.9, -0.477908
0.0275, 1.33182, 112.148, 149809, 0.1379, -0.000238328, 99999.9, -0.472908
0.0325, 1.33186, 112.14, 149813, 0.1379, -0.000238328, 99999.9, -0.467908
0.0375, 1.33207, 112.086, 149841, 0.1379, -0.000238328, 99999.9, -0.462907
0.0425, 1.3323, 111.991, 149892, 0.1379, -0.000238328, 99999.9, -0.457907
0.0475, 1.33236, 111.907, 149940, 0.1379, -0.000238328, 99999.9, -0.452907
0.0525, 1.33225, 111.857, 149968, 0.1379, -0.000238328, 99999.9, -0.447907
0.0575, 1.33182, 111.837, 149976, 0.1379, -0.000238328, 99999.9, -0.442907
0.0625, 1.33085, 111.845, 149973, 0.1379, -0.000238328, 99999.9, -0.437907
0.0675, 1.3295, 111.869, 149969, 0.1379, -0.000238328, 99999.9, -0.432907
0.0725, 1.32828, 111.886, 149968, 0.1379, -0.000238328, 99999.9, -0.427907
0.0775, 1.32756, 111.857, 149960, 0.1379, -0.000238328, 99999.9, -0.422907
0.0825, 1.32717, 111.729, 149893, 0.1379, -0.000238328, 99999.9, -0.417906
0.0875, 1.32673, 111.239, 149645, 0.1379, -0.000238328, 99999.9, -0.412903
0.0925, 1.32349, 109.453, 148727, 0.1379, -0.000238328, 99999.9, -0.407892
0.0975, 1.29746, 100.931, 144296, 0.1379, -0.000238328, 99999.9, -0.402846
0.1025, 1.21905, 76.8699, 132345, 0.1379, -0.000238328, 99999.9, -0.397742
0.1075, 1.12235, 44.8384, 117918, 0.1379, -0.000238328, 99999.9, -0.392631
0.1125, 1.05767, 21.5301, 108306, 0.1379, -0.000238328, 99999.9, -0.387559
0.1175, 1.02383, 8.94009, 103386, 0.1379, -0.000238328, 99999.9, -0.382523
0.1225, 1.00887, 3.32689, 101250, 0.1379, -0.000238328, 99999.9, -0.377508
0.1275, 1.00302, 1.13055, 100424, 0.1379, -0.000238328, 99999.9, -0.372503
0.1325, 1.00094, 0.353093, 100132, 0.1379, -0.000238328, 99999.9, -0.367501
0.1375, 1.00027, 0.101326, 100038, 0.1379, -0.000238328, 99999.9, -0.3625
0.1425, 1.00007, 0.0266364, 100010, 0.1379, -0.000238328, 99999.9, -0.3575
0.1475, 1.00002, 0.00638789, 100002, 0.1379, -0.000238328, 99999.9, -0.3525
0.1525, 1, 0.00139099, 100001, 0.1379, -0.000238328, 99999.9, -0.3475
0.1575, 1, 0.000273591, 100000, 0.1379, -0.000238328, 99999.9, -0.3425
0.1625, 1, 4.83211e-05, 100000, 0.1379, -0.000238328, 99999.9, -0.3375
0.1675, 1, 7.61165e-06, 100000, 0.1379, -0.000238328, 99999.9, -0.3325
0.1725, 1, 1.06082e-06, 100000, 0.1379, -0.000238328, 99999.9, -0.3275
0.1775, 1, 1.29538e-07, 100000, 0.1379, -0.000238328, 99999.9, -0.3225
0.1825, 1, 1.3693e-08, 100000, 0.1379, -0.000238328, 99999.9, -0.3175
0.1875, 1, 1.23366e-09, 100000, 0.1379, -0.000238328, 99999.9, -0.3125
0.1925, 1, 9.27755e-11, 100000, 0.1379, -0.000238328, 99999.9, -0.3075
0.1975, 1, 5.65963e-12, 100000, 0.1379, -0.000238328, 99999.9, -0.3025
0.2025, 1, 2.64468e-13, 100000, 0.1379, -0.000238328, 99999.9, -0.2975
0.2075, 1, 0, 100000, 0.1379, -0.000238328, 99999.9, -0.2925
0.2125, 1, 0, 100000, 0.1379, -0.000238328, 99999.9, -0.2875
0.2175, 1, 0, 100000, 0.1379, -0.000238328, 99999.9, -0.2825
0.2225, 1, 0, 100000, 0.1379, -0.000238328, 99999.9, -0.2775
0.2275, 1, 0, 100000, 0.1379, -0.000238328, 99999.9, -0.2725
0.2325, 1, 0, 100000, 0.1379, -0.000238328, 99999.9, -0.2675
0.2375, 1, 0, 100000, 0.1379, -0.000238328, 99999.9, -0.2625
0.2425, 1, 0, 100000, 0.1379, -0.000238328, 99999.9, -0.2575
0.2475, 1, 0, 100000, 0.1379, -0.000238328, 99999.9, -0.2525
0.2525, 1, 0, 100000, 0.1379, -0.000238328, 99999.9, -0.2475
0.2575, 1, 0, 100000, 0.1379, -0.000238328, 99999.9, -0.2425
0.2625, 1, 0, 100000, 0.1379, -0.000238328, 99999.9, -0.2375
0.2675, 1, 0, 100000, 0.1379, -0.000238328, 99999.9, -0.2325
0.2725, 1, 0, 100000, 0.1379, -0.000238328, 99999.9, -0.2275
0.2775, 1, 0, 100000, 0.1379, -0.000238328, 99999.9, -0.2225
0.2825, 1, 0, 100000, 0.1379, -0.000238328, 99999.9, -0.2175
0.2875, 1, 0, 100000, 0.1379, -0.000238328, 99999.9, -0.2125
0.2925, 1, 0, 100000, 0.1379, -0.000238328, 99999.9, -0.2075
0.2975, 1, 0, 100000, 0.1379, -0.000238328, 99999.9, -0.2025
0.3025, 1, 0, 100000, 0.1379, -0.000238328, 99999.9, -0.1975
0.3075, 1, 0, 100000, 0.1379, -0.000238328, 99999.9, -0.1925
0.3125, 1, 0, 100000, 0.1379, -0.000238328, 99999.9, -0.1875
0.3175, 1, 0, 100000, 0.1379, -0.000238328, 99999.9, -0.1825
0.3225, 1, 0, 100000, 0.1379, -0.000238328, 99999.9, -0.1775
0.3275, 1, 0, 100000, 0.1379, -0.000238328, 99999.9, -0.1725
0.3325, 1, 0, 100000, 0.1379, -0.000238328, 99999.9, -0.1675
0.3375, 1, 0, 100000, 0.1379, -0.000238328, 99999.9, -0.1625
0.3425, 1, 0, 100000, 0.1379, -0.000238328, 99999.9, -0.1575
0.3475, 1, 0, 100000, 0.1379, -0.000238328, 99999.9, -0.1525
0.3525, 1, 0, 100000, 0.1379, -0.000238328, 99999.9, -0.1475
0.3575, 1, 0, 100000, 0.1379, -0.000238328, 99999.9, -0.1425
0.3625, 1, 0, 100000, 0.1379, -0.000238328, 99999.9, -0.1375
0.3675, 1, 0, 100000, 0.1379, -0.000238328, 99999.9, -0.1325
0.3725, 1, 0, 100000, 0.1379, -0.000238328, 99999.9, -0.1275
0.3775, 1, 1.05787e-14, 100000, 0.1379, -0.000238328, 99999.9, -0.1225
0.3825, 1, 1.26945e-13, 100000, 0.1379, -0.000238328, 99999.9, -0.1175
0.3875, 1, 8.67457e-13, 100000, 0.1379, -0.000238328, 99999.9, -0.1125
0.3925, 1, 4.55944e-12, 100000, 0.1379, -0.000238328, 99999.9, -0.1075
0.3975, 1, 2.24163e-11, 100000, 0.1379, -0.000238328, 99999.9, -0.1025
0.4025, 1, 1.00868e-10, 100000, 0.1379, -0.000238328, 99999.9, -0.0975
0.4075, 1, 4.18548e-10, 100000, 0.1379, -0.000238328, 99999.9, -0.0925
0.4125, 1, 1.6114e-09, 100000, 0.1379, -0.000238328, 99999.9, -0.0875
0.4175, 1, 5.78575e-09, 100000, 0.1379, -0.000238328, 99999.9, -0.0825
0.4225, 1, 1.9474e-08, 100000, 0.1379, -0.000238328, 99999.9, -0.0775
0.4275, 1, 6.17303e-08, 100000, 0.1379, -0.000238328, 99999.9, -0.0725
0.4325, 1, 1.85883e-07, 100000, 0.1379, -0.000238328, 99999.9, -0.0675
0.4375, 1, 5.22352e-07, 100000, 0.1379, -0.000238328, 99999.9, -0.0625
0.4425, 1, 1.473e-06, 100000, 0.1379, -0.000238328, 99999.9, -0.0575
0.4475, 1, 3.05647e-06, 100000, 0.1379, -0.000238328, 99999.9, -0.0525
0.4525, 1, 4.68265e-06, 100000, 0.1379, -0.000238328, 99999.9, -0.0475
0.4575, 1, 5.8865e-06, 100000, 0.1379, -0.000238328, 99999.9, -0.0425
0.4625, 1, 6.61539e-06, 100000, 0.1379, -0.000238328, 99999.9, -0.0375
0.4675, 1, 6.98583e-06, 100000, 0.1379, -0.000238328, 99999.9, -0.0325
0.4725, 1, 7.13752e-06, 100000, 0.1379, -0.000238328, 99999.9, -0.0275
0.4775, 1, 7.18047e-06, 100000, 0.1379, -0.000238328, 99999.9, -0.0225
0.4825, 1, 7.15455e-06, 100000, 0.1379, -0.000238328, 99999.9, -0.0175
0.4875, 1, 6.8349e-06, 100000, 0.1379, -0.000238328, 99999.9, -0.0125
0.4925, 1, 3.89915e-06, 100000, 0.1379, -0.000238328, 99999.9, -0.00749999
0.4975, 1, -4.88482e-05, 100000, 0.1379, -0.000391647, 99999.9, -0.00249999
0.5025, 1, -0.000171596, 99999.9, 0.1379, -0.000427824, 99999.9, 0.00250001
0.5075, 0.999999, -0.000238328, 99999.9, 0.1379, -0.000429952, 99999.9, 0.00750001
0.5125, 0.999999, -0.000238328, 99999.9, 0.1379, -0.000429934, 99999.9, 0.0125
0.5175, 0.999999, -0.000238328, 99999.9, 0.1379, -0.000429909, 99999.9, 0.0175
0.5225, 0.999999, -0.000238328, 99999.9, 0.1379, -0.000429879, 99999.9, 0.0225
0.5275, 0.999999, -0.000238328, 99999.9, 0.1379, -0.000429844, 99999.9, 0.0275
0.5325, 0.999999, -0.000238328, 99999.9, 0.1379, -0.000429809, 99999.9, 0.0325
0.5375, 0.999999, -0.000238328, 99999.9, 0.1379, -0.000429784, 99999.9, 0.0375
0.5425, 0.999999, -0.000238328, 99999.9, 0.1379, -0.000429773, 99999.9, 0.0425
0.5475, 0.999999, -0.000238328, 99999.9, 0.1379, -0.000429773, 99999.9, 0.0475
0.5525, 0.999999, -0.000238328, 99999.9, 0.1379, -0.000429791, 99999.9, 0.0525
0.5575, 0.999999, -0.000238328, 99999.9, 0.1379, -0.000429841, 99999.9, 0.0575
0.5625, 0.999999, -0.000238328, 99999.9, 0.1379, -0.000429908, 99999.9, 0.0625
0.5675, 0.999999, -0.000238328, 99999.9, 0.1379, -0.000429989, 99999.9, 0.0675
0.5725, 0.999999, -0.000238328, 99999.9, 0.1379, -0.00043006, 99999.9, 0.0725
0.5775, 0.999999, -0.000238328, 99999.9, 0.1379, -0.000430103, 99999.9, 0.0775
0.5825, 0.999999, -0.000238328, 99999.9, 0.1379, -0.000430117, 99999.9, 0.0825
0.5875, 0.999999, -0.000238328, 99999.9, 0.1379, -0.000430108, 99999.9, 0.0875
0.5925, 0.999999, -0.000238328, 99999.9, 0.1379, -0.000430025, 99999.9, 0.0925
0.5975, 0.999999, -0.000238328, 99999.9, 0.1379, -0.00042973, 99999.9, 0.0975
0.6025, 0.999999, -0.000238328, 99999.9, 0.1379, -0.000429165, 99999.9, 0.1025
0.6075, 0.999999, -0.000238328, 99999.9, 0.1379, -0.000428104, 99999.9, 0.1075
0.6125, 0.999999, -0.000238328, 99999.9, 0.1379, -0.000425858, 99999.9, 0.1125
0.6175, 0.999999, -0.000238328, 99999.9, 0.1379, -0.000420522, 99999.9, 0.1175
0.6225, 0.999999, -0.000238328, 99999.9, 0.1379, -0.000405772, 99999.9, 0.1225
0.6275, 0.999999, -0.000238328, 99999.9, 0.1379, -0.000357412, 99999.9, 0.1275
0.6325, 0.999999, -0.000238328, 99999.9, 0.1379, -0.000248558, 100000, 0.1325
0.6375, 0.999999, -0.000238328, 99999.9, 0.1379, -0.000137355, 100000, 0.1375
0.6425, 0.999999, -0.000238328, 99999.9, 0.1379, -6.19002e-05, 100000, 0.1425
0.6475, 0.999999, -0.000238328, 99999.9, 0.1379, -2.21474e-05, 100000, 0.1475
0.6525, 0.999999, -0.000238328, 99999.9, 0.1379, -6.05065e-06, 100000, 0.1525
0.6575, 0.999999, -0.000238328, 99999.9, 0.1379, -1.18625e-06, 100000, 0.1575
0.6625, 0.999999, -0.000238328, 99999.9, 0.1379, -1.48715e-07, 100000, 0.1625
0.6675, 0.999999, -0.000238328, 99999.9, 0.1379, -8.96094e-09, 100000, 0.1675
0.6725, 0.999999, -0.000238328, 99999.9, 0.1379, 1.53426e-13, 100000, 0.1725
0.6775, 0.999999, -0.000238328, 99999.9, 0.1379, 0, 100000, 0.1775
0.6825, 0.999999, -0.000238328, 99999.9, 0.1379, 0, 100000, 0.1825
0.6875, 0.999999, -0.000238328, 99999.9, 0.1379, 0, 100000, 0.1875
0.6925, 0.999999, -0.000238328, 99999.9, 0.1379, 0, 100000, 0.1925
0.6975, 0.999999, -0.000238328, 99999.9, 0.1379, 0, 100000, 0.1975
0.7025, 0.999999, -0.000238328, 99999.9, 0.1379, 0, 100000, 0.2025
0.7075, 0.999999, -0.000238328, 99999.9, 0.1379, 0, 100000, 0.2075
0.7125, 0.999999, -0.000238328, 99999.9, 0.1379, 0, 100000, 0.2125
0.7175, 0.999999, -0.000238328, 99999.9, 0.1379, 0, 100000, 0.2175
0.7225, 0.999999, -0.000238328, 99999.9, 0.1379, 0, 100000, 0.2225
0.7275, 0.999999, -0.000238328, 99999.9, 0.1379, 0, 100000, 0.2275
0.7325, 0.999999, -0.000238328, 99999.9, 0.1379, 0, 100000, 0.2325
0.7375, 0.999999, -0.000238328, 99999.9, 0.1379, 0, 100000, 0.2375
0.7425, 0.999999, -0.000238328, 99999.9, 0.1379, 0, 100000, 0.2425
0.7475, 0.999999, -0.000238328, 99999.9, 0.1379, 0, 100000, 0.2475
0.7525, 0.999999, -0.000238328, 99999.9, 0.1379, 0, 100000, 0.2525
0.7575, 0.999999, -0.000238328, 99999.9, 0.1379, 0, 100000, 0.2575
0.7625, 0.999999, -0.000238328, 99999.9, 0.1379, 0, 100000, 0.2625
0.7675, 0.999999, -0.000238328, 99999.9, 0.1379, 0, 100000, 0.2675
0.7725, 0.999999, -0.000238328, 99999.9, 0.1379, 0, 100000, 0.2725
0.7775, 0.999999, -0.000238328, 99999.9, 0.1379, 0, 100000, 0.2775
0.7825, 0.999999, -0.000238328, 99999.9, 0.1379, 0, 100000, 0.2825
0.7875, 0.999999, -0.000238328, 99999.9, 0.1379, 0, 100000, 0.2875
0.7925, 0.999999, -0.000238328, 99999.9, 0.1379, 0, 100000, 0.2925
0.7975, 0.999999, -0.000238328, 99999.9, 0.1379, 0, 100000, 0.2975
0.8025, 0.999999, -0.000238328, 99999.9, 0.1379, 0, 100000, 0.3025
0.8075, 0.999999, -0.000238328, 99999.9, 0.1379, 0, 100000, 0.3075
0.8125, 0.999999, -0.000238328, 99999.9, 0.1379, 0, 100000, 0.3125
0.8175, 0.999999, -0.000238328, 99999.9, 0.1379, 0, 100000, 0.3175
0.8225, 0.999999, -0.000238328, 99999.9, 0.1379, 0, 100000, 0.3225
0.8275, 0.999999, -0.000238328, 99999.9, 0.1379, 0, 100000, 0.3275
0.8325, 0.999999, -0.000238328, 99999.9, 0.1379, 0, 100000, 0.3325
0.8375, 0.999999, -0.000238328, 99999.9, 0.1379, 0, 100000, 0.3375
0.8425, 0.999999, -0.000238328, 99999.9, 0.1379, 0, 100000, 0.3425
0.8475, 0.999999, -0.000238328, 99999.9, 0.1379, 0, 100000, 0.3475
0.8525, 0.999999, -0.000238328, 99999.9, 0.1379, 0, 100000, 0.3525
0.8575, 0.999999, -0.000238328, 99999.9, 0.1379, 0, 100000, 0.3575
0.8625, 0.999999, -0.000238328, 99999.9, 0.1379, 0, 100000, 0.3625
0.8675, 0.999999, -0.000238328, 99999.9, 0.1379, 0, 100000, 0.3675
0.8725, 0.999999, -0.000238328, 99999.9, 0.1379, 0, 100000, 0.3725
0.8775, 0.999999, -0.000238328, 99999.9, 0.1379, 0, 100000, 0.3775
0.8825, 0.999999, -0.000238328, 99999.9, 0.1379, 0, 100000, 0.3825
0.8875, 0.999999, -0.000238328, 99999.9, 0.1379, 0, 100000, 0.3875
0.8925, 0.999999, -0.000238328, 99999.9, 0.1379, 0, 100000, 0.3925
0.8975, 0.999999, -0.000238328, 99999.9, 0.1379, 0, 100000, 0.3975
0.9025, 0.999999, -0.000238328, 99999.9, 0.1379, 0, 100000, 0.4025
0.9075, 0.999999, -0.000238328, 99999.9, 0.1379, 0, 100000, 0.4075
0.9125, 0.999999, -0.000238328, 99999.9, 0.1379, 0, 100000, 0.4125
0.9175, 0.999999, -0.000238328, 99999.9, 0.1379, 0, 100000, 0.4175
0.9225, 0.999999, -0.000238328, 99999.9, 0.1379, 0, 100000, 0.4225
0.9275, 0.999999, -0.000238328, 99999.9, 0.1379, 0, 100000, 0.4275
0.9325, 0.999999, -0.000238328, 99999.9, 0.1379, 0, 100000, 0.4325
0.9375, 0.999999, -0.000238328, 99999.9, 0.1379, 0, 100000, 0.4375
0.9425, 0.999999, -0.000238328, 99999.9, 0.1379, 0, 100000, 0.4425
0.9475, 0.999999, -0.000238328, 99999.9, 0.1379, 0, 100000, 0.4475
0.9525, 0.999999, -0.000238328, 99999.9, 0.1379, 0, 100000, 0.4525
0.9575, 0.999999, -0.000238328, 99999.9, 0.1379, 0, 100000, 0.4575
0.9625, 0.999999, -0.000238328, 99999.9, 0.1379, 0, 100000, 0.4625
0.9675, 0.999999, -0.000238328, 99999.9, 0.1379, 0, 100000, 0.4675
0.9725, 0.999999, -0.000238328, 99999.9, 0.1379, 0, 100000, 0.4725
0.9775, 0.999999, -0.000238328, 99999.9, 0.1379, 0, 100000, 0.4775
0.9825, 0.999999, -0.000238328, 99999.9, 0.1379, 0, 100000, 0.4825
0.9875, 0.999999, -0.000238328, 99999.9, 0.1379, 0, 100000, 0.4875
0.9925, 0.999999, -0.000238328, 99999.9, 0.1379, 0, 100000, 0.4925
0.9975, 0.999999, -0.000238328, 99999.9, 0.1379, 0, 100000, 0.4975
