0.0025, 1.33273, 111.861, 149960, 0.1379, -0.000238512, 99999.9, -0.4975
0.0075, 1.33275, 111.855, 149964, 0.1379, -0.000238512, 99999.9, -0.492907
0.0125, 1.33278, 111.846, 149969, 0.1379, -0.000238512, 99999.9, -0.487907
0.0175, 1.33281, 111.838, 149973, 0.1379, -0.000238512, 99999.9, -0.482907
0.0225, 1.33284, 111.831, 149976, 0.1379, -0.000238512, 99999.9, -0.477906
0.0275, 1.33287, 111.826, 149979, 0.1379, -0.000238512, 99999.9, -0.472906
0.0325, 1.3329, 111.823, 149981, 0.1379, -0.000238512, 99999.9, -0.467906
0.0375, 1.33291, 111.821, 149982, 0.1379, -0.000238512, 99999.9, -0.462906
0.0425, 1.33291, 111.82, 149982, 0.1379, -0.000238512, 99999.9, -0.457906
0.0475, 1.33291, 111.819, 149983, 0.1379, -0.000238512, 99999.9, -0.452906
0.0525, 1.3329, 111.82, 149982, 0.1379, -0.000238512, 99999.9, -0.447906
0.0575, 1.33289, 111.82, 149982, 0.1379, -0.000238512, 99999.9, -0.442906
0.0625, 1.33287, 111.82, 149982, 0.1379, -0.000238512, 99999.9, -0.437906
0.0675, 1.3328, 111.82, 149982, 0.1379, -0.000238512, 99999.9, -0.432906
0.0725, 1.33261, 111.818, 149984, 0.1379, -0.000238512, 99999.9, -0.427906
0.0775, 1.33215, 111.814, 149985, 0.1379, -0.000238512, 99999.9, -0.422906
0.0825, 1.33141, 111.811, 149987, 0.1379, -0.000238512, 99999.9, -0.417906
0.0875, 1.33064, 111.808, 149989, 0.1379, -0.000238512, 99999.9, -0.412906
0.0925, 1.33008, 111.806, 149991, 0.1379, -0.000238512, 99999.9, -0.407906
0.0975, 1.32973, 111.804, 149992, 0.1379, -0.000238512, 99999.9, -0.402906
0.1025, 1.32957, 111.803, 149992, 0.1379, -0.000238512, 99999.9, -0.397906
0.1075, 1.32954, 111.803, 149992, 0.1379, -0.000238512, 99999.9, -0.392906
0.1125, 1.3296, 111.804, 149991, 0.1379, -0.000238512, 99999.9, -0.387906
0.1175, 1.32998, 111.807, 149990, 0.1379, -0.000238512, 99999.9, -0.382906
0.1225, 1.33082, 111.809, 149988, 0.1379, -0.000238512, 99999.9, -0.377906
0.1275, 1.33173, 111.81, 149987, 0.1379, -0.000238512, 99999.9, -0.372906
0.1325, 1.33244, 111.809, 149987, 0.1379, -0.000238512, 99999.9, -0.367906
0.1375, 1.33295, 111.808, 149987, 0.1379, -0.000238512, 99999.9, -0.362906
0.1425, 1.33328, 111.807, 149988, 0.1379, -0.000238512, 99999.9, -0.357906
0.1475, 1.33347, 111.805, 149989, 0.1379, -0.000238512, 99999.9, -0.352906
0.1525, 1.33356, 111.804, 149991, 0.1379, -0.000238512, 99999.9, -0.347906
0.1575, 1.33359, 111.805, 149992, 0.1379, -0.000238512, 99999.9, -0.342906
0.1625, 1.33359, 111.807, 149993, 0.1379, -0.000238512, 99999.9, -0.337906
0.1675, 1.33354, 111.809, 149992, 0.1379, -0.000238512, 99999.9, -0.332906
0.1725, 1.33337, 111.813, 149992, 0.1379, -0.000238512, 99999.9, -0.327906
0.1775, 1.33304, 111.812, 149993, 0.1379, -0.000238512, 99999.9, -0.322906
0.1825, 1.33264, 111.798, 149993, 0.1379, -0.000238512, 99999.9, -0.317906
0.1875, 1.33219, 111.761, 149982, 0.1379, -0.000238512, 99999.9, -0.312906
0.1925, 1.33161, 111.655, 149924, 0.1379, -0.000238512, 99999.9, -0.307906
0.1975, 1.33059, 111.28, 149725, 0.1379, -0.000238512, 99999.9, -0.302904
0.2025, 1.32733, 110.007, 149057, 0.1379, -0.000238512, 99999.9, -0.297896
0.2075, 1.30895, 104.312, 146064, 0.1379, -0.000238512, 99999.9, -0.292864
0.2125, 1.24896, 86.2804, 136926, 0.1379, -0.000238512, 99999.9, -0.287781
0.2175, 1.15849, 57.0397, 123271, 0.1379, -0.000238512, 99999.9, -0.282674
0.2225, 1.08649, 31.9012, 112512, 0.1379, -0.000238512, 99999.9, -0.277594
0.2275, 1.04296, 16.0079, 106130, 0.1379, -0.000238512, 99999.9, -0.272546
0.2325, 1.02002, 7.48607, 102831, 0.1379, -0.000238512, 99999.9, -0.267521
0.2375, 1.00896, 3.3523, 101260, 0.1379, -0.000238512, 99999.9, -0.262509
0.2425, 1.0039, 1.45856, 100547, 0.1379, -0.000238512, 99999.9, -0.257504
0.2475, 1.00166, 0.6205, 100232, 0.1379, -0.000238512, 99999.9, -0.252502
0.2525, 1.00069, 0.258601, 100097, 0.1379, -0.000238512, 99999.9, -0.247501
0.2575, 1.00028, 0.105574, 100040, 0.1379, -0.000238512, 99999.9, -0.2425
0.2625, 1.00011, 0.0421823, 100016, 0.1379, -0.000238512, 99999.9, -0.2375
0.2675, 1.00004, 0.0164755, 100006, 0.1379, -0.000238512, 99999.9, -0.2325
0.2725, 1.00002, 0.00628297, 100002, 0.1379, -0.000238512, 99999.9, -0.2275
0.2775, 1.00001, 0.00233681, 100001, 0.1379, -0.000238512, 99999.9, -0.2225
0.2825, 1, 0.000846796, 100000, 0.1379, -0.000238512, 99999.9, -0.2175
0.2875, 1, 0.000298703, 100000, 0.1379, -0.000238512, 99999.9, -0.2125
0.2925, 1, 0.000102485, 100000, 0.1379, -0.000238512, 99999.9, -0.2075
0.2975, 1, 3.41768e-05, 100000, 0.1379, -0.000238512, 99999.9, -0.2025
0.3025, 1, 1.10704e-05, 100000, 0.1379, -0.000238512, 99999.9, -0.1975
0.3075, 1, 3.48096e-06, 100000, 0.1379, -0.000238512, 99999.9, -0.1925
0.3125, 1, 1.06377e-06, 100000, 0.1379, -0.000238512, 99999.9, -0.1875
0.3175, 1, 3.25034e-07, 100000, 0.1379, -0.000238512, 99999.9, -0.1825
0.3225, 1, 1.25552e-07, 100000, 0.1379, -0.000238512, 99999.9, -0.1775
0.3275, 1, 1.0035e-07, 100000, 0.1379, -0.000238512, 99999.9, -0.1725
0.3325, 1, 1.67431e-07, 100000, 0.1379, -0.000238512, 99999.9, -0.1675
0.3375, 1, 3.92047e-07, 100000, 0.1379, -0.000238512, 99999.9, -0.1625
0.3425, 1, 9.80549e-07, 100000, 0.1379, -0.000238512, 99999.9, -0.1575
0.3475, 1, 1.98695e-06, 100000, 0.1379, -0.000238512, 99999.9, -0.1525
0.3525, 1, 3.22365e-06, 100000, 0.1379, -0.000238512, 99999.9, -0.1475
0.3575, 1, 4.37295e-06, 100000, 0.1379, -0.000238512, 99999.9, -0.1425
0.3625, 1, 5.28374e-06, 100000, 0.1379, -0.000238512, 99999.9, -0.1375
0.3675, 1, 5.95298e-06, 100000, 0.1379, -0.000238512, 99999.9, -0.1325
0.3725, 1, 6.41072e-06, 100000, 0.1379, -0.000238512, 99999.9, -0.1275
0.3775, 1, 6.70029e-06, 100000, 0.1379, -0.000238512, 99999.9, -0.1225
0.3825, 1, 6.86664e-06, 100000, 0.1379, -0.000238512, 99999.9, -0.1175
0.3875, 1, 6.95e-06, 100000, 0.1379, -0.000238512, 99999.9, -0.1125
0.3925, 1, 6.98245e-06, 100000, 0.1379, -0.000238512, 99999.9, -0.1075
0.3975, 1, 6.98914e-06, 100000, 0.1379, -0.000238512, 99999.9, -0.1025
0.4025, 1, 6.98258e-06, 100000, 0.1379, -0.000238512, 99999.9, -0.0975
0.4075, 1, 6.95022e-06, 100000, 0.1379, -0.000238512, 99999.9, -0.0925
0.4125, 1, 6.90441e-06, 100000, 0.1379, -0.000238512, 99999.9, -0.0875
0.4175, 1, 6.86864e-06, 100000, 0.1379, -0.000238512, 99999.9, -0.0825
0.4225, 1, 6.84679e-06, 100000, 0.1379, -0.000238512, 99999.9, -0.0775
0.4275, 1, 6.83495e-06, 100000, 0.1379, -0.000238512, 99999.9, -0.0725
0.4325, 1, 6.82966e-06, 100000, 0.1379, -0.000238512, 99999.9, -0.0675
0.4375, 1, 6.8281e-06, 100000, 0.1379, -0.000238512, 99999.9, -0.0625
0.4425, 1, 6.8282e-06, 100000, 0.1379, -0.000238512, 99999.9, -0.0575
0.4475, 1, 6.83049e-06, 100000, 0.1379, -0.000238512, 99999.9, -0.0525
0.4525, 1, 6.83534e-06, 100000, 0.1379, -0.000238512, 99999.9, -0.0475
0.4575, 1, 6.84013e-06, 100000, 0.1379, -0.000238512, 99999.9, -0.0425
0.4625, 1, 6.84361e-06, 100000, 0.1379, -0.000238512, 99999.9, -0.0375
0.4675, 1, 6.84606e-06, 100000, 0.1379, -0.000238512, 99999.9, -0.0325
0.4725, 1, 6.84712e-06, 100000, 0.1379, -0.000238512, 99999.9, -0.0275
0.4775, 1, 6.84484e-06, 100000, 0.1379, -0.000238512, 99999.9, -0.0225
0.4825, 1, 6.8191e-06, 100000, 0.1379, -0.000238512, 99999.9, -0.0175
0.4875, 1, 6.54375e-06, 100000, 0.1379, -0.000238512, 99999.9, -0.0125
0.4925, 1, 3.67395e-06, 100000, 0.1379, -0.000238512, 99999.9, -0.00749998
0.4975, 1, -4.90141e-05, 100000, 0.1379, -0.000391831, 99999.9, -0.00249998
0.5025, 1, -0.000171774, 99999.9, 0.1379, -0.00042801, 99999.9, 0.00250002
0.5075, 0.999999, -0.000238512, 99999.9, 0.1379, -0.000430159, 99999.9, 0.00750002
0.5125, 0.999999, -0.000238512, 99999.9, 0.1379, -0.000430162, 99999.9, 0.0125
0.5175, 0.999999, -0.000238512, 99999.9, 0.1379, -0.000430162, 99999.9, 0.0175
0.5225, 0.999999, -0.000238512, 99999.9, 0.1379, -0.000430162, 99999.9, 0.0225
0.5275, 0.999999, -0.000238512, 99999.9, 0.1379, -0.000430162, 99999.9, 0.0275
0.5325, 0.999999, -0.000238512, 99999.9, 0.1379, -0.000430162, 99999.9, 0.0325
0.5375, 0.999999, -0.000238512, 99999.9, 0.1379, -0.000430162, 99999.9, 0.0375
0.5425, 0.999999, -0.000238512, 99999.9, 0.1379, -0.000430162, 99999.9, 0.0425
0.5475, 0.999999, -0.000238512, 99999.9, 0.1379, -0.000430162, 99999.9, 0.0475
0.5525, 0.999999, -0.000238512, 99999.9, 0.1379, -0.000430161, 99999.9, 0.0525
0.5575, 0.999999, -0.000238512, 99999.9, 0.1379, -0.00043016, 99999.9, 0.0575
0.5625, 0.999999, -0.000238512, 99999.9, 0.1379, -0.000430159, 99999.9, 0.0625
0.5675, 0.999999, -0.000238512, 99999.9, 0.1379, -0.000430158, 99999.9, 0.0675
0.5725, 0.999999, -0.000238512, 99999.9, 0.1379, -0.000430157, 99999.9, 0.0725
0.5775, 0.999999, -0.000238512, 99999.9, 0.1379, -0.000430156, 99999.9, 0.0775
0.5825, 0.999999, -0.000238512, 99999.9, 0.1379, -0.000430154, 99999.9, 0.0825
0.5875, 0.999999, -0.000238512, 99999.9, 0.1379, -0.000430153, 99999.9, 0.0875
0.5925, 0.999999, -0.000238512, 99999.9, 0.1379, -0.000430152, 99999.9, 0.0925
0.5975, 0.999999, -0.000238512, 99999.9, 0.1379, -0.000430151, 99999.9, 0.0975
0.6025, 0.999999, -0.000238512, 99999.9, 0.1379, -0.00043015, 99999.9, 0.1025
0.6075, 0.999999, -0.000238512, 99999.9, 0.1379, -0.000430149, 99999.9, 0.1075
0.6125, 0.999999, -0.000238512, 99999.9, 0.1379, -0.000430148, 99999.9, 0.1125
0.6175, 0.999999, -0.000238512, 99999.9, 0.1379, -0.000430148, 99999.9, 0.1175
0.6225, 0.999999, -0.000238512, 99999.9, 0.1379, -0.000430148, 99999.9, 0.1225
0.6275, 0.999999, -0.000238512, 99999.9, 0.1379, -0.000430148, 99999.9, 0.1275
0.6325, 0.999999, -0.000238512, 99999.9, 0.1379, -0.000430148, 99999.9, 0.1325
0.6375, 0.999999, -0.000238512, 99999.9, 0.1379, -0.000430149, 99999.9, 0.1375
0.6425, 0.999999, -0.000238512, 99999.9, 0.1379, -0.00043015, 99999.9, 0.1425
0.6475, 0.999999, -0.000238512, 99999.9, 0.1379, -0.000430151, 99999.9, 0.1475
0.6525, 0.999999, -0.000238512, 99999.9, 0.1379, -0.000430152, 99999.9, 0.1525
0.6575, 0.999999, -0.000238512, 99999.9, 0.1379, -0.000430154, 99999.9, 0.1575
0.6625, 0.999999, -0.000238512, 99999.9, 0.1379, -0.000430156, 99999.9, 0.1625
0.6675, 0.999999, -0.000238512, 99999.9, 0.1379, -0.000430159, 99999.9, 0.1675
0.6725, 0.999999, -0.000238512, 99999.9, 0.1379, -0.000430162, 99999.9, 0.1725
0.6775, 0.999999, -0.000238512, 99999.9, 0.1379, -0.000430167, 99999.9, 0.1775
0.6825, 0.999999, -0.000238512, 99999.9, 0.1379, -0.000430172, 99999.9, 0.1825
0.6875, 0.999999, -0.000238512, 99999.9, 0.1379, -0.000430177, 99999.9, 0.1875
0.6925, 0.999999, -0.000238512, 99999.9, 0.1379, -0.000430181, 99999.9, 0.1925
0.6975, 0.999999, -0.000238512, 99999.9, 0.1379, -0.000430184, 99999.9, 0.1975
0.7025, 0.999999, -0.000238512, 99999.9, 0.1379, -0.000430186, 99999.9, 0.2025
0.7075, 0.999999, -0.000238512, 99999.9, 0.1379, -0.000430187, 99999.9, 0.2075
0.7125, 0.999999, -0.000238512, 99999.9, 0.1379, -0.000430187, 99999.9, 0.2125
0.7175, 0.999999, -0.000238512, 99999.9, 0.1379, -0.000430187, 99999.9, 0.2175
0.7225, 0.999999, -0.000238512, 99999.9, 0.1379, -0.000430184, 99999.9, 0.2225
0.7275, 0.999999, -0.000238512, 99999.9, 0.1379, -0.000430177, 99999.9, 0.2275
0.7325, 0.999999, -0.000238512, 99999.9, 0.1379, -0.000430167, 99999.9, 0.2325
0.7375, 0.999999, -0.000238512, 99999.9, 0.1379, -0.000430154, 99999.9, 0.2375
0.7425, 0.999999, -0.000238512, 99999.9, 0.1379, -0.000430138, 99999.9, 0.2425
0.7475, 0.999999, -0.000238512, 99999.9, 0.1379, -0.000430117, 99999.9, 0.2475
0.7525, 0.999999, -0.000238512, 99999.9, 0.1379, -0.000430093, 99999.9, 0.2525
0.7575, 0.999999, -0.000238512, 99999.9, 0.1379, -0.000430069, 99999.9, 0.2575
0.7625, 0.999999, -0.000238512, 99999.9, 0.1379, -0.000430046, 99999.9, 0.2625
0.7675, 0.999999, -0.000238512, 99999.9, 0.1379, -0.000430024, 99999.9, 0.2675
0.7725, 0.999999, -0.000238512, 99999.9, 0.1379, -0.000430003, 99999.9, 0.2725
0.7775, 0.999999, -0.000238512, 99999.9, 0.1379, -0.000429983, 99999.9, 0.2775
0.7825, 0.999999, -0.000238512, 99999.9, 0.1379, -0.000429961, 99999.9, 0.2825
0.7875, 0.999999, -0.000238512, 99999.9, 0.1379, -0.000429934, 99999.9, 0.2875
0.7925, 0.999999, -0.000238512, 99999.9, 0.1379, -0.000429903, 99999.9, 0.2925
0.7975, 0.999999, -0.000238512, 99999.9, 0.1379, -0.000429868, 99999.9, 0.2975
0.8025, 0.999999, -0.000238512, 99999.9, 0.1379, -0.000429838, 99999.9, 0.3025
0.8075, 0.999999, -0.000238512, 99999.9, 0.1379, -0.000429816, 99999.9, 0.3075
0.8125, 0.999999, -0.000238512, 99999.9, 0.1379, -0.000429802, 99999.9, 0.3125
0.8175, 0.999999, -0.000238512, 99999.9, 0.1379, -0.000429796, 99999.9, 0.3175
0.8225, 0.999999, -0.000238512, 99999.9, 0.1379, -0.000429795, 99999.9, 0.3225
0.8275, 0.999999, -0.000238512, 99999.9, 0.1379, -0.000429803, 99999.9, 0.3275
0.8325, 0.999999, -0.000238512, 99999.9, 0.1379, -0.000429843, 99999.9, 0.3325
0.8375, 0.999999, -0.000238512, 99999.9, 0.1379, -0.00042992, 99999.9, 0.3375
0.8425, 0.999999, -0.000238512, 99999.9, 0.1379, -0.000429986, 99999.9, 0.3425
0.8475, 0.999999, -0.000238512, 99999.9, 0.1379, -0.000430033, 99999.9, 0.3475
0.8525, 0.999999, -0.000238512, 99999.9, 0.1379, -0.000430058, 99999.9, 0.3525
0.8575, 0.999999, -0.000238512, 99999.9, 0.1379, -0.000430068, 99999.9, 0.3575
0.8625, 0.999999, -0.000238512, 99999.9, 0.1379, -0.000430069, 99999.9, 0.3625
0.8675, 0.999999, -0.000238512, 99999.9, 0.1379, -0.000430053, 99999.9, 0.3675
0.8725, 0.999999, -0.000238512, 99999.9, 0.1379, -0.000429974, 99999.9, 0.3725
0.8775, 0.999999, -0.000238512, 99999.9, 0.1379, -0.0004297, 99999.9, 0.3775
0.8825, 0.999999, -0.000238512, 99999.9, 0.1379, -0.000428846, 99999.9, 0.3825
0.8875, 0.999999, -0.000238512, 99999.9, 0.1379, -0.000426284, 99999.9, 0.3875
0.8925, 0.999999, -0.000238512, 99999.9, 0.1379, -0.000418576, 99999.9, 0.3925
0.8975, 0.999999, -0.000238512, 99999.9, 0.1379, -0.000393569, 99999.9, 0.3975
0.9025, 0.999999, -0.000238512, 99999.9, 0.1379, -0.000326772, 100000, 0.4025
0.9075, 0.999999, -0.000238512, 99999.9, 0.1379, -0.000238193, 100000, 0.4075
0.9125, 0.999999, -0.000238512, 99999.9, 0.1379, -0.000159294, 100000, 0.4125
0.9175, 0.999999, -0.000238512, 99999.9, 0.1379, -9.84632e-05, 100000, 0.4175
0.9225, 0.999999, -0.000238512, 99999.9, 0.1379, -5.61725e-05, 100000, 0.4225
0.9275, 0.999999, -0.000238512, 99999.9, 0.1379, -2.95285e-05, 100000, 0.4275
0.9325, 0.999999, -0.000238512, 99999.9, 0.1379, -1.42752e-05, 100000, 0.4325
0.9375, 0.999999, -0.000238512, 99999.9, 0.1379, -6.33159e-06, 100000, 0.4375
0.9425, 0.999999, -0.000238512, 99999.9, 0.1379, -2.56913e-06, 100000, 0.4425
0.9475, 0.999999, -0.000238512, 99999.9, 0.1379, -9.50372e-07, 100000, 0.4475
0.9525, 0.999999, -0.000238512, 99999.9, 0.1379, -3.19165e-07, 100000, 0.4525
0.9575, 0.999999, -0.000238512, 99999.9, 0.1379, -9.68165e-08, 100000, 0.4575
0.9625, 0.999999, -0.000238512, 99999.9, 0.1379, -2.63646e-08, 100000, 0.4625
0.9675, 0.999999, -0.000238512, 99999.9, 0.1379, -6.39642e-09, 100000, 0.4675
0.9725, 0.999999, -0.000238512, 99999.9, 0.1379, -1.36987e-09, 100000, 0.4725
0.9775, 0.999999, -0.000238512, 99999.9, 0.1379, -2.55762e-10, 100000, 0.4775
0.9825, 0.999999, -0.000238512, 99999.9, 0.1379, -4.10415e-11, 100000, 0.4825
0.9875, 0.999999, -0.000238512, 99999.9, 0.1379, -5.60006e-12, 100000, 0.4875
0.9925, 0.999999, -0.000238512, 99999.9, 0.1379, -6.90418e-13, 100000, 0.4925
0.9975, 0.999999, -0.000238512, 99999.9, 0.1379, -3.83566e-13, 100000, 0.4975
