0.0025, 1.33293, 111.799, 149994, 0.158834, 159.256, 126617, -0.540822
0.0075, 1.33294, 111.797, 149994, 0.158834, 159.256, 126617, -0.536162
0.0125, 1.33294, 111.796, 149995, 0.158834, 159.256, 126617, -0.531162
0.0175, 1.33295, 111.795, 149995, 0.158834, 159.256, 126617, -0.526162
0.0225, 1.33295, 111.794, 149996, 0.158834, 159.256, 126617, -0.521162
0.0275, 1.33295, 111.794, 149996, 0.158834, 159.256, 126617, -0.516162
0.0325, 1.33295, 111.794, 149996, 0.158834, 159.256, 126617, -0.511162
0.0375, 1.33295, 111.794, 149996, 0.158834, 159.256, 126617, -0.506162
0.0425, 1.33295, 111.794, 149996, 0.158834, 159.256, 126617, -0.501162
0.0475, 1.33295, 111.795, 149995, 0.158834, 159.256, 126617, -0.496162
0.0525, 1.33294, 111.796, 149995, 0.158834, 159.256, 126617, -0.491162
0.0575, 1.33294, 111.798, 149994, 0.158834, 159.256, 126617, -0.486162
0.0625, 1.33293, 111.799, 149993, 0.158834, 159.256, 126617, -0.481162
0.0675, 1.33293, 111.8, 149993, 0.158834, 159.256, 126617, -0.476162
0.0725, 1.33293, 111.8, 149993, 0.158834, 159.256, 126617, -0.471162
0.0775, 1.33293, 111.8, 149993, 0.158834, 159.256, 126617, -0.466162
0.0825, 1.33293, 111.8, 149993, 0.158834, 159.256, 126617, -0.461162
0.0875, 1.33293, 111.8, 149993, 0.158834, 159.256, 126617, -0.456162
0.0925, 1.33293, 111.8, 149993, 0.158834, 159.256, 126617, -0.451162
0.0975, 1.33294, 111.799, 149993, 0.158834, 159.256, 126617, -0.446162
0.1025, 1.33295, 111.798, 149994, 0.158834, 159.256, 126617, -0.441162
0.1075, 1.33296, 111.797, 149995, 0.158834, 159.256, 126617, -0.436162
0.1125, 1.33297, 111.795, 149995, 0.158834, 159.256, 126617, -0.431162
0.1175, 1.33298, 111.794, 149996, 0.158834, 159.256, 126617, -0.426162
0.1225, 1.33298, 111.792, 149997, 0.158834, 159.256, 126617, -0.421162
0.1275, 1.33298, 111.791, 149997, 0.158834, 159.256, 126617, -0.416162
0.1325, 1.33298, 111.791, 149998, 0.158834, 159.256, 126617, -0.411162
0.1375, 1.33298, 111.791, 149998, 0.158834, 159.256, 126617, -0.406162
0.1425, 1.33297, 111.791, 149998, 0.158834, 159.256, 126617, -0.401162
0.1475, 1.33295, 111.792, 149997, 0.158834, 159.256, 126617, -0.396162
0.1525, 1.33291, 111.793, 149996, 0.158834, 159.256, 126617, -0.391162
0.1575, 1.33277, 111.795, 149996, 0.158834, 159.256, 126617, -0.386162
0.1625, 1.33251, 111.796, 149995, 0.158834, 159.256, 126617, -0.381162
0.1675, 1.33215, 111.797, 149995, 0.158834, 159.256, 126617, -0.376162
0.1725, 1.33179, 111.797, 149994, 0.158834, 159.256, 126617, -0.371162
0.1775, 1.33148, 111.798, 149994, 0.158834, 159.256, 126617, -0.366162
0.1825, 1.33124, 111.798, 149994, 0.158834, 159.256, 126617, -0.361162
0.1875, 1.33107, 111.798, 149994, 0.158834, 159.256, 126617, -0.356162
0.1925, 1.33096, 111.798, 149994, 0.158834, 159.256, 126617, -0.351162
0.1975, 1.3309, 111.798, 149994, 0.158834, 159.256, 126617, -0.346162
0.2025, 1.33088, 111.798, 149994, 0.158834, 159.256, 126617, -0.341162
0.2075, 1.33088, 111.798, 149994, 0.158834, 159.256, 126617, -0.336162
0.2125, 1.33091, 111.797, 149994, 0.158834, 159.256, 126617, -0.331162
0.2175, 1.33104, 111.796, 149995, 0.158834, 159.256, 126617, -0.326162
0.2225, 1.33133, 111.795, 149995, 0.158834, 159.256, 126617, -0.321162
0.2275, 1.33171, 111.794, 149996, 0.158834, 159.256, 126617, -0.316162
0.2325, 1.33206, 111.794, 149996, 0.158834, 159.256, 126617, -0.311162
0.2375, 1.33235, 111.793, 149996, 0.158834, 159.256, 126617, -0.306162
0.2425, 1.33257, 111.793, 149997, 0.158834, 159.256, 126617, -0.301162
0.2475, 1.33273, 111.793, 149997, 0.158834, 159.256, 126617, -0.296162
0.2525, 1.33284, 111.793, 149997, 0.158834, 159.256, 126617, -0.291162
0.2575, 1.33291, 111.793, 149996, 0.158834, 159.256, 126617, -0.286162
0.2625, 1.33295, 111.794, 149996, 0.158834, 159.256, 126617, -0.281162
0.2675, 1.33297, 111.795, 149996, 0.158834, 159.256, 126617, -0.276162
0.2725, 1.33299, 111.796, 149995, 0.158834, 159.256, 126617, -0.271162
0.2775, 1.33299, 111.796, 149995, 0.158834, 159.256, 126617, -0.266162
0.2825, 1.333, 111.797, 149995, 0.158834, 159.256, 126617, -0.261162
0.2875, 1.333, 111.797, 149995, 0.158834, 159.256, 126617, -0.256162
0.2925, 1.33301, 111.797, 149995, 0.158834, 159.256, 126617, -0.251162
0.2975, 1.33303, 111.796, 149995, 0.158834, 159.256, 126617, -0.246162
0.3025, 1.33308, 111.796, 149994, 0.158834, 159.256, 126617, -0.241162
0.3075, 1.33316, 111.796, 149994, 0.158834, 159.256, 126617, -0.236162
0.3125, 1.33323, 111.796, 149994, 0.158834, 159.256, 126617, -0.231162
0.3175, 1.33328, 111.796, 149995, 0.158834, 159.256, 126617, -0.226162
0.3225, 1.33331, 111.796, 149995, 0.158834, 159.256, 126617, -0.221162
0.3275, 1.33333, 111.795, 149995, 0.158834, 159.256, 126617, -0.216162
0.3325, 1.33334, 111.794, 149996, 0.158834, 159.256, 126617, -0.211162
0.3375, 1.33334, 111.793, 149997, 0.158834, 159.256, 126617, -0.206162
0.3425, 1.33333, 111.791, 149998, 0.158834, 159.256, 126617, -0.201162
0.3475, 1.3333, 111.79, 149999, 0.158834, 159.256, 126617, -0.196162
0.3525, 1.33325, 111.789, 149999, 0.158834, 159.256, 126617, -0.191162
0.3575, 1.33321, 111.789, 149999, 0.158834, 159.256, 126617, -0.186162
0.3625, 1.33319, 111.789, 149999, 0.158834, 159.256, 126617, -0.181162
0.3675, 1.33317, 111.791, 149998, 0.158834, 159.256, 126617, -0.176162
0.3725, 1.33315, 111.797, 149995, 0.158834, 159.256, 126617, -0.171162
0.3775, 1.3331, 111.813, 149986, 0.158834, 159.256, 126617, -0.166162
0.3825, 1.33298, 111.853, 149965, 0.158834, 159.256, 126617, -0.161162
0.3875, 1.33269, 111.949, 149914, 0.158834, 159.256, 126617, -0.156162
0.3925, 1.33198, 112.175, 149794, 0.158834, 159.256, 126617, -0.151163
0.3975, 1.33026, 112.705, 149514, 0.158834, 159.256, 126617, -0.146164
0.4025, 1.32592, 114.026, 148818, 0.158834, 159.256, 126617, -0.141168
0.4075, 1.3171, 116.693, 147422, 0.158834, 159.256, 126617, -0.136175
0.4125, 1.30353, 120.786, 145301, 0.158834, 159.256, 126617, -0.131187
0.4175, 1.28651, 125.982, 142646, 0.158834, 159.256, 126617, -0.126202
0.4225, 1.26811, 131.655, 139796, 0.158834, 159.256, 126617, -0.12122
0.4275, 1.25052, 137.113, 137099, 0.158834, 159.256, 126617, -0.116236
0.4325, 1.2348, 142.025, 134711, 0.158834, 159.256, 126617, -0.111252
0.4375, 1.22125, 146.29, 132666, 0.158834, 159.256, 126617, -0.106265
0.4425, 1.21002, 149.846, 130981, 0.158834, 159.256, 126617, -0.101276
0.4475, 1.20109, 152.689, 129647, 0.158834, 159.256, 126617, -0.0962854
0.4525, 1.19431, 154.864, 128636, 0.158834, 159.256, 126617, -0.0912923
0.4575, 1.18941, 156.452, 127902, 0.158834, 159.256, 126617, -0.0862974
0.4625, 1.1861, 157.556, 127393, 0.158834, 159.256, 126617, -0.0813009
0.4675, 1.18402, 158.285, 127058, 0.158834, 159.256, 126617, -0.0763033
0.4725, 1.18284, 158.74, 126849, 0.158834, 159.256, 126617, -0.0713047
0.4775, 1.18225, 159.008, 126727, 0.158834, 159.256, 126617, -0.0663056
0.4825, 1.18197, 159.154, 126661, 0.158834, 159.256, 126617, -0.0613061
0.4875, 1.18179, 159.222, 126628, 0.158834, 159.256, 126617, -0.0563063
0.4925, 1.18162, 159.25, 126613, 0.158834, 159.256, 126617, -0.0513064
0.4975, 1.18145, 159.259, 126611, 0.158834, 159.256, 126617, -0.0463064
0.5025, 1.18128, 159.25, 126616, 0.158834, 159.256, 126617, -0.0413064
0.5075, 1.18107, 159.238, 126620, 0.158834, 159.256, 126617, -0.0363064
0.5125, 1.18082, 159.23, 126621, 0.158834, 159.256, 126617, -0.0313064
0.5175, 1.18059, 159.229, 126619, 0.158834, 159.256, 126617, -0.0263064
0.5225, 1.18039, 159.232, 126617, 0.158834, 159.256, 126617, -0.0213064
0.5275, 1.18024, 159.239, 126616, 0.158834, 159.256, 126617, -0.0163064
0.5325, 1.18015, 159.247, 126616, 0.158834, 159.256, 126617, -0.0113064
0.5375, 1.18011, 159.252, 126617, 0.158834, 159.256, 126617, -0.00630643
0.5425, 1.1801, 159.255, 126617, 0.158834, 159.256, 126617, -0.00130644
0.5475, 1.1801, 159.256, 126617, 0.158834, 159.256, 126617, 0.00369356
0.5525, 1.1801, 159.256, 126617, 0.158834, 159.256, 126617, 0.00869356
0.5575, 1.1801, 159.256, 126617, 0.158833, 159.256, 126617, 0.0136936
0.5625, 1.1801, 159.256, 126617, 0.158832, 159.255, 126617, 0.0186936
0.5675, 1.1801, 159.256, 126617, 0.158831, 159.253, 126617, 0.0236936
0.5725, 1.1801, 159.256, 126617, 0.158829, 159.25, 126616, 0.0286936
0.5775, 1.1801, 159.256, 126617, 0.158828, 159.247, 126615, 0.0336936
0.5825, 1.1801, 159.256, 126617, 0.158827, 159.244, 126615, 0.0386936
0.5875, 1.1801, 159.256, 126617, 0.158826, 159.24, 126614, 0.0436936
0.5925, 1.1801, 159.256, 126617, 0.158825, 159.233, 126613, 0.0486937
0.5975, 1.1801, 159.256, 126617, 0.158824, 159.224, 126611, 0.0536937
0.6025, 1.1801, 159.256, 126617, 0.158822, 159.213, 126609, 0.0586937
0.6075, 1.1801, 159.256, 126617, 0.158821, 159.203, 126608, 0.0636937
0.6125, 1.1801, 159.256, 126617, 0.15882, 159.195, 126606, 0.0686938
0.6175, 1.1801, 159.256, 126617, 0.158818, 159.188, 126605, 0.0736938
0.6225, 1.1801, 159.256, 126617, 0.158817, 159.18, 126603, 0.0786938
0.6275, 1.1801, 159.256, 126617, 0.158816, 159.174, 126602, 0.0836938
0.6325, 1.1801, 159.256, 126617, 0.158815, 159.169, 126601, 0.0886938
0.6375, 1.1801, 159.256, 126617, 0.158815, 159.166, 126601, 0.0936938
0.6425, 1.1801, 159.256, 126617, 0.158814, 159.165, 126600, 0.0986938
0.6475, 1.1801, 159.256, 126617, 0.158814, 159.165, 126600, 0.103694
0.6525, 1.1801, 159.256, 126617, 0.158814, 159.167, 126601, 0.108694
0.6575, 1.1801, 159.256, 126617, 0.158815, 159.176, 126602, 0.113694
0.6625, 1.1801, 159.256, 126617, 0.158818, 159.196, 126606, 0.118694
0.6675, 1.1801, 159.256, 126617, 0.158821, 159.226, 126611, 0.123694
0.6725, 1.1801, 159.256, 126617, 0.158825, 159.261, 126618, 0.128693
0.6775, 1.1801, 159.256, 126617, 0.15883, 159.297, 126625, 0.133693
0.6825, 1.1801, 159.256, 126617, 0.158834, 159.332, 126631, 0.138693
0.6875, 1.1801, 159.256, 126617, 0.158839, 159.368, 126638, 0.143693
0.6925, 1.1801, 159.256, 126617, 0.158844, 159.409, 126645, 0.148693
0.6975, 1.1801, 159.256, 126617, 0.15885, 159.459, 126654, 0.153693
0.7025, 1.1801, 159.256, 126617, 0.158857, 159.512, 126664, 0.158693
0.7075, 1.1801, 159.256, 126617, 0.158864, 159.561, 126673, 0.163693
0.7125, 1.1801, 159.256, 126617, 0.158869, 159.599, 126680, 0.168692
0.7175, 1.1801, 159.256, 126617, 0.158873, 159.627, 126685, 0.173692
0.7225, 1.1801, 159.256, 126617, 0.158875, 159.643, 126688, 0.178692
0.7275, 1.1801, 159.256, 126617, 0.158875, 159.65, 126689, 0.183692
0.7325, 1.1801, 159.256, 126617, 0.158875, 159.651, 126689, 0.188692
0.7375, 1.1801, 159.256, 126617, 0.158873, 159.646, 126688, 0.193692
0.7425, 1.1801, 159.256, 126617, 0.158869, 159.617, 126683, 0.198693
0.7475, 1.1801, 159.256, 126617, 0.158859, 159.544, 126670, 0.203693
0.7525, 1.1801, 159.256, 126617, 0.158846, 159.453, 126653, 0.208693
0.7575, 1.1801, 159.256, 126617, 0.158831, 159.35, 126634, 0.213694
0.7625, 1.1801, 159.256, 126617, 0.158811, 159.208, 126608, 0.218694
0.7675, 1.1801, 159.256, 126617, 0.158779, 158.982, 126567, 0.223695
0.7725, 1.1801, 159.256, 126617, 0.158729, 158.632, 126503, 0.228697
0.7775, 1.1801, 159.256, 126617, 0.158662, 158.151, 126414, 0.233698
0.7825, 1.1801, 159.256, 126617, 0.158583, 157.579, 126310, 0.2387
0.7875, 1.1801, 159.256, 126617, 0.158499, 156.974, 126199, 0.243702
0.7925, 1.1801, 159.256, 126617, 0.15841, 156.332, 126082, 0.248704
0.7975, 1.1801, 159.256, 126617, 0.1583, 155.526, 125935, 0.253708
0.8025, 1.1801, 159.256, 126617, 0.158143, 154.373, 125724, 0.258712
0.8075, 1.1801, 159.256, 126617, 0.157929, 152.818, 125441, 0.263718
0.8125, 1.1801, 159.256, 126617, 0.157673, 150.97, 125106, 0.268724
0.8175, 1.1801, 159.256, 126617, 0.157346, 148.579, 124672, 0.273735
0.8225, 1.1801, 159.256, 126617, 0.156746, 144.18, 123878, 0.278762
0.8275, 1.1801, 159.256, 126617, 0.155099, 132.331, 121758, 0.283846
0.8325, 1.1801, 159.256, 126617, 0.150537, 98.3826, 115847, 0.288971
0.8375, 1.1801, 159.256, 126617, 0.14533, 58.4998, 109198, 0.294062
0.8425, 1.1801, 159.256, 126617, 0.142029, 32.7027, 105062, 0.299112
0.8475, 1.1801, 159.256, 126617, 0.14027, 18.8248, 102890, 0.304138
0.8525, 1.1801, 159.256, 126617, 0.139347, 11.5122, 101759, 0.309153
0.8575, 1.1801, 159.256, 126617, 0.138834, 7.43665, 101134, 0.314161
0.8625, 1.1801, 159.256, 126617, 0.138527, 4.99485, 100760, 0.319167
0.8675, 1.1801, 159.256, 126617, 0.138332, 3.44105, 100523, 0.32417
0.8725, 1.1801, 159.256, 126617, 0.138202, 2.40932, 100366, 0.329173
0.8775, 1.1801, 159.256, 126617, 0.138114, 1.70465, 100259, 0.334174
0.8825, 1.1801, 159.256, 126617, 0.138052, 1.21438, 100184, 0.339176
0.8875, 1.1801, 159.256, 126617, 0.138009, 0.869093, 100132, 0.344176
0.8925, 1.1801, 159.256, 126617, 0.137978, 0.623891, 100095, 0.349177
0.8975, 1.1801, 159.256, 126617, 0.137956, 0.448779, 100068, 0.354177
0.9025, 1.1801, 159.256, 126617, 0.137941, 0.323232, 100049, 0.359178
0.9075, 1.1801, 159.256, 126617, 0.137929, 0.232976, 100035, 0.364178
0.9125, 1.1801, 159.256, 126617, 0.137921, 0.167971, 100025, 0.369178
0.9175, 1.1801, 159.256, 126617, 0.137915, 0.121094, 100018, 0.374178
0.9225, 1.1801, 159.256, 126617, 0.137911, 0.0872631, 100013, 0.379178
0.9275, 1.1801, 159.256, 126617, 0.137908, 0.0628378, 100010, 0.384178
0.9325, 1.1801, 159.256, 126617, 0.137906, 0.0452005, 100007, 0.389178
0.9375, 1.1801, 159.256, 126617, 0.137904, 0.0324663, 100005, 0.394178
0.9425, 1.1801, 159.256, 126617, 0.137903, 0.0232751, 100004, 0.399178
0.9475, 1.1801, 159.256, 126617, 0.137902, 0.0166446, 100003, 0.404178
0.9525, 1.1801, 159.256, 126617, 0.137901, 0.0118645, 100002, 0.409178
0.9575, 1.1801, 159.256, 126617, 0.137901, 0.00842124, 100001, 0.414178
0.9625, 1.1801, 159.256, 126617, 0.137901, 0.00594283, 100001, 0.419178
0.9675, 1.1801, 159.256, 126617, 0.137901, 0.00416018, 100001, 0.424178
0.9725, 1.1801, 159.256, 126617, 0.1379, 0.0028785, 100000, 0.429178
0.9775, 1.1801, 159.256, 126617, 0.1379, 0.00195698, 100000, 0.434178
0.9825, 1.1801, 159.256, 126617, 0.1379, 0.00129408, 100000, 0.439178
0.9875, 1.1801, 159.256, 126617, 0.1379, 0.00081728, 100000, 0.444178
0.9925, 1.1801, 159.256, 126617, 0.1379, 0.000468688, 100000, 0.449178
0.9975, 1.1801, 159.256, 126617, 0.1379, 0.000202215, 100000, 0.454178
