0.0025, 1.33276, 111.853, 149965, 0.1379, -0.000238511, 99999.9, -0.4975
0.0075, 1.33278, 111.845, 149969, 0.1379, -0.000238511, 99999.9, -0.492907
0.0125, 1.33281, 111.836, 149974, 0.1379, -0.000238511, 99999.9, -0.487906
0.0175, 1.33284, 111.83, 149977, 0.1379, -0.000238511, 99999.9, -0.482906
0.0225, 1.33286, 111.825, 149979, 0.1379, -0.000238511, 99999.9, -0.477906
0.0275, 1.33288, 111.822, 149981, 0.1379, -0.000238511, 99999.9, -0.472906
0.0325, 1.3329, 111.821, 149982, 0.1379, -0.000238511, 99999.9, -0.467906
0.0375, 1.33291, 111.82, 149982, 0.1379, -0.000238511, 99999.9, -0.462906
0.0425, 1.33291, 111.82, 149982, 0.1379, -0.000238511, 99999.9, -0.457906
0.0475, 1.33291, 111.82, 149982, 0.1379, -0.000238511, 99999.9, -0.452906
0.0525, 1.33291, 111.82, 149982, 0.1379, -0.000238511, 99999.9, -0.447906
0.0575, 1.3329, 111.82, 149982, 0.1379, -0.000238511, 99999.9, -0.442906
0.0625, 1.33288, 111.819, 149983, 0.1379, -0.000238511, 99999.9, -0.437906
0.0675, 1.33284, 111.817, 149984, 0.1379, -0.000238511, 99999.9, -0.432906
0.0725, 1.33273, 111.814, 149986, 0.1379, -0.000238511, 99999.9, -0.427906
0.0775, 1.3324, 111.81, 149988, 0.1379, -0.000238511, 99999.9, -0.422906
0.0825, 1.33175, 111.806, 149989, 0.1379, -0.000238511, 99999.9, -0.417906
0.0875, 1.33098, 111.804, 149991, 0.1379, -0.000238511, 99999.9, -0.412906
0.0925, 1.33034, 111.803, 149992, 0.1379, -0.000238511, 99999.9, -0.407906
0.0975, 1.32992, 111.803, 149992, 0.1379, -0.000238511, 99999.9, -0.402906
0.1025, 1.32968, 111.804, 149992, 0.1379, -0.000238511, 99999.9, -0.397906
0.1075, 1.3296, 111.805, 149991, 0.1379, -0.000238511, 99999.9, -0.392906
0.1125, 1.32961, 111.807, 149990, 0.1379, -0.000238511, 99999.9, -0.387906
0.1175, 1.32979, 111.81, 149988, 0.1379, -0.000238511, 99999.9, -0.382906
0.1225, 1.33039, 111.812, 149987, 0.1379, -0.000238511, 99999.9, -0.377906
0.1275, 1.33129, 111.811, 149988, 0.1379, -0.000238511, 99999.9, -0.372906
0.1325, 1.33211, 111.809, 149988, 0.1379, -0.000238511, 99999.9, -0.367906
0.1375, 1.33271, 111.806, 149989, 0.1379, -0.000238511, 99999.9, -0.362906
0.1425, 1.33312, 111.804, 149989, 0.1379, -0.000238511, 99999.9, -0.357906
0.1475, 1.33337, 111.802, 149990, 0.1379, -0.000238511, 99999.9, -0.352906
0.1525, 1.3335, 111.802, 149990, 0.1379, -0.000238511, 99999.9, -0.347906
0.1575, 1.33355, 111.804, 149990, 0.1379, -0.000238511, 99999.9, -0.342906
0.1625, 1.33356, 111.805, 149991, 0.1379, -0.000238511, 99999.9, -0.337906
0.1675, 1.33355, 111.807, 149991, 0.1379, -0.000238511, 99999.9, -0.332906
0.1725, 1.33346, 111.808, 149991, 0.1379, -0.000238511, 99999.9, -0.327906
0.1775, 1.33323, 111.806, 149994, 0.1379, -0.000238511, 99999.9, -0.322906
0.1825, 1.33289, 111.803, 149998, 0.1379, -0.000238511, 99999.9, -0.317906
0.1875, 1.33257, 111.799, 150001, 0.1379, -0.000238511, 99999.9, -0.312906
0.1925, 1.3323, 111.787, 150000, 0.1379, -0.000238511, 99999.9, -0.307906
0.1975, 1.33209, 111.757, 149983, 0.1379, -0.000238511, 99999.9, -0.302906
0.2025, 1.33191, 111.65, 149917, 0.1379, -0.000238511, 99999.9, -0.297906
0.2075, 1.33121, 111.247, 149700, 0.1379, -0.000238511, 99999.9, -0.292903
0.2125, 1.32747, 109.871, 148976, 0.1379, -0.000238511, 99999.9, -0.287895
0.2175, 1.30691, 103.726, 145755, 0.1379, -0.000238511, 99999.9, -0.282861
0.2225, 1.24431, 84.9048, 136258, 0.1379, -0.000238511, 99999.9, -0.277775
0.2275, 1.15418, 55.5836, 122626, 0.1379, -0.000238511, 99999.9, -0.272669
0.2325, 1.08384, 30.9448, 112120, 0.1379, -0.000238511, 99999.9, -0.267591
0.2375, 1.04159, 15.4987, 105931, 0.1379, -0.000238511, 99999.9, -0.262544
0.2425, 1.01941, 7.25616, 102743, 0.1379, -0.000238511, 99999.9, -0.25752
0.2475, 1.00872, 3.26082, 101226, 0.1379, -0.000238511, 99999.9, -0.252509
0.2525, 1.00381, 1.42658, 100535, 0.1379, -0.000238511, 99999.9, -0.247504
0.2575, 1.00163, 0.61132, 100229, 0.1379, -0.000238511, 99999.9, -0.242502
0.2625, 1.00069, 0.257081, 100096, 0.1379, -0.000238511, 99999.9, -0.237501
0.2675, 1.00028, 0.106091, 100040, 0.1379, -0.000238511, 99999.9, -0.2325
0.2725, 1.00011, 0.0429266, 100016, 0.1379, -0.000238511, 99999.9, -0.2275
0.2775, 1.00005, 0.0170106, 100006, 0.1379, -0.000238511, 99999.9, -0.2225
0.2825, 1.00002, 0.00659413, 100002, 0.1379, -0.000238511, 99999.9, -0.2175
0.2875, 1.00001, 0.00249783, 100001, 0.1379, -0.000238511, 99999.9, -0.2125
0.2925, 1, 0.000923647, 100000, 0.1379, -0.000238511, 99999.9, -0.2075
0.2975, 1, 0.00033312, 100000, 0.1379, -0.000238511, 99999.9, -0.2025
0.3025, 1, 0.000117086, 100000, 0.1379, -0.000238511, 99999.9, -0.1975
0.3075, 1, 4.00795e-05, 100000, 0.1379, -0.000238511, 99999.9, -0.1925
0.3125, 1, 1.33577e-05, 100000, 0.1379, -0.000238511, 99999.9, -0.1875
0.3175, 1, 4.364e-06, 100000, 0.1379, -0.000238511, 99999.9, -0.1825
0.3225, 1, 1.51514e-06, 100000, 0.1379, -0.000238511, 99999.9, -0.1775
0.3275, 1, 8.16731e-07, 100000, 0.1379, -0.000238511, 99999.9, -0.1725
0.3325, 1, 9.11665e-07, 100000, 0.1379, -0.000238511, 99999.9, -0.1675
0.3375, 1, 1.60654e-06, 100000, 0.1379, -0.000238511, 99999.9, -0.1625
0.3425, 1, 2.77355e-06, 100000, 0.1379, -0.000238511, 99999.9, -0.1575
0.3475, 1, 3.96668e-06, 100000, 0.1379, -0.000238511, 99999.9, -0.1525
0.3525, 1, 4.95866e-06, 100000, 0.1379, -0.000238511, 99999.9, -0.1475
0.3575, 1, 5.7071e-06, 100000, 0.1379, -0.000238511, 99999.9, -0.1425
0.3625, 1, 6.23576e-06, 100000, 0.1379, -0.000238511, 99999.9, -0.1375
0.3675, 1, 6.58371e-06, 100000, 0.1379, -0.000238511, 99999.9, -0.1325
0.3725, 1, 6.79468e-06, 100000, 0.1379, -0.000238511, 99999.9, -0.1275
0.3775, 1, 6.90923e-06, 100000, 0.1379, -0.000238511, 99999.9, -0.1225
0.3825, 1, 6.96138e-06, 100000, 0.1379, -0.000238511, 99999.9, -0.1175
0.3875, 1, 6.97798e-06, 100000, 0.1379, -0.000238511, 99999.9, -0.1125
0.3925, 1, 6.97847e-06, 100000, 0.1379, -0.000238511, 99999.9, -0.1075
0.3975, 1, 6.96208e-06, 100000, 0.1379, -0.000238511, 99999.9, -0.1025
0.4025, 1, 6.92296e-06, 100000, 0.1379, -0.000238511, 99999.9, -0.0975
0.4075, 1, 6.88272e-06, 100000, 0.1379, -0.000238511, 99999.9, -0.0925
0.4125, 1, 6.8558e-06, 100000, 0.1379, -0.000238511, 99999.9, -0.0875
0.4175, 1, 6.84031e-06, 100000, 0.1379, -0.000238511, 99999.9, -0.0825
0.4225, 1, 6.83256e-06, 100000, 0.1379, -0.000238511, 99999.9, -0.0775
0.4275, 1, 6.82959e-06, 100000, 0.1379, -0.000238511, 99999.9, -0.0725
0.4325, 1, 6.82904e-06, 100000, 0.1379, -0.000238511, 99999.9, -0.0675
0.4375, 1, 6.82986e-06, 100000, 0.1379, -0.000238511, 99999.9, -0.0625
0.4425, 1, 6.83349e-06, 100000, 0.1379, -0.000238511, 99999.9, -0.0575
0.4475, 1, 6.83851e-06, 100000, 0.1379, -0.000238511, 99999.9, -0.0525
0.4525, 1, 6.84238e-06, 100000, 0.1379, -0.000238511, 99999.9, -0.0475
0.4575, 1, 6.8446e-06, 100000, 0.1379, -0.000238511, 99999.9, -0.0425
0.4625, 1, 6.84561e-06, 100000, 0.1379, -0.000238511, 99999.9, -0.0375
0.4675, 1, 6.84589e-06, 100000, 0.1379, -0.000238511, 99999.9, -0.0325
0.4725, 1, 6.84539e-06, 100000, 0.1379, -0.000238511, 99999.9, -0.0275
0.4775, 1, 6.842e-06, 100000, 0.1379, -0.000238511, 99999.9, -0.0225
0.4825, 1, 6.8162e-06, 100000, 0.1379, -0.000238511, 99999.9, -0.0175
0.4875, 1, 6.54226e-06, 100000, 0.1379, -0.000238511, 99999.9, -0.0125
0.4925, 1, 3.67413e-06, 100000, 0.1379, -0.000238511, 99999.9, -0.00749998
0.4975, 1, -4.90128e-05, 100000, 0.1379, -0.00039183, 99999.9, -0.00249998
0.5025, 1, -0.000171773, 99999.9, 0.1379, -0.000428009, 99999.9, 0.00250002
0.5075, 0.999999, -0.000238511, 99999.9, 0.1379, -0.000430158, 99999.9, 0.00750002
0.5125, 0.999999, -0.000238511, 99999.9, 0.1379, -0.00043016, 99999.9, 0.0125
0.5175, 0.999999, -0.000238511, 99999.9, 0.1379, -0.00043016, 99999.9, 0.0175
0.5225, 0.999999, -0.000238511, 99999.9, 0.1379, -0.000430161, 99999.9, 0.0225
0.5275, 0.999999, -0.000238511, 99999.9, 0.1379, -0.000430161, 99999.9, 0.0275
0.5325, 0.999999, -0.000238511, 99999.9, 0.1379, -0.000430161, 99999.9, 0.0325
0.5375, 0.999999, -0.000238511, 99999.9, 0.1379, -0.000430162, 99999.9, 0.0375
0.5425, 0.999999, -0.000238511, 99999.9, 0.1379, -0.000430162, 99999.9, 0.0425
0.5475, 0.999999, -0.000238511, 99999.9, 0.1379, -0.000430162, 99999.9, 0.0475
0.5525, 0.999999, -0.000238511, 99999.9, 0.1379, -0.000430162, 99999.9, 0.0525
0.5575, 0.999999, -0.000238511, 99999.9, 0.1379, -0.000430162, 99999.9, 0.0575
0.5625, 0.999999, -0.000238511, 99999.9, 0.1379, -0.000430162, 99999.9, 0.0625
0.5675, 0.999999, -0.000238511, 99999.9, 0.1379, -0.000430162, 99999.9, 0.0675
0.5725, 0.999999, -0.000238511, 99999.9, 0.1379, -0.000430162, 99999.9, 0.0725
0.5775, 0.999999, -0.000238511, 99999.9, 0.1379, -0.000430161, 99999.9, 0.0775
0.5825, 0.999999, -0.000238511, 99999.9, 0.1379, -0.00043016, 99999.9, 0.0825
0.5875, 0.999999, -0.000238511, 99999.9, 0.1379, -0.000430159, 99999.9, 0.0875
0.5925, 0.999999, -0.000238511, 99999.9, 0.1379, -0.000430158, 99999.9, 0.0925
0.5975, 0.999999, -0.000238511, 99999.9, 0.1379, -0.000430157, 99999.9, 0.0975
0.6025, 0.999999, -0.000238511, 99999.9, 0.1379, -0.000430155, 99999.9, 0.1025
0.6075, 0.999999, -0.000238511, 99999.9, 0.1379, -0.000430154, 99999.9, 0.1075
0.6125, 0.999999, -0.000238511, 99999.9, 0.1379, -0.000430153, 99999.9, 0.1125
0.6175, 0.999999, -0.000238511, 99999.9, 0.1379, -0.000430151, 99999.9, 0.1175
0.6225, 0.999999, -0.000238511, 99999.9, 0.1379, -0.00043015, 99999.9, 0.1225
0.6275, 0.999999, -0.000238511, 99999.9, 0.1379, -0.000430149, 99999.9, 0.1275
0.6325, 0.999999, -0.000238511, 99999.9, 0.1379, -0.000430149, 99999.9, 0.1325
0.6375, 0.999999, -0.000238511, 99999.9, 0.1379, -0.000430148, 99999.9, 0.1375
0.6425, 0.999999, -0.000238511, 99999.9, 0.1379, -0.000430148, 99999.9, 0.1425
0.6475, 0.999999, -0.000238511, 99999.9, 0.1379, -0.000430148, 99999.9, 0.1475
0.6525, 0.999999, -0.000238511, 99999.9, 0.1379, -0.000430148, 99999.9, 0.1525
0.6575, 0.999999, -0.000238511, 99999.9, 0.1379, -0.000430148, 99999.9, 0.1575
0.6625, 0.999999, -0.000238511, 99999.9, 0.1379, -0.000430149, 99999.9, 0.1625
0.6675, 0.999999, -0.000238511, 99999.9, 0.1379, -0.00043015, 99999.9, 0.1675
0.6725, 0.999999, -0.000238511, 99999.9, 0.1379, -0.000430151, 99999.9, 0.1725
0.6775, 0.999999, -0.000238511, 99999.9, 0.1379, -0.000430152, 99999.9, 0.1775
0.6825, 0.999999, -0.000238511, 99999.9, 0.1379, -0.000430154, 99999.9, 0.1825
0.6875, 0.999999, -0.000238511, 99999.9, 0.1379, -0.000430156, 99999.9, 0.1875
0.6925, 0.999999, -0.000238511, 99999.9, 0.1379, -0.000430159, 99999.9, 0.1925
0.6975, 0.999999, -0.000238511, 99999.9, 0.1379, -0.000430163, 99999.9, 0.1975
0.7025, 0.999999, -0.000238511, 99999.9, 0.1379, -0.000430168, 99999.9, 0.2025
0.7075, 0.999999, -0.000238511, 99999.9, 0.1379, -0.000430173, 99999.9, 0.2075
0.7125, 0.999999, -0.000238511, 99999.9, 0.1379, -0.000430178, 99999.9, 0.2125
0.7175, 0.999999, -0.000238511, 99999.9, 0.1379, -0.000430182, 99999.9, 0.2175
0.7225, 0.999999, -0.000238511, 99999.9, 0.1379, -0.000430184, 99999.9, 0.2225
0.7275, 0.999999, -0.000238511, 99999.9, 0.1379, -0.000430186, 99999.9, 0.2275
0.7325, 0.999999, -0.000238511, 99999.9, 0.1379, -0.000430187, 99999.9, 0.2325
0.7375, 0.999999, -0.000238511, 99999.9, 0.1379, -0.000430187, 99999.9, 0.2375
0.7425, 0.999999, -0.000238511, 99999.9, 0.1379, -0.000430186, 99999.9, 0.2425
0.7475, 0.999999, -0.000238511, 99999.9, 0.1379, -0.000430184, 99999.9, 0.2475
0.7525, 0.999999, -0.000238511, 99999.9, 0.1379, -0.000430176, 99999.9, 0.2525
0.7575, 0.999999, -0.000238511, 99999.9, 0.1379, -0.000430165, 99999.9, 0.2575
0.7625, 0.999999, -0.000238511, 99999.9, 0.1379, -0.000430151, 99999.9, 0.2625
0.7675, 0.999999, -0.000238511, 99999.9, 0.1379, -0.000430134, 99999.9, 0.2675
0.7725, 0.999999, -0.000238511, 99999.9, 0.1379, -0.000430112, 99999.9, 0.2725
0.7775, 0.999999, -0.000238511, 99999.9, 0.1379, -0.000430088, 99999.9, 0.2775
0.7825, 0.999999, -0.000238511, 99999.9, 0.1379, -0.000430064, 99999.9, 0.2825
0.7875, 0.999999, -0.000238511, 99999.9, 0.1379, -0.000430041, 99999.9, 0.2875
0.7925, 0.999999, -0.000238511, 99999.9, 0.1379, -0.00043002, 99999.9, 0.2925
0.7975, 0.999999, -0.000238511, 99999.9, 0.1379, -0.000429999, 99999.9, 0.2975
0.8025, 0.999999, -0.000238511, 99999.9, 0.1379, -0.000429978, 99999.9, 0.3025
0.8075, 0.999999, -0.000238511, 99999.9, 0.1379, -0.000429955, 99999.9, 0.3075
0.8125, 0.999999, -0.000238511, 99999.9, 0.1379, -0.000429928, 99999.9, 0.3125
0.8175, 0.999999, -0.000238511, 99999.9, 0.1379, -0.000429894, 99999.9, 0.3175
0.8225, 0.999999, -0.000238511, 99999.9, 0.1379, -0.000429861, 99999.9, 0.3225
0.8275, 0.999999, -0.000238511, 99999.9, 0.1379, -0.000429833, 99999.9, 0.3275
0.8325, 0.999999, -0.000238511, 99999.9, 0.1379, -0.000429813, 99999.9, 0.3325
0.8375, 0.999999, -0.000238511, 99999.9, 0.1379, -0.000429801, 99999.9, 0.3375
0.8425, 0.999999, -0.000238511, 99999.9, 0.1379, -0.000429797, 99999.9, 0.3425
0.8475, 0.999999, -0.000238511, 99999.9, 0.1379, -0.000429797, 99999.9, 0.3475
0.8525, 0.999999, -0.000238511, 99999.9, 0.1379, -0.000429809, 99999.9, 0.3525
0.8575, 0.999999, -0.000238511, 99999.9, 0.1379, -0.00042986, 99999.9, 0.3575
0.8625, 0.999999, -0.000238511, 99999.9, 0.1379, -0.000429935, 99999.9, 0.3625
0.8675, 0.999999, -0.000238511, 99999.9, 0.1379, -0.000429997, 99999.9, 0.3675
0.8725, 0.999999, -0.000238511, 99999.9, 0.1379, -0.000430037, 99999.9, 0.3725
0.8775, 0.999999, -0.000238511, 99999.9, 0.1379, -0.000430059, 99999.9, 0.3775
0.8825, 0.999999, -0.000238511, 99999.9, 0.1379, -0.000430066, 99999.9, 0.3825
0.8875, 0.999999, -0.000238511, 99999.9, 0.1379, -0.000430065, 99999.9, 0.3875
0.8925, 0.999999, -0.000238511, 99999.9, 0.1379, -0.000430042, 99999.9, 0.3925
0.8975, 0.999999, -0.000238511, 99999.9, 0.1379, -0.00042994, 99999.9, 0.3975
0.9025, 0.999999, -0.000238511, 99999.9, 0.1379, -0.000429592, 99999.9, 0.4025
0.9075, 0.999999, -0.000238511, 99999.9, 0.1379, -0.000428507, 99999.9, 0.4075
0.9125, 0.999999, -0.000238511, 99999.9, 0.1379, -0.000425232, 99999.9, 0.4125
0.9175, 0.999999, -0.000238511, 99999.9, 0.1379, -0.000415073, 99999.9, 0.4175
0.9225, 0.999999, -0.000238511, 99999.9, 0.1379, -0.000381848, 99999.9, 0.4225
0.9275, 0.999999, -0.000238511, 99999.9, 0.1379, -0.000306929, 100000, 0.4275
0.9325, 0.999999, -0.000238511, 99999.9, 0.1379, -0.00022006, 100000, 0.4325
0.9375, 0.999999, -0.000238511, 99999.9, 0.1379, -0.000145999, 100000, 0.4375
0.9425, 0.999999, -0.000238511, 99999.9, 0.1379, -8.98195e-05, 100000, 0.4425
0.9475, 0.999999, -0.000238511, 99999.9, 0.1379, -5.1178e-05, 100000, 0.4475
0.9525, 0.999999, -0.000238511, 99999.9, 0.1379, -2.69703e-05, 100000, 0.4525
0.9575, 0.999999, -0.000238511, 99999.9, 0.1379, -1.31237e-05, 100000, 0.4575
0.9625, 0.999999, -0.000238511, 99999.9, 0.1379, -5.88448e-06, 100000, 0.4625
0.9675, 0.999999, -0.000238511, 99999.9, 0.1379, -2.42532e-06, 100000, 0.4675
0.9725, 0.999999, -0.000238511, 99999.9, 0.1379, -9.16109e-07, 100000, 0.4725
0.9775, 0.999999, -0.000238511, 99999.9, 0.1379, -3.16e-07, 100000, 0.4775
0.9825, 0.999999, -0.000238511, 99999.9, 0.1379, -9.91122e-08, 100000, 0.4825
0.9875, 0.999999, -0.000238511, 99999.9, 0.1379, -2.812e-08, 100000, 0.4875
0.9925, 0.999999, -0.000238511, 99999.9, 0.1379, -7.16899e-09, 100000, 0.4925
0.9975, 0.999999, -0.000238511, 99999.9, 0.1379, -1.60798e-09, 100000, 0.4975
