0.0025, 1.33271, 111.867, 149957, 0.1379, -0.000238513, 99999.9, -0.4975
0.0075, 1.33273, 111.861, 149961, 0.1379, -0.000238513, 99999.9, -0.492907
0.0125, 1.33276, 111.853, 149965, 0.1379, -0.000238513, 99999.9, -0.487907
0.0175, 1.33279, 111.846, 149968, 0.1379, -0.000238513, 99999.9, -0.482907
0.0225, 1.33282, 111.839, 149972, 0.1379, -0.000238513, 99999.9, -0.477907
0.0275, 1.33286, 111.832, 149976, 0.1379, -0.000238513, 99999.9, -0.472906
0.0325, 1.33289, 111.826, 149979, 0.1379, -0.000238513, 99999.9, -0.467906
0.0375, 1.3329, 111.822, 149981, 0.1379, -0.000238513, 99999.9, -0.462906
0.0425, 1.33291, 111.82, 149982, 0.1379, -0.000238513, 99999.9, -0.457906
0.0475, 1.33291, 111.82, 149983, 0.1379, -0.000238513, 99999.9, -0.452906
0.0525, 1.3329, 111.819, 149983, 0.1379, -0.000238513, 99999.9, -0.447906
0.0575, 1.33289, 111.82, 149983, 0.1379, -0.000238513, 99999.9, -0.442906
0.0625, 1.33285, 111.82, 149982, 0.1379, -0.000238513, 99999.9, -0.437906
0.0675, 1.33276, 111.821, 149982, 0.1379, -0.000238513, 99999.9, -0.432906
0.0725, 1.33249, 111.82, 149982, 0.1379, -0.000238513, 99999.9, -0.427906
0.0775, 1.3319, 111.818, 149984, 0.1379, -0.000238513, 99999.9, -0.422906
0.0825, 1.3311, 111.815, 149986, 0.1379, -0.000238513, 99999.9, -0.417906
0.0875, 1.33037, 111.812, 149988, 0.1379, -0.000238513, 99999.9, -0.412906
0.0925, 1.32987, 111.809, 149989, 0.1379, -0.000238513, 99999.9, -0.407906
0.0975, 1.32959, 111.806, 149991, 0.1379, -0.000238513, 99999.9, -0.402906
0.1025, 1.32948, 111.803, 149991, 0.1379, -0.000238513, 99999.9, -0.397906
0.1075, 1.32948, 111.802, 149992, 0.1379, -0.000238513, 99999.9, -0.392906
0.1125, 1.32966, 111.801, 149992, 0.1379, -0.000238513, 99999.9, -0.387906
0.1175, 1.33027, 111.803, 149991, 0.1379, -0.000238513, 99999.9, -0.382906
0.1225, 1.3312, 111.805, 149989, 0.1379, -0.000238513, 99999.9, -0.377906
0.1275, 1.33206, 111.807, 149987, 0.1379, -0.000238513, 99999.9, -0.372906
0.1325, 1.33269, 111.809, 149987, 0.1379, -0.000238513, 99999.9, -0.367906
0.1375, 1.33312, 111.81, 149987, 0.1379, -0.000238513, 99999.9, -0.362906
0.1425, 1.33339, 111.81, 149987, 0.1379, -0.000238513, 99999.9, -0.357906
0.1475, 1.33354, 111.81, 149989, 0.1379, -0.000238513, 99999.9, -0.352906
0.1525, 1.3336, 111.809, 149991, 0.1379, -0.000238513, 99999.9, -0.347906
0.1575, 1.33362, 111.809, 149993, 0.1379, -0.000238513, 99999.9, -0.342906
0.1625, 1.3336, 111.808, 149994, 0.1379, -0.000238513, 99999.9, -0.337906
0.1675, 1.33351, 111.807, 149994, 0.1379, -0.000238513, 99999.9, -0.332906
0.1725, 1.33322, 111.805, 149991, 0.1379, -0.000238513, 99999.9, -0.327906
0.1775, 1.33273, 111.789, 149982, 0.1379, -0.000238513, 99999.9, -0.322906
0.1825, 1.33203, 111.722, 149950, 0.1379, -0.000238513, 99999.9, -0.317906
0.1875, 1.33093, 111.485, 149828, 0.1379, -0.000238513, 99999.9, -0.312905
0.1925, 1.32854, 110.695, 149411, 0.1379, -0.000238513, 99999.9, -0.3079
0.1975, 1.31887, 107.411, 147701, 0.1379, -0.000238513, 99999.9, -0.302881
0.2025, 1.27755, 94.941, 141252, 0.1379, -0.000238513, 99999.9, -0.297818
0.2075, 1.1927, 68.4014, 128417, 0.1379, -0.000238513, 99999.9, -0.292713
0.2125, 1.10987, 40.2412, 115986, 0.1379, -0.000238513, 99999.9, -0.28762
0.2175, 1.0562, 20.8866, 108057, 0.1379, -0.000238513, 99999.9, -0.28256
0.2225, 1.02665, 9.9574, 103779, 0.1379, -0.000238513, 99999.9, -0.277528
0.2275, 1.01203, 4.5011, 101695, 0.1379, -0.000238513, 99999.9, -0.272512
0.2325, 1.00525, 1.96598, 100738, 0.1379, -0.000238513, 99999.9, -0.267505
0.2375, 1.00224, 0.837, 100314, 0.1379, -0.000238513, 99999.9, -0.262502
0.2425, 1.00093, 0.348421, 100130, 0.1379, -0.000238513, 99999.9, -0.257501
0.2475, 1.00038, 0.141867, 100053, 0.1379, -0.000238513, 99999.9, -0.2525
0.2525, 1.00015, 0.0564587, 100021, 0.1379, -0.000238513, 99999.9, -0.2475
0.2575, 1.00006, 0.0219352, 100008, 0.1379, -0.000238513, 99999.9, -0.2425
0.2625, 1.00002, 0.00830963, 100003, 0.1379, -0.000238513, 99999.9, -0.2375
0.2675, 1.00001, 0.00306578, 100001, 0.1379, -0.000238513, 99999.9, -0.2325
0.2725, 1, 0.00110042, 100000, 0.1379, -0.000238513, 99999.9, -0.2275
0.2775, 1, 0.000383909, 100000, 0.1379, -0.000238513, 99999.9, -0.2225
0.2825, 1, 0.000130071, 100000, 0.1379, -0.000238513, 99999.9, -0.2175
0.2875, 1, 4.2765e-05, 100000, 0.1379, -0.000238513, 99999.9, -0.2125
0.2925, 1, 1.3635e-05, 100000, 0.1379, -0.000238513, 99999.9, -0.2075
0.2975, 1, 4.21313e-06, 100000, 0.1379, -0.000238513, 99999.9, -0.2025
0.3025, 1, 1.26089e-06, 100000, 0.1379, -0.000238513, 99999.9, -0.1975
0.3075, 1, 3.65365e-07, 100000, 0.1379, -0.000238513, 99999.9, -0.1925
0.3125, 1, 1.03158e-07, 100000, 0.1379, -0.000238513, 99999.9, -0.1875
0.3175, 1, 3.10427e-08, 100000, 0.1379, -0.000238513, 99999.9, -0.1825
0.3225, 1, 1.57744e-08, 100000, 0.1379, -0.000238513, 99999.9, -0.1775
0.3275, 1, 1.98065e-08, 100000, 0.1379, -0.000238513, 99999.9, -0.1725
0.3325, 1, 4.32401e-08, 100000, 0.1379, -0.000238513, 99999.9, -0.1675
0.3375, 1, 1.0922e-07, 100000, 0.1379, -0.000238513, 99999.9, -0.1625
0.3425, 1, 2.73961e-07, 100000, 0.1379, -0.000238513, 99999.9, -0.1575
0.3475, 1, 6.91707e-07, 100000, 0.1379, -0.000238513, 99999.9, -0.1525
0.3525, 1, 1.54457e-06, 100000, 0.1379, -0.000238513, 99999.9, -0.1475
0.3575, 1, 2.74484e-06, 100000, 0.1379, -0.000238513, 99999.9, -0.1425
0.3625, 1, 3.97365e-06, 100000, 0.1379, -0.000238513, 99999.9, -0.1375
0.3675, 1, 4.99551e-06, 100000, 0.1379, -0.000238513, 99999.9, -0.1325
0.3725, 1, 5.75974e-06, 100000, 0.1379, -0.000238513, 99999.9, -0.1275
0.3775, 1, 6.29236e-06, 100000, 0.1379, -0.000238513, 99999.9, -0.1225
0.3825, 1, 6.63575e-06, 100000, 0.1379, -0.000238513, 99999.9, -0.1175
0.3875, 1, 6.83766e-06, 100000, 0.1379, -0.000238513, 99999.9, -0.1125
0.3925, 1, 6.94229e-06, 100000, 0.1379, -0.000238513, 99999.9, -0.1075
0.3975, 1, 6.98631e-06, 100000, 0.1379, -0.000238513, 99999.9, -0.1025
0.4025, 1, 6.99731e-06, 100000, 0.1379, -0.000238513, 99999.9, -0.0975
0.4075, 1, 6.99405e-06, 100000, 0.1379, -0.000238513, 99999.9, -0.0925
0.4125, 1, 6.96657e-06, 100000, 0.1379, -0.000238513, 99999.9, -0.0875
0.4175, 1, 6.91889e-06, 100000, 0.1379, -0.000238513, 99999.9, -0.0825
0.4225, 1, 6.87755e-06, 100000, 0.1379, -0.000238513, 99999.9, -0.0775
0.4275, 1, 6.85136e-06, 100000, 0.1379, -0.000238513, 99999.9, -0.0725
0.4325, 1, 6.83663e-06, 100000, 0.1379, -0.000238513, 99999.9, -0.0675
0.4375, 1, 6.82966e-06, 100000, 0.1379, -0.000238513, 99999.9, -0.0625
0.4425, 1, 6.82729e-06, 100000, 0.1379, -0.000238513, 99999.9, -0.0575
0.4475, 1, 6.82708e-06, 100000, 0.1379, -0.000238513, 99999.9, -0.0525
0.4525, 1, 6.8288e-06, 100000, 0.1379, -0.000238513, 99999.9, -0.0475
0.4575, 1, 6.83346e-06, 100000, 0.1379, -0.000238513, 99999.9, -0.0425
0.4625, 1, 6.83902e-06, 100000, 0.1379, -0.000238513, 99999.9, -0.0375
0.4675, 1, 6.84372e-06, 100000, 0.1379, -0.000238513, 99999.9, -0.0325
0.4725, 1, 6.84646e-06, 100000, 0.1379, -0.000238513, 99999.9, -0.0275
0.4775, 1, 6.84568e-06, 100000, 0.1379, -0.000238513, 99999.9, -0.0225
0.4825, 1, 6.82122e-06, 100000, 0.1379, -0.000238513, 99999.9, -0.0175
0.4875, 1, 6.54573e-06, 100000, 0.1379, -0.000238513, 99999.9, -0.0125
0.4925, 1, 3.67451e-06, 100000, 0.1379, -0.000238513, 99999.9, -0.00749998
0.4975, 1, -4.90154e-05, 100000, 0.1379, -0.000391832, 99999.9, -0.00249998
0.5025, 1, -0.000171776, 99999.9, 0.1379, -0.000428011, 99999.9, 0.00250002
0.5075, 0.999999, -0.000238513, 99999.9, 0.1379, -0.00043016, 99999.9, 0.00750002
0.5125, 0.999999, -0.000238513, 99999.9, 0.1379, -0.000430163, 99999.9, 0.0125
0.5175, 0.999999, -0.000238513, 99999.9, 0.1379, -0.000430162, 99999.9, 0.0175
0.5225, 0.999999, -0.000238513, 99999.9, 0.1379, -0.000430162, 99999.9, 0.0225
0.5275, 0.999999, -0.000238513, 99999.9, 0.1379, -0.000430162, 99999.9, 0.0275
0.5325, 0.999999, -0.000238513, 99999.9, 0.1379, -0.000430161, 99999.9, 0.0325
0.5375, 0.999999, -0.000238513, 99999.9, 0.1379, -0.00043016, 99999.9, 0.0375
0.5425, 0.999999, -0.000238513, 99999.9, 0.1379, -0.000430159, 99999.9, 0.0425
0.5475, 0.999999, -0.000238513, 99999.9, 0.1379, -0.000430158, 99999.9, 0.0475
0.5525, 0.999999, -0.000238513, 99999.9, 0.1379, -0.000430157, 99999.9, 0.0525
0.5575, 0.999999, -0.000238513, 99999.9, 0.1379, -0.000430156, 99999.9, 0.0575
0.5625, 0.999999, -0.000238513, 99999.9, 0.1379, -0.000430154, 99999.9, 0.0625
0.5675, 0.999999, -0.000238513, 99999.9, 0.1379, -0.000430153, 99999.9, 0.0675
0.5725, 0.999999, -0.000238513, 99999.9, 0.1379, -0.000430152, 99999.9, 0.0725
0.5775, 0.999999, -0.000238513, 99999.9, 0.1379, -0.000430151, 99999.9, 0.0775
0.5825, 0.999999, -0.000238513, 99999.9, 0.1379, -0.00043015, 99999.9, 0.0825
0.5875, 0.999999, -0.000238513, 99999.9, 0.1379, -0.000430149, 99999.9, 0.0875
0.5925, 0.999999, -0.000238513, 99999.9, 0.1379, -0.000430148, 99999.9, 0.0925
0.5975, 0.999999, -0.000238513, 99999.9, 0.1379, -0.000430148, 99999.9, 0.0975
0.6025, 0.999999, -0.000238513, 99999.9, 0.1379, -0.000430148, 99999.9, 0.1025
0.6075, 0.999999, -0.000238513, 99999.9, 0.1379, -0.000430148, 99999.9, 0.1075
0.6125, 0.999999, -0.000238513, 99999.9, 0.1379, -0.000430148, 99999.9, 0.1125
0.6175, 0.999999, -0.000238513, 99999.9, 0.1379, -0.000430149, 99999.9, 0.1175
0.6225, 0.999999, -0.000238513, 99999.9, 0.1379, -0.00043015, 99999.9, 0.1225
0.6275, 0.999999, -0.000238513, 99999.9, 0.1379, -0.000430151, 99999.9, 0.1275
0.6325, 0.999999, -0.000238513, 99999.9, 0.1379, -0.000430152, 99999.9, 0.1325
0.6375, 0.999999, -0.000238513, 99999.9, 0.1379, -0.000430154, 99999.9, 0.1375
0.6425, 0.999999, -0.000238513, 99999.9, 0.1379, -0.000430156, 99999.9, 0.1425
0.6475, 0.999999, -0.000238513, 99999.9, 0.1379, -0.000430159, 99999.9, 0.1475
0.6525, 0.999999, -0.000238513, 99999.9, 0.1379, -0.000430162, 99999.9, 0.1525
0.6575, 0.999999, -0.000238513, 99999.9, 0.1379, -0.000430167, 99999.9, 0.1575
0.6625, 0.999999, -0.000238513, 99999.9, 0.1379, -0.000430172, 99999.9, 0.1625
0.6675, 0.999999, -0.000238513, 99999.9, 0.1379, -0.000430177, 99999.9, 0.1675
0.6725, 0.999999, -0.000238513, 99999.9, 0.1379, -0.000430181, 99999.9, 0.1725
0.6775, 0.999999, -0.000238513, 99999.9, 0.1379, -0.000430184, 99999.9, 0.1775
0.6825, 0.999999, -0.000238513, 99999.9, 0.1379, -0.000430186, 99999.9, 0.1825
0.6875, 0.999999, -0.000238513, 99999.9, 0.1379, -0.000430187, 99999.9, 0.1875
0.6925, 0.999999, -0.000238513, 99999.9, 0.1379, -0.000430187, 99999.9, 0.1925
0.6975, 0.999999, -0.000238513, 99999.9, 0.1379, -0.000430187, 99999.9, 0.1975
0.7025, 0.999999, -0.000238513, 99999.9, 0.1379, -0.000430184, 99999.9, 0.2025
0.7075, 0.999999, -0.000238513, 99999.9, 0.1379, -0.000430177, 99999.9, 0.2075
0.7125, 0.999999, -0.000238513, 99999.9, 0.1379, -0.000430167, 99999.9, 0.2125
0.7175, 0.999999, -0.000238513, 99999.9, 0.1379, -0.000430154, 99999.9, 0.2175
0.7225, 0.999999, -0.000238513, 99999.9, 0.1379, -0.000430138, 99999.9, 0.2225
0.7275, 0.999999, -0.000238513, 99999.9, 0.1379, -0.000430117, 99999.9, 0.2275
0.7325, 0.999999, -0.000238513, 99999.9, 0.1379, -0.000430094, 99999.9, 0.2325
0.7375, 0.999999, -0.000238513, 99999.9, 0.1379, -0.000430069, 99999.9, 0.2375
0.7425, 0.999999, -0.000238513, 99999.9, 0.1379, -0.000430045, 99999.9, 0.2425
0.7475, 0.999999, -0.000238513, 99999.9, 0.1379, -0.000430023, 99999.9, 0.2475
0.7525, 0.999999, -0.000238513, 99999.9, 0.1379, -0.000430003, 99999.9, 0.2525
0.7575, 0.999999, -0.000238513, 99999.9, 0.1379, -0.000429982, 99999.9, 0.2575
0.7625, 0.999999, -0.000238513, 99999.9, 0.1379, -0.000429961, 99999.9, 0.2625
0.7675, 0.999999, -0.000238513, 99999.9, 0.1379, -0.000429935, 99999.9, 0.2675
0.7725, 0.999999, -0.000238513, 99999.9, 0.1379, -0.000429904, 99999.9, 0.2725
0.7775, 0.999999, -0.000238513, 99999.9, 0.1379, -0.000429869, 99999.9, 0.2775
0.7825, 0.999999, -0.000238513, 99999.9, 0.1379, -0.000429839, 99999.9, 0.2825
0.7875, 0.999999, -0.000238513, 99999.9, 0.1379, -0.000429815, 99999.9, 0.2875
0.7925, 0.999999, -0.000238513, 99999.9, 0.1379, -0.000429801, 99999.9, 0.2925
0.7975, 0.999999, -0.000238513, 99999.9, 0.1379, -0.000429795, 99999.9, 0.2975
0.8025, 0.999999, -0.000238513, 99999.9, 0.1379, -0.000429794, 99999.9, 0.3025
0.8075, 0.999999, -0.000238513, 99999.9, 0.1379, -0.000429801, 99999.9, 0.3075
0.8125, 0.999999, -0.000238513, 99999.9, 0.1379, -0.000429841, 99999.9, 0.3125
0.8175, 0.999999, -0.000238513, 99999.9, 0.1379, -0.000429919, 99999.9, 0.3175
0.8225, 0.999999, -0.000238513, 99999.9, 0.1379, -0.000429987, 99999.9, 0.3225
0.8275, 0.999999, -0.000238513, 99999.9, 0.1379, -0.000430034, 99999.9, 0.3275
0.8325, 0.999999, -0.000238513, 99999.9, 0.1379, -0.000430061, 99999.9, 0.3325
0.8375, 0.999999, -0.000238513, 99999.9, 0.1379, -0.000430071, 99999.9, 0.3375
0.8425, 0.999999, -0.000238513, 99999.9, 0.1379, -0.000430071, 99999.9, 0.3425
0.8475, 0.999999, -0.000238513, 99999.9, 0.1379, -0.000430055, 99999.9, 0.3475
0.8525, 0.999999, -0.000238513, 99999.9, 0.1379, -0.000429976, 99999.9, 0.3525
0.8575, 0.999999, -0.000238513, 99999.9, 0.1379, -0.000429701, 99999.9, 0.3575
0.8625, 0.999999, -0.000238513, 99999.9, 0.1379, -0.000428854, 99999.9, 0.3625
0.8675, 0.999999, -0.000238513, 99999.9, 0.1379, -0.000426344, 99999.9, 0.3675
0.8725, 0.999999, -0.000238513, 99999.9, 0.1379, -0.000418896, 99999.9, 0.3725
0.8775, 0.999999, -0.000238513, 99999.9, 0.1379, -0.000394927, 99999.9, 0.3775
0.8825, 0.999999, -0.000238513, 99999.9, 0.1379, -0.000329145, 100000, 0.3825
0.8875, 0.999999, -0.000238513, 99999.9, 0.1379, -0.000239485, 100000, 0.3875
0.8925, 0.999999, -0.000238513, 99999.9, 0.1379, -0.000159167, 100000, 0.3925
0.8975, 0.999999, -0.000238513, 99999.9, 0.1379, -9.74628e-05, 100000, 0.3975
0.9025, 0.999999, -0.000238513, 99999.9, 0.1379, -5.48901e-05, 100000, 0.4025
0.9075, 0.999999, -0.000238513, 99999.9, 0.1379, -2.83786e-05, 100000, 0.4075
0.9125, 0.999999, -0.000238513, 99999.9, 0.1379, -1.34377e-05, 100000, 0.4125
0.9175, 0.999999, -0.000238513, 99999.9, 0.1379, -5.81141e-06, 100000, 0.4175
0.9225, 0.999999, -0.000238513, 99999.9, 0.1379, -2.28766e-06, 100000, 0.4225
0.9275, 0.999999, -0.000238513, 99999.9, 0.1379, -8.16345e-07, 100000, 0.4275
0.9325, 0.999999, -0.000238513, 99999.9, 0.1379, -2.62764e-07, 100000, 0.4325
0.9375, 0.999999, -0.000238513, 99999.9, 0.1379, -7.58281e-08, 100000, 0.4375
0.9425, 0.999999, -0.000238513, 99999.9, 0.1379, -1.94725e-08, 100000, 0.4425
0.9475, 0.999999, -0.000238513, 99999.9, 0.1379, -4.40886e-09, 100000, 0.4475
0.9525, 0.999999, -0.000238513, 99999.9, 0.1379, -8.69543e-10, 100000, 0.4525
0.9575, 0.999999, -0.000238513, 99999.9, 0.1379, -1.47289e-10, 100000, 0.4575
0.9625, 0.999999, -0.000238513, 99999.9, 0.1379, -2.09427e-11, 100000, 0.4625
0.9675, 0.999999, -0.000238513, 99999.9, 0.1379, -2.60825e-12, 100000, 0.4675
0.9725, 0.999999, -0.000238513, 99999.9, 0.1379, -3.83566e-13, 100000, 0.4725
0.9775, 0.999999, -0.000238513, 99999.9, 0.1379, -1.53426e-13, 100000, 0.4775
0.9825, 0.999999, -0.000238513, 99999.9, 0.1379, -7.67131e-14, 100000, 0.4825
0.9875, 0.999999, -0.000238513, 99999.9, 0.1379, -2.30139e-13, 100000, 0.4875
0.9925, 0.999999, -0.000238513, 99999.9, 0.1379, 7.67131e-14, 100000, 0.4925
0.9975, 0.999999, -0.000238513, 99999.9, 0.1379, 0, 100000, 0.4975
