0.0025, 1.33212, 112.046, 149863, 0.1379, -0.000238529, 99999.9, -0.4975
0.0075, 1.33198, 112.088, 149841, 0.1379, -0.000238529, 99999.9, -0.492907
0.0125, 1.33189, 112.116, 149826, 0.1379, -0.000238529, 99999.9, -0.487908
0.0175, 1.33189, 112.116, 149826, 0.1379, -0.000238529, 99999.9, -0.482908
0.0225, 1.33199, 112.09, 149839, 0.1379, -0.000238529, 99999.9, -0.477907
0.0275, 1.33226, 112.02, 149877, 0.1379, -0.000238529, 99999.9, -0.472907
0.0325, 1.33256, 111.94, 149919, 0.1379, -0.000238529, 99999.9, -0.467907
0.0375, 1.3327, 111.887, 149947, 0.1379, -0.000238529, 99999.9, -0.462907
0.0425, 1.33272, 111.86, 149962, 0.1379, -0.000238529, 99999.9, -0.457907
0.0475, 1.33268, 111.85, 149967, 0.1379, -0.000238529, 99999.9, -0.452907
0.0525, 1.33255, 111.851, 149966, 0.1379, -0.000238529, 99999.9, -0.447907
0.0575, 1.33225, 111.862, 149961, 0.1379, -0.000238529, 99999.9, -0.442907
0.0625, 1.33159, 111.867, 149960, 0.1379, -0.000238529, 99999.9, -0.437907
0.0675, 1.33049, 111.858, 149965, 0.1379, -0.000238529, 99999.9, -0.432907
0.0725, 1.32937, 111.844, 149971, 0.1379, -0.000238529, 99999.9, -0.427907
0.0775, 1.32866, 111.834, 149977, 0.1379, -0.000238529, 99999.9, -0.422906
0.0825, 1.32838, 111.831, 149984, 0.1379, -0.000238529, 99999.9, -0.417906
0.0875, 1.32845, 111.832, 149988, 0.1379, -0.000238529, 99999.9, -0.412906
0.0925, 1.329, 111.826, 149989, 0.1379, -0.000238529, 99999.9, -0.407906
0.0975, 1.33001, 111.793, 149973, 0.1379, -0.000238529, 99999.9, -0.402906
0.1025, 1.33076, 111.703, 149901, 0.1379, -0.000238529, 99999.9, -0.397906
0.1075, 1.33096, 111.315, 149698, 0.1379, -0.000238529, 99999.9, -0.392904
0.1125, 1.3279, 109.87, 148960, 0.1379, -0.000238529, 99999.9, -0.387895
0.1175, 1.30525, 103.137, 145433, 0.1379, -0.000238529, 99999.9, -0.382857
0.1225, 1.23655, 82.5592, 135099, 0.1379, -0.000238529, 99999.9, -0.377765
0.1275, 1.14183, 51.4795, 120808, 0.1379, -0.000238529, 99999.9, -0.372654
0.1325, 1.07197, 26.7256, 110395, 0.1379, -0.000238529, 99999.9, -0.367576
0.1375, 1.03249, 12.1576, 104628, 0.1379, -0.000238529, 99999.9, -0.362533
0.1425, 1.01343, 5.03359, 101896, 0.1379, -0.000238529, 99999.9, -0.357513
0.1475, 1.00518, 1.94108, 100728, 0.1379, -0.000238529, 99999.9, -0.352505
0.1525, 1.00188, 0.704475, 100264, 0.1379, -0.000238529, 99999.9, -0.347502
0.1575, 1.00064, 0.241305, 100090, 0.1379, -0.000238529, 99999.9, -0.342501
0.1625, 1.00021, 0.0779606, 100029, 0.1379, -0.000238529, 99999.9, -0.3375
0.1675, 1.00006, 0.0237113, 100009, 0.1379, -0.000238529, 99999.9, -0.3325
0.1725, 1.00002, 0.00677318, 100003, 0.1379, -0.000238529, 99999.9, -0.3275
0.1775, 1, 0.00181277, 100001, 0.1379, -0.000238529, 99999.9, -0.3225
0.1825, 1, 0.000453478, 100000, 0.1379, -0.000238529, 99999.9, -0.3175
0.1875, 1, 0.00010577, 100000, 0.1379, -0.000238529, 99999.9, -0.3125
0.1925, 1, 2.29431e-05, 100000, 0.1379, -0.000238529, 99999.9, -0.3075
0.1975, 1, 4.61566e-06, 100000, 0.1379, -0.000238529, 99999.9, -0.3025
0.2025, 1, 8.58646e-07, 100000, 0.1379, -0.000238529, 99999.9, -0.2975
0.2075, 1, 1.47217e-07, 100000, 0.1379, -0.000238529, 99999.9, -0.2925
0.2125, 1, 2.3177e-08, 100000, 0.1379, -0.000238529, 99999.9, -0.2875
0.2175, 1, 3.33632e-09, 100000, 0.1379, -0.000238529, 99999.9, -0.2825
0.2225, 1, 4.37008e-10, 100000, 0.1379, -0.000238529, 99999.9, -0.2775
0.2275, 1, 5.17829e-11, 100000, 0.1379, -0.000238529, 99999.9, -0.2725
0.2325, 1, 5.51152e-12, 100000, 0.1379, -0.000238529, 99999.9, -0.2675
0.2375, 1, 5.0778e-13, 100000, 0.1379, -0.000238529, 99999.9, -0.2625
0.2425, 1, 4.2315e-14, 100000, 0.1379, -0.000238529, 99999.9, -0.2575
0.2475, 1, 0, 100000, 0.1379, -0.000238529, 99999.9, -0.2525
0.2525, 1, 0, 100000, 0.1379, -0.000238529, 99999.9, -0.2475
0.2575, 1, 0, 100000, 0.1379, -0.000238529, 99999.9, -0.2425
0.2625, 1, 0, 100000, 0.1379, -0.000238529, 99999.9, -0.2375
0.2675, 1, 0, 100000, 0.1379, -0.000238529, 99999.9, -0.2325
0.2725, 1, 0, 100000, 0.1379, -0.000238529, 99999.9, -0.2275
0.2775, 1, 0, 100000, 0.1379, -0.000238529, 99999.9, -0.2225
0.2825, 1, 0, 100000, 0.1379, -0.000238529, 99999.9, -0.2175
0.2875, 1, 0, 100000, 0.1379, -0.000238529, 99999.9, -0.2125
0.2925, 1, 0, 100000, 0.1379, -0.000238529, 99999.9, -0.2075
0.2975, 1, 0, 100000, 0.1379, -0.000238529, 99999.9, -0.2025
0.3025, 1, 0, 100000, 0.1379, -0.000238529, 99999.9, -0.1975
0.3075, 1, 0, 100000, 0.1379, -0.000238529, 99999.9, -0.1925
0.3125, 1, 0, 100000, 0.1379, -0.000238529, 99999.9, -0.1875
0.3175, 1, 0, 100000, 0.1379, -0.000238529, 99999.9, -0.1825
0.3225, 1, 0, 100000, 0.1379, -0.000238529, 99999.9, -0.1775
0.3275, 1, 0, 100000, 0.1379, -0.000238529, 99999.9, -0.1725
0.3325, 1, 0, 100000, 0.1379, -0.000238529, 99999.9, -0.1675
0.3375, 1, 0, 100000, 0.1379, -0.000238529, 99999.9, -0.1625
0.3425, 1, 0, 100000, 0.1379, -0.000238529, 99999.9, -0.1575
0.3475, 1, 0, 100000, 0.1379, -0.000238529, 99999.9, -0.1525
0.3525, 1, 1.05787e-14, 100000, 0.1379, -0.000238529, 99999.9, -0.1475
0.3575, 1, 1.6926e-13, 100000, 0.1379, -0.000238529, 99999.9, -0.1425
0.3625, 1, 7.51091e-13, 100000, 0.1379, -0.000238529, 99999.9, -0.1375
0.3675, 1, 3.24767e-12, 100000, 0.1379, -0.000238529, 99999.9, -0.1325
0.3725, 1, 1.31176e-11, 100000, 0.1379, -0.000238529, 99999.9, -0.1275
0.3775, 1, 4.98153e-11, 100000, 0.1379, -0.000238529, 99999.9, -0.1225
0.3825, 1, 1.79701e-10, 100000, 0.1379, -0.000238529, 99999.9, -0.1175
0.3875, 1, 6.17238e-10, 100000, 0.1379, -0.000238529, 99999.9, -0.1125
0.3925, 1, 2.02392e-09, 100000, 0.1379, -0.000238529, 99999.9, -0.1075
0.3975, 1, 6.3523e-09, 100000, 0.1379, -0.000238529, 99999.9, -0.1025
0.4025, 1, 1.91374e-08, 100000, 0.1379, -0.000238529, 99999.9, -0.0975
0.4075, 1, 5.55049e-08, 100000, 0.1379, -0.000238529, 99999.9, -0.0925
0.4125, 1, 1.55851e-07, 100000, 0.1379, -0.000238529, 99999.9, -0.0875
0.4175, 1, 4.19218e-07, 100000, 0.1379, -0.000238529, 99999.9, -0.0825
0.4225, 1, 1.13798e-06, 100000, 0.1379, -0.000238529, 99999.9, -0.0775
0.4275, 1, 2.46171e-06, 100000, 0.1379, -0.000238529, 99999.9, -0.0725
0.4325, 1, 4.0141e-06, 100000, 0.1379, -0.000238529, 99999.9, -0.0675
0.4375, 1, 5.30096e-06, 100000, 0.1379, -0.000238529, 99999.9, -0.0625
0.4425, 1, 6.17969e-06, 100000, 0.1379, -0.000238529, 99999.9, -0.0575
0.4475, 1, 6.70903e-06, 100000, 0.1379, -0.000238529, 99999.9, -0.0525
0.4525, 1, 6.98294e-06, 100000, 0.1379, -0.000238529, 99999.9, -0.0475
0.4575, 1, 7.09728e-06, 100000, 0.1379, -0.000238529, 99999.9, -0.0425
0.4625, 1, 7.12698e-06, 100000, 0.1379, -0.000238529, 99999.9, -0.0375
0.4675, 1, 7.12182e-06, 100000, 0.1379, -0.000238529, 99999.9, -0.0325
0.4725, 1, 7.0777e-06, 100000, 0.1379, -0.000238529, 99999.9, -0.0275
0.4775, 1, 7.01137e-06, 100000, 0.1379, -0.000238529, 99999.9, -0.0225
0.4825, 1, 6.91189e-06, 100000, 0.1379, -0.000238529, 99999.9, -0.0175
0.4875, 1, 6.55844e-06, 100000, 0.1379, -0.000238529, 99999.9, -0.0125
0.4925, 1, 3.64907e-06, 100000, 0.1379, -0.000238529, 99999.9, -0.00749999
0.4975, 1, -4.90403e-05, 100000, 0.1379, -0.000391848, 99999.9, -0.00249999
0.5025, 1, -0.000171792, 99999.9, 0.1379, -0.000428026, 99999.9, 0.00250001
0.5075, 0.999999, -0.000238529, 99999.9, 0.1379, -0.000430167, 99999.9, 0.00750001
0.5125, 0.999999, -0.000238529, 99999.9, 0.1379, -0.000430158, 99999.9, 0.0125
0.5175, 0.999999, -0.000238529, 99999.9, 0.1379, -0.000430143, 99999.9, 0.0175
0.5225, 0.999999, -0.000238529, 99999.9, 0.1379, -0.000430124, 99999.9, 0.0225
0.5275, 0.999999, -0.000238529, 99999.9, 0.1379, -0.000430101, 99999.9, 0.0275
0.5325, 0.999999, -0.000238529, 99999.9, 0.1379, -0.000430076, 99999.9, 0.0325
0.5375, 0.999999, -0.000238529, 99999.9, 0.1379, -0.00043005, 99999.9, 0.0375
0.5425, 0.999999, -0.000238529, 99999.9, 0.1379, -0.000430026, 99999.9, 0.0425
0.5475, 0.999999, -0.000238529, 99999.9, 0.1379, -0.000430004, 99999.9, 0.0475
0.5525, 0.999999, -0.000238529, 99999.9, 0.1379, -0.000429983, 99999.9, 0.0525
0.5575, 0.999999, -0.000238529, 99999.9, 0.1379, -0.000429963, 99999.9, 0.0575
0.5625, 0.999999, -0.000238529, 99999.9, 0.1379, -0.000429943, 99999.9, 0.0625
0.5675, 0.999999, -0.000238529, 99999.9, 0.1379, -0.000429919, 99999.9, 0.0675
0.5725, 0.999999, -0.000238529, 99999.9, 0.1379, -0.000429889, 99999.9, 0.0725
0.5775, 0.999999, -0.000238529, 99999.9, 0.1379, -0.000429854, 99999.9, 0.0775
0.5825, 0.999999, -0.000238529, 99999.9, 0.1379, -0.00042982, 99999.9, 0.0825
0.5875, 0.999999, -0.000238529, 99999.9, 0.1379, -0.000429794, 99999.9, 0.0875
0.5925, 0.999999, -0.000238529, 99999.9, 0.1379, -0.000429781, 99999.9, 0.0925
0.5975, 0.999999, -0.000238529, 99999.9, 0.1379, -0.000429778, 99999.9, 0.0975
0.6025, 0.999999, -0.000238529, 99999.9, 0.1379, -0.000429782, 99999.9, 0.1025
0.6075, 0.999999, -0.000238529, 99999.9, 0.1379, -0.000429813, 99999.9, 0.1075
0.6125, 0.999999, -0.000238529, 99999.9, 0.1379, -0.000429886, 99999.9, 0.1125
0.6175, 0.999999, -0.000238529, 99999.9, 0.1379, -0.000429967, 99999.9, 0.1175
0.6225, 0.999999, -0.000238529, 99999.9, 0.1379, -0.000430036, 99999.9, 0.1225
0.6275, 0.999999, -0.000238529, 99999.9, 0.1379, -0.000430081, 99999.9, 0.1275
0.6325, 0.999999, -0.000238529, 99999.9, 0.1379, -0.000430101, 99999.9, 0.1325
0.6375, 0.999999, -0.000238529, 99999.9, 0.1379, -0.000430103, 99999.9, 0.1375
0.6425, 0.999999, -0.000238529, 99999.9, 0.1379, -0.000430078, 99999.9, 0.1425
0.6475, 0.999999, -0.000238529, 99999.9, 0.1379, -0.000429959, 99999.9, 0.1475
0.6525, 0.999999, -0.000238529, 99999.9, 0.1379, -0.000429603, 99999.9, 0.1525
0.6575, 0.999999, -0.000238529, 99999.9, 0.1379, -0.000428735, 99999.9, 0.1575
0.6625, 0.999999, -0.000238529, 99999.9, 0.1379, -0.000426987, 99999.9, 0.1625
0.6675, 0.999999, -0.000238529, 99999.9, 0.1379, -0.000422955, 99999.9, 0.1675
0.6725, 0.999999, -0.000238529, 99999.9, 0.1379, -0.000411786, 99999.9, 0.1725
0.6775, 0.999999, -0.000238529, 99999.9, 0.1379, -0.000375441, 99999.9, 0.1775
0.6825, 0.999999, -0.000238529, 99999.9, 0.1379, -0.000283748, 100000, 0.1825
0.6875, 0.999999, -0.000238529, 99999.9, 0.1379, -0.000176405, 100000, 0.1875
0.6925, 0.999999, -0.000238529, 99999.9, 0.1379, -9.42219e-05, 100000, 0.1925
0.6975, 0.999999, -0.000238529, 99999.9, 0.1379, -4.28954e-05, 100000, 0.1975
0.7025, 0.999999, -0.000238529, 99999.9, 0.1379, -1.64042e-05, 100000, 0.2025
0.7075, 0.999999, -0.000238529, 99999.9, 0.1379, -5.17085e-06, 100000, 0.2075
0.7125, 0.999999, -0.000238529, 99999.9, 0.1379, -1.30861e-06, 100000, 0.2125
0.7175, 0.999999, -0.000238529, 99999.9, 0.1379, -2.55728e-07, 100000, 0.2175
0.7225, 0.999999, -0.000238529, 99999.9, 0.1379, -3.62415e-08, 100000, 0.2225
0.7275, 0.999999, -0.000238529, 99999.9, 0.1379, -3.31608e-09, 100000, 0.2275
0.7325, 0.999999, -0.000238529, 99999.9, 0.1379, -1.47136e-10, 100000, 0.2325
0.7375, 0.999999, -0.000238529, 99999.9, 0.1379, 7.67131e-14, 100000, 0.2375
0.7425, 0.999999, -0.000238529, 99999.9, 0.1379, 0, 100000, 0.2425
0.7475, 0.999999, -0.000238529, 99999.9, 0.1379, 0, 100000, 0.2475
0.7525, 0.999999, -0.000238529, 99999.9, 0.1379, 0, 100000, 0.2525
0.7575, 0.999999, -0.000238529, 99999.9, 0.1379, 0, 100000, 0.2575
0.7625, 0.999999, -0.000238529, 99999.9, 0.1379, 0, 100000, 0.2625
0.7675, 0.999999, -0.000238529, 99999.9, 0.1379, 0, 100000, 0.2675
0.7725, 0.999999, -0.000238529, 99999.9, 0.1379, 0, 100000, 0.2725
0.7775, 0.999999, -0.000238529, 99999.9, 0.1379, 0, 100000, 0.2775
0.7825, 0.999999, -0.000238529, 99999.9, 0.1379, 0, 100000, 0.2825
0.7875, 0.999999, -0.000238529, 99999.9, 0.1379, 0, 100000, 0.2875
0.7925, 0.999999, -0.000238529, 99999.9, 0.1379, 0, 100000, 0.2925
0.7975, 0.999999, -0.000238529, 99999.9, 0.1379, 0, 100000, 0.2975
0.8025, 0.999999, -0.000238529, 99999.9, 0.1379, 0, 100000, 0.3025
0.8075, 0.999999, -0.000238529, 99999.9, 0.1379, 0, 100000, 0.3075
0.8125, 0.999999, -0.000238529, 99999.9, 0.1379, 0, 100000, 0.3125
0.8175, 0.999999, -0.000238529, 99999.9, 0.1379, 0, 100000, 0.3175
0.8225, 0.999999, -0.000238529, 99999.9, 0.1379, 0, 100000, 0.3225
0.8275, 0.999999, -0.000238529, 99999.9, 0.1379, 0, 100000, 0.3275
0.8325, 0.999999, -0.000238529, 99999.9, 0.1379, 0, 100000, 0.3325
0.8375, 0.999999, -0.000238529, 99999.9, 0.1379, 0, 100000, 0.3375
0.8425, 0.999999, -0.000238529, 99999.9, 0.1379, 0, 100000, 0.3425
0.8475, 0.999999, -0.000238529, 99999.9, 0.1379, 0, 100000, 0.3475
0.8525, 0.999999, -0.000238529, 99999.9, 0.1379, 0, 100000, 0.3525
0.8575, 0.999999, -0.000238529, 99999.9, 0.1379, 0, 100000, 0.3575
0.8625, 0.999999, -0.000238529, 99999.9, 0.1379, 0, 100000, 0.3625
0.8675, 0.999999, -0.000238529, 99999.9, 0.1379, 0, 100000, 0.3675
0.8725, 0.999999, -0.000238529, 99999.9, 0.1379, 0, 100000, 0.3725
0.8775, 0.999999, -0.000238529, 99999.9, 0.1379, 0, 100000, 0.3775
0.8825, 0.999999, -0.000238529, 99999.9, 0.1379, 0, 100000, 0.3825
0.8875, 0.999999, -0.000238529, 99999.9, 0.1379, 0, 100000, 0.3875
0.8925, 0.999999, -0.000238529, 99999.9, 0.1379, 0, 100000, 0.3925
0.8975, 0.999999, -0.000238529, 99999.9, 0.1379, 0, 100000, 0.3975
0.9025, 0.999999, -0.000238529, 99999.9, 0.1379, 0, 100000, 0.4025
0.9075, 0.999999, -0.000238529, 99999.9, 0.1379, 0, 100000, 0.4075
0.9125, 0.999999, -0.000238529, 99999.9, 0.1379, 0, 100000, 0.4125
0.9175, 0.999999, -0.000238529, 99999.9, 0.1379, 0, 100000, 0.4175
0.9225, 0.999999, -0.000238529, 99999.9, 0.1379, 0, 100000, 0.4225
0.9275, 0.999999, -0.000238529, 99999.9, 0.1379, 0, 100000, 0.4275
0.9325, 0.999999, -0.000238529, 99999.9, 0.1379, 0, 100000, 0.4325
0.9375, 0.999999, -0.000238529, 99999.9, 0.1379, 0, 100000, 0.4375
0.9425, 0.999999, -0.000238529, 99999.9, 0.1379, 0, 100000, 0.4425
0.9475, 0.999999, -0.000238529, 99999.9, 0.1379, 0, 100000, 0.4475
0.9525, 0.999999, -0.000238529, 99999.9, 0.1379, 0, 100000, 0.4525
0.9575, 0.999999, -0.000238529, 99999.9, 0.1379, 0, 100000, 0.4575
0.9625, 0.999999, -0.000238529, 99999.9, 0.1379, 0, 100000, 0.4625
0.9675, 0.999999, -0.000238529, 99999.9, 0.1379, 0, 100000, 0.4675
0.9725, 0.999999, -0.000238529, 99999.9, 0.1379, 0, 100000, 0.4725
0.9775, 0.999999, -0.000238529, 99999.9, 0.1379, 0, 100000, 0.4775
0.9825, 0.999999, -0.000238529, 99999.9, 0.1379, 0, 100000, 0.4825
0.9875, 0.999999, -0.000238529, 99999.9, 0.1379, 0, 100000, 0.4875
0.9925, 0.999999, -0.000238529, 99999.9, 0.1379, 0, 100000, 0.4925
0.9975, 0.999999, -0.000238529, 99999.9, 0.1379, 0, 100000, 0.4975
