0.0025, 1.33294, 111.798, 149994, 0.158854, 159.392, 126642, -0.520942
0.0075, 1.33293, 111.799, 149993, 0.158854, 159.392, 126642, -0.516283
0.0125, 1.33293, 111.8, 149993, 0.158854, 159.392, 126642, -0.511283
0.0175, 1.33293, 111.8, 149993, 0.158854, 159.392, 126642, -0.506283
0.0225, 1.33293, 111.8, 149993, 0.158854, 159.392, 126642, -0.501283
0.0275, 1.33293, 111.8, 149993, 0.158854, 159.392, 126642, -0.496283
0.0325, 1.33293, 111.8, 149993, 0.158854, 159.392, 126642, -0.491283
0.0375, 1.33293, 111.799, 149993, 0.158854, 159.392, 126642, -0.486283
0.0425, 1.33294, 111.798, 149994, 0.158854, 159.392, 126642, -0.481283
0.0475, 1.33294, 111.796, 149995, 0.158854, 159.392, 126642, -0.476283
0.0525, 1.33295, 111.795, 149996, 0.158854, 159.392, 126642, -0.471283
0.0575, 1.33295, 111.794, 149996, 0.158854, 159.392, 126642, -0.466283
0.0625, 1.33295, 111.793, 149996, 0.158854, 159.392, 126642, -0.461283
0.0675, 1.33295, 111.793, 149996, 0.158854, 159.392, 126642, -0.456283
0.0725, 1.33295, 111.793, 149996, 0.158854, 159.392, 126642, -0.451283
0.0775, 1.33295, 111.793, 149996, 0.158854, 159.392, 126642, -0.446283
0.0825, 1.33295, 111.794, 149996, 0.158854, 159.392, 126642, -0.441283
0.0875, 1.33295, 111.796, 149995, 0.158854, 159.392, 126642, -0.436283
0.0925, 1.33295, 111.798, 149994, 0.158854, 159.392, 126642, -0.431283
0.0975, 1.33295, 111.799, 149993, 0.158854, 159.392, 126642, -0.426283
0.1025, 1.33295, 111.8, 149993, 0.158854, 159.392, 126642, -0.421283
0.1075, 1.33295, 111.8, 149993, 0.158854, 159.392, 126642, -0.416283
0.1125, 1.33296, 111.801, 149992, 0.158854, 159.392, 126642, -0.411283
0.1175, 1.33296, 111.801, 149992, 0.158854, 159.392, 126642, -0.406283
0.1225, 1.33296, 111.801, 149993, 0.158854, 159.392, 126642, -0.401283
0.1275, 1.33296, 111.8, 149993, 0.158854, 159.392, 126642, -0.396283
0.1325, 1.33295, 111.799, 149993, 0.158854, 159.392, 126642, -0.391283
0.1375, 1.33293, 111.798, 149994, 0.158854, 159.392, 126642, -0.386283
0.1425, 1.33285, 111.797, 149995, 0.158854, 159.392, 126642, -0.381283
0.1475, 1.33266, 111.795, 149995, 0.158854, 159.392, 126642, -0.376283
0.1525, 1.33233, 111.793, 149996, 0.158854, 159.392, 126642, -0.371283
0.1575, 1.33194, 111.792, 149997, 0.158854, 159.392, 126642, -0.366283
0.1625, 1.33158, 111.791, 149997, 0.158854, 159.392, 126642, -0.361283
0.1675, 1.33129, 111.791, 149998, 0.158854, 159.392, 126642, -0.356283
0.1725, 1.33107, 111.791, 149998, 0.158854, 159.392, 126642, -0.351283
0.1775, 1.33092, 111.791, 149997, 0.158854, 159.392, 126642, -0.346283
0.1825, 1.33083, 111.792, 149997, 0.158854, 159.392, 126642, -0.341283
0.1875, 1.3308, 111.793, 149997, 0.158854, 159.392, 126642, -0.336283
0.1925, 1.33079, 111.794, 149996, 0.158854, 159.392, 126642, -0.331283
0.1975, 1.3308, 111.795, 149995, 0.158854, 159.392, 126642, -0.326283
0.2025, 1.3309, 111.797, 149994, 0.158854, 159.392, 126642, -0.321283
0.2075, 1.33117, 111.798, 149994, 0.158854, 159.392, 126642, -0.316283
0.2125, 1.33159, 111.798, 149994, 0.158854, 159.392, 126642, -0.311283
0.2175, 1.332, 111.798, 149994, 0.158854, 159.392, 126642, -0.306283
0.2225, 1.33232, 111.798, 149994, 0.158854, 159.392, 126642, -0.301283
0.2275, 1.33257, 111.798, 149994, 0.158854, 159.392, 126642, -0.296283
0.2325, 1.33275, 111.798, 149994, 0.158854, 159.392, 126642, -0.291283
0.2375, 1.33286, 111.798, 149994, 0.158854, 159.392, 126642, -0.286283
0.2425, 1.33294, 111.797, 149994, 0.158854, 159.392, 126642, -0.281283
0.2475, 1.33297, 111.797, 149994, 0.158854, 159.392, 126642, -0.276283
0.2525, 1.33299, 111.796, 149994, 0.158854, 159.392, 126642, -0.271283
0.2575, 1.333, 111.796, 149995, 0.158854, 159.392, 126642, -0.266283
0.2625, 1.333, 111.795, 149995, 0.158854, 159.392, 126642, -0.261283
0.2675, 1.333, 111.794, 149996, 0.158854, 159.392, 126642, -0.256283
0.2725, 1.333, 111.793, 149996, 0.158854, 159.392, 126642, -0.251283
0.2775, 1.333, 111.792, 149997, 0.158854, 159.392, 126642, -0.246283
0.2825, 1.33301, 111.792, 149997, 0.158854, 159.392, 126642, -0.241283
0.2875, 1.33305, 111.793, 149997, 0.158854, 159.392, 126642, -0.236283
0.2925, 1.33313, 111.793, 149997, 0.158854, 159.392, 126642, -0.231283
0.2975, 1.33322, 111.794, 149996, 0.158854, 159.392, 126642, -0.226283
0.3025, 1.33329, 111.795, 149996, 0.158854, 159.392, 126642, -0.221283
0.3075, 1.33333, 111.796, 149995, 0.158854, 159.392, 126642, -0.216283
0.3125, 1.33336, 111.796, 149995, 0.158854, 159.392, 126642, -0.211283
0.3175, 1.33337, 111.797, 149995, 0.158854, 159.392, 126642, -0.206283
0.3225, 1.33337, 111.797, 149995, 0.158854, 159.392, 126642, -0.201283
0.3275, 1.33336, 111.797, 149995, 0.158854, 159.392, 126642, -0.196283
0.3325, 1.33331, 111.797, 149995, 0.158854, 159.392, 126642, -0.191283
0.3375, 1.33324, 111.796, 149995, 0.158854, 159.392, 126642, -0.186283
0.3425, 1.33317, 111.796, 149995, 0.158854, 159.392, 126642, -0.181283
0.3475, 1.33313, 111.796, 149995, 0.158854, 159.392, 126642, -0.176283
0.3525, 1.33312, 111.796, 149995, 0.158854, 159.392, 126642, -0.171283
0.3575, 1.33311, 111.796, 149995, 0.158854, 159.392, 126642, -0.166283
0.3625, 1.33312, 111.796, 149995, 0.158854, 159.392, 126642, -0.161283
0.3675, 1.33315, 111.795, 149996, 0.158854, 159.392, 126642, -0.156283
0.3725, 1.33323, 111.793, 149996, 0.158854, 159.392, 126642, -0.151283
0.3775, 1.33333, 111.791, 149997, 0.158854, 159.392, 126642, -0.146283
0.3825, 1.33341, 111.79, 149998, 0.158854, 159.392, 126642, -0.141283
0.3875, 1.33346, 111.789, 149999, 0.158854, 159.392, 126642, -0.136283
0.3925, 1.33348, 111.788, 149999, 0.158854, 159.392, 126642, -0.131283
0.3975, 1.33348, 111.788, 149999, 0.158854, 159.392, 126642, -0.126283
0.4025, 1.33348, 111.789, 149999, 0.158854, 159.392, 126642, -0.121283
0.4075, 1.33343, 111.794, 149996, 0.158854, 159.392, 126642, -0.116283
0.4125, 1.33333, 111.807, 149990, 0.158854, 159.392, 126642, -0.111283
0.4175, 1.33317, 111.834, 149976, 0.158854, 159.392, 126642, -0.106283
0.4225, 1.33287, 111.901, 149940, 0.158854, 159.392, 126642, -0.101283
0.4275, 1.33222, 112.07, 149851, 0.158854, 159.392, 126642, -0.0962833
0.4325, 1.33073, 112.493, 149627, 0.158854, 159.392, 126642, -0.0912844
0.4375, 1.32727, 113.513, 149089, 0.158854, 159.392, 126642, -0.0862871
0.4425, 1.31862, 116.099, 147732, 0.158854, 159.392, 126642, -0.0812939
0.4475, 1.30318, 120.766, 145311, 0.158854, 159.392, 126642, -0.076307
0.4525, 1.28239, 127.141, 142061, 0.158854, 159.392, 126642, -0.0713258
0.4575, 1.25989, 134.142, 138564, 0.158854, 159.392, 126642, -0.0663473
0.4625, 1.23934, 140.618, 135390, 0.158854, 159.392, 126642, -0.0613675
0.4675, 1.22227, 146.083, 132758, 0.158854, 159.392, 126642, -0.0563848
0.4725, 1.20882, 150.435, 130694, 0.158854, 159.392, 126642, -0.0513986
0.4775, 1.19881, 153.697, 129175, 0.158854, 159.392, 126642, -0.0464091
0.4825, 1.19172, 155.992, 128128, 0.158854, 159.392, 126642, -0.0414165
0.4875, 1.18688, 157.493, 127447, 0.158854, 159.392, 126642, -0.0364213
0.4925, 1.18364, 158.385, 127022, 0.158854, 159.392, 126642, -0.0314242
0.4975, 1.18151, 158.853, 126763, 0.158854, 159.392, 126642, -0.0264257
0.5025, 1.18026, 159.077, 126616, 0.158854, 159.392, 126642, -0.0214265
0.5075, 1.17975, 159.191, 126555, 0.158854, 159.392, 126642, -0.0164269
0.5125, 1.17967, 159.281, 126551, 0.158854, 159.392, 126642, -0.0114273
0.5175, 1.17987, 159.345, 126590, 0.158854, 159.392, 126642, -0.0064275
0.5225, 1.18011, 159.385, 126631, 0.158854, 159.392, 126642, -0.00142759
0.5275, 1.18018, 159.394, 126642, 0.158854, 159.394, 126643, 0.00357237
0.5325, 1.18018, 159.392, 126642, 0.158858, 159.426, 126649, 0.00857217
0.5375, 1.18018, 159.392, 126642, 0.158866, 159.493, 126661, 0.013572
0.5425, 1.18018, 159.392, 126642, 0.158873, 159.546, 126671, 0.0185719
0.5475, 1.18018, 159.392, 126642, 0.158878, 159.591, 126679, 0.0235717
0.5525, 1.18018, 159.392, 126642, 0.158881, 159.626, 126685, 0.0285717
0.5575, 1.18018, 159.392, 126642, 0.158883, 159.648, 126689, 0.0335716
0.5625, 1.18018, 159.392, 126642, 0.158884, 159.658, 126691, 0.0385716
0.5675, 1.18018, 159.392, 126642, 0.158884, 159.661, 126692, 0.0435716
0.5725, 1.18018, 159.392, 126642, 0.158883, 159.656, 126691, 0.0485717
0.5775, 1.18018, 159.392, 126642, 0.158879, 159.622, 126684, 0.0535719
0.5825, 1.18018, 159.392, 126642, 0.158868, 159.543, 126670, 0.0585722
0.5875, 1.18018, 159.392, 126642, 0.158854, 159.446, 126652, 0.0635725
0.5925, 1.18018, 159.392, 126642, 0.158839, 159.337, 126632, 0.0685729
0.5975, 1.18018, 159.392, 126642, 0.158822, 159.213, 126609, 0.0735734
0.6025, 1.18018, 159.392, 126642, 0.158799, 159.045, 126579, 0.0785741
0.6075, 1.18018, 159.392, 126642, 0.158761, 158.77, 126528, 0.0835753
0.6125, 1.18018, 159.392, 126642, 0.158701, 158.336, 126449, 0.0885771
0.6175, 1.18018, 159.392, 126642, 0.158619, 157.745, 126341, 0.0935791
0.6225, 1.18018, 159.392, 126642, 0.158524, 157.055, 126214, 0.0985813
0.6275, 1.18018, 159.392, 126642, 0.158427, 156.349, 126086, 0.103583
0.6325, 1.18018, 159.392, 126642, 0.158332, 155.655, 125959, 0.108586
0.6375, 1.18018, 159.392, 126642, 0.158225, 154.875, 125817, 0.113589
0.6425, 1.18018, 159.392, 126642, 0.158065, 153.715, 125605, 0.118594
0.6475, 1.18018, 159.392, 126642, 0.157801, 151.8, 125257, 0.123602
0.6525, 1.18018, 159.392, 126642, 0.157415, 148.99, 124747, 0.128612
0.6575, 1.18018, 159.392, 126642, 0.156955, 145.625, 124139, 0.133623
0.6625, 1.18018, 159.392, 126642, 0.156489, 142.215, 123525, 0.138634
0.6675, 1.18018, 159.392, 126642, 0.155956, 138.297, 122823, 0.143652
0.6725, 1.18018, 159.392, 126642, 0.15499, 131.229, 121563, 0.148691
0.6775, 1.18018, 159.392, 126642, 0.152898, 115.81, 118853, 0.15376
0.6825, 1.18018, 159.392, 126642, 0.149556, 90.7246, 114546, 0.158842
0.6875, 1.18018, 159.392, 126642, 0.14609, 64.262, 110139, 0.163909
0.6925, 1.18018, 159.392, 126642, 0.143445, 43.7462, 106817, 0.168957
0.6975, 1.18018, 159.392, 126642, 0.141633, 29.5592, 104567, 0.173989
0.7025, 1.18018, 159.392, 126642, 0.140437, 20.1351, 103093, 0.17901
0.7075, 1.18018, 159.392, 126642, 0.139646, 13.8849, 102125, 0.184025
0.7125, 1.18018, 159.392, 126642, 0.139117, 9.68602, 101479, 0.189035
0.7175, 1.18018, 159.392, 126642, 0.138756, 6.82089, 101039, 0.194041
0.7225, 1.18018, 159.392, 126642, 0.138507, 4.83827, 100736, 0.199046
0.7275, 1.18018, 159.392, 126642, 0.138333, 3.45066, 100525, 0.204049
0.7325, 1.18018, 159.392, 126642, 0.13821, 2.47091, 100376, 0.209052
0.7375, 1.18018, 159.392, 126642, 0.138122, 1.77452, 100270, 0.214053
0.7425, 1.18018, 159.392, 126642, 0.13806, 1.27707, 100194, 0.219055
0.7475, 1.18018, 159.392, 126642, 0.138015, 0.920423, 100140, 0.224056
0.7525, 1.18018, 159.392, 126642, 0.137983, 0.664027, 100101, 0.229056
0.7575, 1.18018, 159.392, 126642, 0.13796, 0.479342, 100073, 0.234057
0.7625, 1.18018, 159.392, 126642, 0.137943, 0.346123, 100053, 0.239057
0.7675, 1.18018, 159.392, 126642, 0.137931, 0.249935, 100038, 0.244057
0.7725, 1.18018, 159.392, 126642, 0.137923, 0.18044, 100027, 0.249057
0.7775, 1.18018, 159.392, 126642, 0.137916, 0.130213, 100020, 0.254057
0.7825, 1.18018, 159.392, 126642, 0.137912, 0.0939053, 100014, 0.259058
0.7875, 1.18018, 159.392, 126642, 0.137908, 0.0676603, 100010, 0.264058
0.7925, 1.18018, 159.392, 126642, 0.137906, 0.0486926, 100007, 0.269058
0.7975, 1.18018, 159.392, 126642, 0.137904, 0.0349888, 100005, 0.274058
0.8025, 1.18018, 159.392, 126642, 0.137903, 0.0250928, 100004, 0.279058
0.8075, 1.18018, 159.392, 126642, 0.137902, 0.017951, 100003, 0.284058
0.8125, 1.18018, 159.392, 126642, 0.137902, 0.0128009, 100002, 0.289058
0.8175, 1.18018, 159.392, 126642, 0.137901, 0.00909067, 100001, 0.294058
0.8225, 1.18018, 159.392, 126642, 0.137901, 0.00642043, 100001, 0.299058
0.8275, 1.18018, 159.392, 126642, 0.137901, 0.00450062, 100001, 0.304058
0.8325, 1.18018, 159.392, 126642, 0.1379, 0.00312147, 100000, 0.309058
0.8375, 1.18018, 159.392, 126642, 0.1379, 0.00213111, 100000, 0.314058
0.8425, 1.18018, 159.392, 126642, 0.1379, 0.0014197, 100000, 0.319058
0.8475, 1.18018, 159.392, 126642, 0.1379, 0.000908057, 100000, 0.324058
0.8525, 1.18018, 159.392, 126642, 0.1379, 0.000539244, 100000, 0.329058
0.8575, 1.18018, 159.392, 126642, 0.1379, 0.00027254, 100000, 0.334058
0.8625, 1.18018, 159.392, 126642, 0.1379, 7.89533e-05, 100000, 0.339058
0.8675, 1.18018, 159.392, 126642, 0.1379, -6.20675e-05, 100000, 0.344058
0.8725, 1.18018, 159.392, 126642, 0.1379, -0.000165061, 100000, 0.349058
0.8775, 1.18018, 159.392, 126642, 0.1379, -0.000240331, 100000, 0.354058
0.8825, 1.18018, 159.392, 126642, 0.1379, -0.000295235, 100000, 0.359058
0.8875, 1.18018, 159.392, 126642, 0.1379, -0.000335094, 99999.9, 0.364058
0.8925, 1.18018, 159.392, 126642, 0.1379, -0.000363822, 99999.9, 0.369058
0.8975, 1.18018, 159.392, 126642, 0.1379, -0.00038434, 99999.9, 0.374058
0.9025, 1.18018, 159.392, 126642, 0.1379, -0.000398849, 99999.9, 0.379058
0.9075, 1.18018, 159.392, 126642, 0.1379, -0.000409005, 99999.9, 0.384058
0.9125, 1.18018, 159.392, 126642, 0.1379, -0.000416047, 99999.9, 0.389058
0.9175, 1.18018, 159.392, 126642, 0.1379, -0.000420885, 99999.9, 0.394058
0.9225, 1.18018, 159.392, 126642, 0.1379, -0.000424177, 99999.9, 0.399058
0.9275, 1.18018, 159.392, 126642, 0.1379, -0.000426391, 99999.9, 0.404058
0.9325, 1.18018, 159.392, 126642, 0.1379, -0.00042786, 99999.9, 0.409058
0.9375, 1.18018, 159.392, 126642, 0.1379, -0.000428817, 99999.9, 0.414058
0.9425, 1.18018, 159.392, 126642, 0.1379, -0.000429424, 99999.9, 0.419058
0.9475, 1.18018, 159.392, 126642, 0.1379, -0.000429798, 99999.9, 0.424058
0.9525, 1.18018, 159.392, 126642, 0.1379, -0.000430018, 99999.9, 0.429058
0.9575, 1.18018, 159.392, 126642, 0.1379, -0.000430141, 99999.9, 0.434058
0.9625, 1.18018, 159.392, 126642, 0.1379, -0.000430205, 99999.9, 0.439058
0.9675, 1.18018, 159.392, 126642, 0.1379, -0.000430234, 99999.9, 0.444058
0.9725, 1.18018, 159.392, 126642, 0.1379, -0.000430244, 99999.9, 0.449058
0.9775, 1.18018, 159.392, 126642, 0.1379, -0.000430245, 99999.9, 0.454058
0.9825, 1.18018, 159.392, 126642, 0.1379, -0.000430239, 99999.9, 0.459058
0.9875, 1.18018, 159.392, 126642, 0.1379, -0.000430222, 99999.9, 0.464058
0.9925, 1.18018, 159.392, 126642, 0.1379, -0.000430206, 99999.9, 0.469058
0.9975, 1.18018, 159.392, 126642, 0.1379, -0.000430193, 99999.9, 0.474058
