0.0025, 1.3329, 111.807, 149989, 0.137901, 0.0101529, 100001, -0.4975
0.0075, 1.33291, 111.807, 149989, 0.137901, 0.0101529, 100001, -0.492906
0.0125, 1.33291, 111.807, 149989, 0.137901, 0.0101529, 100001, -0.487906
0.0175, 1.33291, 111.806, 149990, 0.137901, 0.0101529, 100001, -0.482906
0.0225, 1.33291, 111.805, 149990, 0.137901, 0.0101529, 100001, -0.477906
0.0275, 1.33292, 111.804, 149991, 0.137901, 0.0101529, 100001, -0.472906
0.0325, 1.33292, 111.802, 149992, 0.137901, 0.0101529, 100001, -0.467906
0.0375, 1.33293, 111.8, 149993, 0.137901, 0.0101529, 100001, -0.462906
0.0425, 1.33293, 111.798, 149994, 0.137901, 0.0101529, 100001, -0.457906
0.0475, 1.33294, 111.797, 149995, 0.137901, 0.0101529, 100001, -0.452906
0.0525, 1.33295, 111.795, 149995, 0.137901, 0.0101529, 100001, -0.447906
0.0575, 1.33296, 111.795, 149996, 0.137901, 0.0101529, 100001, -0.442906
0.0625, 1.33296, 111.794, 149996, 0.137901, 0.0101529, 100001, -0.437906
0.0675, 1.33297, 111.794, 149996, 0.137901, 0.0101529, 100001, -0.432906
0.0725, 1.33297, 111.795, 149995, 0.137901, 0.0101529, 100001, -0.427906
0.0775, 1.33297, 111.796, 149995, 0.137901, 0.0101529, 100001, -0.422906
0.0825, 1.33297, 111.798, 149994, 0.137901, 0.0101529, 100001, -0.417906
0.0875, 1.33297, 111.799, 149993, 0.137901, 0.0101529, 100001, -0.412906
0.0925, 1.33296, 111.801, 149993, 0.137901, 0.0101529, 100001, -0.407906
0.0975, 1.33296, 111.801, 149992, 0.137901, 0.0101529, 100001, -0.402906
0.1025, 1.33295, 111.801, 149992, 0.137901, 0.0101529, 100001, -0.397906
0.1075, 1.33294, 111.801, 149992, 0.137901, 0.0101529, 100001, -0.392906
0.1125, 1.33289, 111.8, 149993, 0.137901, 0.0101529, 100001, -0.387906
0.1175, 1.33276, 111.799, 149993, 0.137901, 0.0101529, 100001, -0.382906
0.1225, 1.33247, 111.797, 149994, 0.137901, 0.0101529, 100001, -0.377906
0.1275, 1.33203, 111.796, 149994, 0.137901, 0.0101529, 100001, -0.372906
0.1325, 1.33156, 111.795, 149995, 0.137901, 0.0101529, 100001, -0.367906
0.1375, 1.33116, 111.794, 149996, 0.137901, 0.0101529, 100001, -0.362906
0.1425, 1.33086, 111.793, 149997, 0.137901, 0.0101529, 100001, -0.357906
0.1475, 1.33066, 111.793, 149997, 0.137901, 0.0101529, 100001, -0.352906
0.1525, 1.33055, 111.793, 149997, 0.137901, 0.0101529, 100001, -0.347906
0.1575, 1.33051, 111.793, 149997, 0.137901, 0.0101529, 100001, -0.342906
0.1625, 1.3305, 111.794, 149996, 0.137901, 0.0101529, 100001, -0.337906
0.1675, 1.33053, 111.795, 149995, 0.137901, 0.0101529, 100001, -0.332906
0.1725, 1.3307, 111.798, 149994, 0.137901, 0.0101529, 100001, -0.327906
0.1775, 1.33112, 111.8, 149993, 0.137901, 0.0101529, 100001, -0.322906
0.1825, 1.33167, 111.801, 149993, 0.137901, 0.0101529, 100001, -0.317906
0.1875, 1.33215, 111.801, 149992, 0.137901, 0.0101529, 100001, -0.312906
0.1925, 1.33253, 111.801, 149992, 0.137901, 0.0101529, 100001, -0.307906
0.1975, 1.3328, 111.8, 149993, 0.137901, 0.0101529, 100001, -0.302906
0.2025, 1.33297, 111.8, 149993, 0.137901, 0.0101529, 100001, -0.297906
0.2075, 1.33307, 111.799, 149993, 0.137901, 0.0101529, 100001, -0.292906
0.2125, 1.33312, 111.798, 149993, 0.137901, 0.0101529, 100001, -0.287906
0.2175, 1.33313, 111.798, 149994, 0.137901, 0.0101529, 100001, -0.282906
0.2225, 1.33312, 111.798, 149994, 0.137901, 0.0101529, 100001, -0.277906
0.2275, 1.33307, 111.797, 149994, 0.137901, 0.0101529, 100001, -0.272906
0.2325, 1.333, 111.795, 149995, 0.137901, 0.0101529, 100001, -0.267906
0.2375, 1.33295, 111.793, 149996, 0.137901, 0.0101529, 100001, -0.262906
0.2425, 1.33292, 111.791, 149997, 0.137901, 0.0101529, 100001, -0.257906
0.2475, 1.33291, 111.79, 149998, 0.137901, 0.0101529, 100001, -0.252906
0.2525, 1.33292, 111.789, 149999, 0.137901, 0.0101529, 100001, -0.247906
0.2575, 1.33298, 111.789, 149999, 0.137901, 0.0101529, 100001, -0.242906
0.2625, 1.33311, 111.79, 149999, 0.137901, 0.0101529, 100001, -0.237906
0.2675, 1.33325, 111.792, 149997, 0.137901, 0.0101529, 100001, -0.232906
0.2725, 1.33336, 111.795, 149996, 0.137901, 0.0101529, 100001, -0.227906
0.2775, 1.33343, 111.797, 149995, 0.137901, 0.0101529, 100001, -0.222906
0.2825, 1.33347, 111.798, 149994, 0.137901, 0.0101529, 100001, -0.217906
0.2875, 1.33349, 111.799, 149994, 0.137901, 0.0101529, 100001, -0.212906
0.2925, 1.33349, 111.799, 149993, 0.137901, 0.0101529, 100001, -0.207906
0.2975, 1.33346, 111.799, 149993, 0.137901, 0.0101529, 100001, -0.202906
0.3025, 1.33337, 111.798, 149994, 0.137901, 0.0101529, 100001, -0.197906
0.3075, 1.33322, 111.797, 149994, 0.137901, 0.0101529, 100001, -0.192906
0.3125, 1.33309, 111.797, 149994, 0.137901, 0.0101529, 100001, -0.187906
0.3175, 1.33301, 111.797, 149994, 0.137901, 0.0101529, 100001, -0.182906
0.3225, 1.33297, 111.797, 149994, 0.137901, 0.0101529, 100001, -0.177906
0.3275, 1.33296, 111.798, 149994, 0.137901, 0.0101529, 100001, -0.172906
0.3325, 1.33297, 111.798, 149994, 0.137901, 0.0101529, 100001, -0.167906
0.3375, 1.33303, 111.798, 149994, 0.137901, 0.0101529, 100001, -0.162906
0.3425, 1.33319, 111.797, 149995, 0.137901, 0.0101529, 100001, -0.157906
0.3475, 1.33336, 111.795, 149996, 0.137901, 0.0101529, 100001, -0.152906
0.3525, 1.33349, 111.794, 149997, 0.137901, 0.0101529, 100001, -0.147906
0.3575, 1.33357, 111.792, 149997, 0.137901, 0.0101529, 100001, -0.142906
0.3625, 1.33361, 111.791, 149997, 0.137901, 0.0101529, 100001, -0.137906
0.3675, 1.33362, 111.791, 149997, 0.137901, 0.0101529, 100001, -0.132906
0.3725, 1.33361, 111.791, 149997, 0.137901, 0.0101529, 100001, -0.127906
0.3775, 1.33358, 111.792, 149997, 0.137901, 0.0101529, 100001, -0.122906
0.3825, 1.33347, 111.794, 149996, 0.137901, 0.0101529, 100001, -0.117906
0.3875, 1.33326, 111.797, 149996, 0.137901, 0.0101529, 100001, -0.112906
0.3925, 1.33302, 111.8, 149995, 0.137901, 0.0101529, 100001, -0.107906
0.3975, 1.33285, 111.801, 149995, 0.137901, 0.0101529, 100001, -0.102906
0.4025, 1.33276, 111.796, 149994, 0.137901, 0.0101529, 100001, -0.0979064
0.4075, 1.33273, 111.781, 149985, 0.137901, 0.0101529, 100001, -0.0929063
0.4125, 1.33273, 111.726, 149955, 0.137901, 0.0101529, 100001, -0.087906
0.4175, 1.33245, 111.524, 149850, 0.137901, 0.0101529, 100001, -0.0829049
0.4225, 1.33051, 110.838, 149486, 0.137901, 0.0101529, 100001, -0.0779012
0.4275, 1.32172, 108.149, 148088, 0.137901, 0.0101529, 100001, -0.0728853
0.4325, 1.28555, 97.488, 142556, 0.137901, 0.0101529, 100001, -0.0678306
0.4375, 1.20613, 72.8245, 130482, 0.137901, 0.0101529, 100001, -0.0627295
0.4425, 1.12161, 44.3484, 117734, 0.137901, 0.0101529, 100001, -0.0576332
0.4475, 1.06421, 23.8014, 109223, 0.137901, 0.0101529, 100001, -0.0525694
0.4525, 1.03156, 11.7729, 104481, 0.137901, 0.0101529, 100001, -0.0475337
0.4575, 1.01486, 5.55688, 102096, 0.137901, 0.0101529, 100001, -0.0425158
0.4625, 1.00684, 2.56008, 100961, 0.137901, 0.0101529, 100001, -0.0375073
0.4675, 1.00311, 1.165, 100437, 0.137901, 0.0101529, 100001, -0.0325033
0.4725, 1.00141, 0.52661, 100197, 0.137901, 0.0101529, 100001, -0.0275015
0.4775, 1.00063, 0.237072, 100089, 0.137901, 0.0101529, 100001, -0.0225007
0.4825, 1.00028, 0.106509, 100040, 0.137901, 0.0101529, 100001, -0.0175004
0.4875, 1.00013, 0.0478691, 100018, 0.137901, 0.0101529, 100001, -0.0125002
0.4925, 1.00005, 0.0217461, 100007, 0.137901, 0.0101529, 100001, -0.00750013
0.4975, 1.00002, 0.0117852, 100003, 0.137901, 0.00999193, 100002, -0.0025001
0.5025, 1.00001, 0.0100078, 100002, 0.137901, 0.00959704, 100001, 0.00249991
0.5075, 1.00001, 0.0101529, 100001, 0.137901, 0.00677413, 100001, 0.00749991
0.5125, 1.00001, 0.0101529, 100001, 0.137901, 0.00474664, 100001, 0.0124999
0.5175, 1.00001, 0.0101529, 100001, 0.1379, 0.00329163, 100000, 0.0174999
0.5225, 1.00001, 0.0101529, 100001, 0.1379, 0.00224934, 100000, 0.0224999
0.5275, 1.00001, 0.0101529, 100001, 0.1379, 0.00150358, 100000, 0.0274999
0.5325, 1.00001, 0.0101529, 100001, 0.1379, 0.000969391, 100000, 0.0324999
0.5375, 1.00001, 0.0101529, 100001, 0.1379, 0.000585822, 100000, 0.0374999
0.5425, 1.00001, 0.0101529, 100001, 0.1379, 0.000309764, 100000, 0.0424999
0.5475, 1.00001, 0.0101529, 100001, 0.1379, 0.000109701, 100000, 0.0474999
0.5525, 1.00001, 0.0101529, 100001, 0.1379, -3.69612e-05, 100000, 0.0524999
0.5575, 1.00001, 0.0101529, 100001, 0.1379, -0.000145246, 100000, 0.0574999
0.5625, 1.00001, 0.0101529, 100001, 0.1379, -0.000225155, 100000, 0.0624999
0.5675, 1.00001, 0.0101529, 100001, 0.1379, -0.000283992, 100000, 0.0674999
0.5725, 1.00001, 0.0101529, 100001, 0.1379, -0.000327294, 100000, 0.0724999
0.5775, 1.00001, 0.0101529, 100001, 0.1379, -0.00035909, 99999.9, 0.0774999
0.5825, 1.00001, 0.0101529, 100001, 0.1379, -0.000382089, 99999.9, 0.0824999
0.5875, 1.00001, 0.0101529, 100001, 0.1379, -0.000398185, 99999.9, 0.0874999
0.5925, 1.00001, 0.0101529, 100001, 0.1379, -0.000409026, 99999.9, 0.0924999
0.5975, 1.00001, 0.0101529, 100001, 0.1379, -0.000416183, 99999.9, 0.0974999
0.6025, 1.00001, 0.0101529, 100001, 0.1379, -0.00042095, 99999.9, 0.1025
0.6075, 1.00001, 0.0101529, 100001, 0.1379, -0.000424198, 99999.9, 0.1075
0.6125, 1.00001, 0.0101529, 100001, 0.1379, -0.000426432, 99999.9, 0.1125
0.6175, 1.00001, 0.0101529, 100001, 0.1379, -0.000427951, 99999.9, 0.1175
0.6225, 1.00001, 0.0101529, 100001, 0.1379, -0.000428954, 99999.9, 0.1225
0.6275, 1.00001, 0.0101529, 100001, 0.1379, -0.000429585, 99999.9, 0.1275
0.6325, 1.00001, 0.0101529, 100001, 0.1379, -0.000429955, 99999.9, 0.1325
0.6375, 1.00001, 0.0101529, 100001, 0.1379, -0.000430152, 99999.9, 0.1375
0.6425, 1.00001, 0.0101529, 100001, 0.1379, -0.000430243, 99999.9, 0.1425
0.6475, 1.00001, 0.0101529, 100001, 0.1379, -0.000430277, 99999.9, 0.1475
0.6525, 1.00001, 0.0101529, 100001, 0.1379, -0.000430285, 99999.9, 0.1525
0.6575, 1.00001, 0.0101529, 100001, 0.1379, -0.000430283, 99999.9, 0.1575
0.6625, 1.00001, 0.0101529, 100001, 0.1379, -0.000430266, 99999.9, 0.1625
0.6675, 1.00001, 0.0101529, 100001, 0.1379, -0.000430245, 99999.9, 0.1675
0.6725, 1.00001, 0.0101529, 100001, 0.1379, -0.000430227, 99999.9, 0.1725
0.6775, 1.00001, 0.0101529, 100001, 0.1379, -0.000430212, 99999.9, 0.1775
0.6825, 1.00001, 0.0101529, 100001, 0.1379, -0.000430199, 99999.9, 0.1825
0.6875, 1.00001, 0.0101529, 100001, 0.1379, -0.000430189, 99999.9, 0.1875
0.6925, 1.00001, 0.0101529, 100001, 0.1379, -0.000430181, 99999.9, 0.1925
0.6975, 1.00001, 0.0101529, 100001, 0.1379, -0.000430175, 99999.9, 0.1975
0.7025, 1.00001, 0.0101529, 100001, 0.1379, -0.000430171, 99999.9, 0.2025
0.7075, 1.00001, 0.0101529, 100001, 0.1379, -0.000430167, 99999.9, 0.2075
0.7125, 1.00001, 0.0101529, 100001, 0.1379, -0.000430165, 99999.9, 0.2125
0.7175, 1.00001, 0.0101529, 100001, 0.1379, -0.000430163, 99999.9, 0.2175
0.7225, 1.00001, 0.0101529, 100001, 0.1379, -0.000430162, 99999.9, 0.2225
0.7275, 1.00001, 0.0101529, 100001, 0.1379, -0.000430162, 99999.9, 0.2275
0.7325, 1.00001, 0.0101529, 100001, 0.1379, -0.000430161, 99999.9, 0.2325
0.7375, 1.00001, 0.0101529, 100001, 0.1379, -0.000430161, 99999.9, 0.2375
0.7425, 1.00001, 0.0101529, 100001, 0.1379, -0.000430161, 99999.9, 0.2425
0.7475, 1.00001, 0.0101529, 100001, 0.1379, -0.00043016, 99999.9, 0.2475
0.7525, 1.00001, 0.0101529, 100001, 0.1379, -0.00043016, 99999.9, 0.2525
0.7575, 1.00001, 0.0101529, 100001, 0.1379, -0.00043016, 99999.9, 0.2575
0.7625, 1.00001, 0.0101529, 100001, 0.1379, -0.00043016, 99999.9, 0.2625
0.7675, 1.00001, 0.0101529, 100001, 0.1379, -0.00043016, 99999.9, 0.2675
0.7725, 1.00001, 0.0101529, 100001, 0.1379, -0.00043016, 99999.9, 0.2725
0.7775, 1.00001, 0.0101529, 100001, 0.1379, -0.00043016, 99999.9, 0.2775
0.7825, 1.00001, 0.0101529, 100001, 0.1379, -0.00043016, 99999.9, 0.2825
0.7875, 1.00001, 0.0101529, 100001, 0.1379, -0.00043016, 99999.9, 0.2875
0.7925, 1.00001, 0.0101529, 100001, 0.1379, -0.00043016, 99999.9, 0.2925
0.7975, 1.00001, 0.0101529, 100001, 0.1379, -0.00043016, 99999.9, 0.2975
0.8025, 1.00001, 0.0101529, 100001, 0.1379, -0.00043016, 99999.9, 0.3025
0.8075, 1.00001, 0.0101529, 100001, 0.1379, -0.00043016, 99999.9, 0.3075
0.8125, 1.00001, 0.0101529, 100001, 0.1379, -0.00043016, 99999.9, 0.3125
0.8175, 1.00001, 0.0101529, 100001, 0.1379, -0.00043016, 99999.9, 0.3175
0.8225, 1.00001, 0.0101529, 100001, 0.1379, -0.00043016, 99999.9, 0.3225
0.8275, 1.00001, 0.0101529, 100001, 0.1379, -0.00043016, 99999.9, 0.3275
0.8325, 1.00001, 0.0101529, 100001, 0.1379, -0.00043016, 99999.9, 0.3325
0.8375, 1.00001, 0.0101529, 100001, 0.1379, -0.00043016, 99999.9, 0.3375
0.8425, 1.00001, 0.0101529, 100001, 0.1379, -0.00043016, 99999.9, 0.3425
0.8475, 1.00001, 0.0101529, 100001, 0.1379, -0.00043016, 99999.9, 0.3475
0.8525, 1.00001, 0.0101529, 100001, 0.1379, -0.00043016, 99999.9, 0.3525
0.8575, 1.00001, 0.0101529, 100001, 0.1379, -0.00043016, 99999.9, 0.3575
0.8625, 1.00001, 0.0101529, 100001, 0.1379, -0.00043016, 99999.9, 0.3625
0.8675, 1.00001, 0.0101529, 100001, 0.1379, -0.00043016, 99999.9, 0.3675
0.8725, 1.00001, 0.0101529, 100001, 0.1379, -0.00043016, 99999.9, 0.3725
0.8775, 1.00001, 0.0101529, 100001, 0.1379, -0.00043016, 99999.9, 0.3775
0.8825, 1.00001, 0.0101529, 100001, 0.1379, -0.00043016, 99999.9, 0.3825
0.8875, 1.00001, 0.0101529, 100001, 0.1379, -0.00043016, 99999.9, 0.3875
0.8925, 1.00001, 0.0101529, 100001, 0.1379, -0.00043016, 99999.9, 0.3925
0.8975, 1.00001, 0.0101529, 100001, 0.1379, -0.00043016, 99999.9, 0.3975
0.9025, 1.00001, 0.0101529, 100001, 0.1379, -0.00043016, 99999.9, 0.4025
0.9075, 1.00001, 0.0101529, 100001, 0.1379, -0.00043016, 99999.9, 0.4075
0.9125, 1.00001, 0.0101529, 100001, 0.1379, -0.00043016, 99999.9, 0.4125
0.9175, 1.00001, 0.0101529, 100001, 0.1379, -0.000430161, 99999.9, 0.4175
0.9225, 1.00001, 0.0101529, 100001, 0.1379, -0.000430161, 99999.9, 0.4225
0.9275, 1.00001, 0.0101529, 100001, 0.1379, -0.000430161, 99999.9, 0.4275
0.9325, 1.00001, 0.0101529, 100001, 0.1379, -0.000430161, 99999.9, 0.4325
0.9375, 1.00001, 0.0101529, 100001, 0.1379, -0.000430161, 99999.9, 0.4375
0.9425, 1.00001, 0.0101529, 100001, 0.1379, -0.000430161, 99999.9, 0.4425
0.9475, 1.00001, 0.0101529, 100001, 0.1379, -0.000430161, 99999.9, 0.4475
0.9525, 1.00001, 0.0101529, 100001, 0.1379, -0.000430161, 99999.9, 0.4525
0.9575, 1.00001, 0.0101529, 100001, 0.1379, -0.00043016, 99999.9, 0.4575
0.9625, 1.00001, 0.0101529, 100001, 0.1379, -0.00043016, 99999.9, 0.4625
0.9675, 1.00001, 0.0101529, 100001, 0.1379, -0.00043016, 99999.9, 0.4675
0.9725, 1.00001, 0.0101529, 100001, 0.1379, -0.00043016, 99999.9, 0.4725
0.9775, 1.00001, 0.0101529, 100001, 0.1379, -0.00043016, 99999.9, 0.4775
0.9825, 1.00001, 0.0101529, 100001, 0.1379, -0.00043016, 99999.9, 0.4825
0.9875, 1.00001, 0.0101529, 100001, 0.1379, -0.000430159, 99999.9, 0.4875
0.9925, 1.00001, 0.0101529, 100001, 0.1379, -0.000430159, 99999.9, 0.4925
0.9975, 1.00001, 0.0101529, 100001, 0.1379, -0.000430159, 99999.9, 0.4975
