0.0025, 1.33211, 112.048, 149862, 0.1379, -0.000238501, 99999.9, -0.4975
0.0075, 1.33229, 111.996, 149889, 0.1379, -0.000238501, 99999.9, -0.492907
0.0125, 1.3325, 111.933, 149922, 0.1379, -0.000238501, 99999.9, -0.487907
0.0175, 1.33264, 111.893, 149943, 0.1379, -0.000238501, 99999.9, -0.482907
0.0225, 1.33273, 111.872, 149955, 0.1379, -0.000238501, 99999.9, -0.477907
0.0275, 1.33277, 111.862, 149960, 0.1379, -0.000238501, 99999.9, -0.472907
0.0325, 1.33279, 111.858, 149962, 0.1379, -0.000238501, 99999.9, -0.467907
0.0375, 1.33279, 111.856, 149963, 0.1379, -0.000238501, 99999.9, -0.462907
0.0425, 1.3328, 111.855, 149964, 0.1379, -0.000238501, 99999.9, -0.457907
0.0475, 1.33279, 111.851, 149966, 0.1379, -0.000238501, 99999.9, -0.452907
0.0525, 1.33278, 111.844, 149970, 0.1379, -0.000238501, 99999.9, -0.447907
0.0575, 1.33272, 111.834, 149977, 0.1379, -0.000238501, 99999.9, -0.442906
0.0625, 1.33252, 111.825, 149981, 0.1379, -0.000238501, 99999.9, -0.437906
0.0675, 1.33195, 111.819, 149982, 0.1379, -0.000238501, 99999.9, -0.432906
0.0725, 1.33098, 111.818, 149981, 0.1379, -0.000238501, 99999.9, -0.427906
0.0775, 1.33002, 111.819, 149981, 0.1379, -0.000238501, 99999.9, -0.422906
0.0825, 1.32937, 111.82, 149982, 0.1379, -0.000238501, 99999.9, -0.417906
0.0875, 1.32903, 111.821, 149982, 0.1379, -0.000238501, 99999.9, -0.412906
0.0925, 1.32894, 111.822, 149982, 0.1379, -0.000238501, 99999.9, -0.407906
0.0975, 1.329, 111.823, 149982, 0.1379, -0.000238501, 99999.9, -0.402906
0.1025, 1.32951, 111.823, 149983, 0.1379, -0.000238501, 99999.9, -0.397906
0.1075, 1.33057, 111.822, 149985, 0.1379, -0.000238501, 99999.9, -0.392906
0.1125, 1.33168, 111.823, 149989, 0.1379, -0.000238501, 99999.9, -0.387906
0.1175, 1.33253, 111.821, 149991, 0.1379, -0.000238501, 99999.9, -0.382906
0.1225, 1.3331, 111.81, 149991, 0.1379, -0.000238501, 99999.9, -0.377906
0.1275, 1.33341, 111.797, 149982, 0.1379, -0.000238501, 99999.9, -0.372906
0.1325, 1.33355, 111.752, 149961, 0.1379, -0.000238501, 99999.9, -0.367906
0.1375, 1.33329, 111.591, 149886, 0.1379, -0.000238501, 99999.9, -0.362905
0.1425, 1.33131, 111.042, 149593, 0.1379, -0.000238501, 99999.9, -0.357902
0.1475, 1.3239, 108.999, 148522, 0.1379, -0.000238501, 99999.9, -0.35289
0.1525, 1.29291, 99.9897, 143818, 0.1379, -0.000238501, 99999.9, -0.347842
0.1575, 1.2165, 76.3867, 132143, 0.1379, -0.000238501, 99999.9, -0.342742
0.1625, 1.12749, 46.514, 118655, 0.1379, -0.000238501, 99999.9, -0.337639
0.1675, 1.06548, 24.3134, 109425, 0.1379, -0.000238501, 99999.9, -0.33257
0.1725, 1.03059, 11.4322, 104348, 0.1379, -0.000238501, 99999.9, -0.327532
0.1775, 1.01337, 5.00577, 101886, 0.1379, -0.000238501, 99999.9, -0.322514
0.1825, 1.00557, 2.08482, 100782, 0.1379, -0.000238501, 99999.9, -0.317506
0.1875, 1.00223, 0.834012, 100312, 0.1379, -0.000238501, 99999.9, -0.312502
0.1925, 1.00086, 0.321492, 100120, 0.1379, -0.000238501, 99999.9, -0.307501
0.1975, 1.00032, 0.11943, 100045, 0.1379, -0.000238501, 99999.9, -0.3025
0.2025, 1.00011, 0.0427095, 100016, 0.1379, -0.000238501, 99999.9, -0.2975
0.2075, 1.00004, 0.0146812, 100005, 0.1379, -0.000238501, 99999.9, -0.2925
0.2125, 1.00001, 0.00484361, 100002, 0.1379, -0.000238501, 99999.9, -0.2875
0.2175, 1, 0.00153154, 100001, 0.1379, -0.000238501, 99999.9, -0.2825
0.2225, 1, 0.000463515, 100000, 0.1379, -0.000238501, 99999.9, -0.2775
0.2275, 1, 0.000134103, 100000, 0.1379, -0.000238501, 99999.9, -0.2725
0.2325, 1, 3.70462e-05, 100000, 0.1379, -0.000238501, 99999.9, -0.2675
0.2375, 1, 9.7608e-06, 100000, 0.1379, -0.000238501, 99999.9, -0.2625
0.2425, 1, 2.45006e-06, 100000, 0.1379, -0.000238501, 99999.9, -0.2575
0.2475, 1, 5.85227e-07, 100000, 0.1379, -0.000238501, 99999.9, -0.2525
0.2525, 1, 1.32868e-07, 100000, 0.1379, -0.000238501, 99999.9, -0.2475
0.2575, 1, 2.86378e-08, 100000, 0.1379, -0.000238501, 99999.9, -0.2425
0.2625, 1, 5.85221e-09, 100000, 0.1379, -0.000238501, 99999.9, -0.2375
0.2675, 1, 1.13232e-09, 100000, 0.1379, -0.000238501, 99999.9, -0.2325
0.2725, 1, 2.07142e-10, 100000, 0.1379, -0.000238501, 99999.9, -0.2275
0.2775, 1, 3.57667e-11, 100000, 0.1379, -0.000238501, 99999.9, -0.2225
0.2825, 1, 5.82889e-12, 100000, 0.1379, -0.000238501, 99999.9, -0.2175
0.2875, 1, 8.88614e-13, 100000, 0.1379, -0.000238501, 99999.9, -0.2125
0.2925, 1, 1.26945e-13, 100000, 0.1379, -0.000238501, 99999.9, -0.2075
0.2975, 1, 0, 100000, 0.1379, -0.000238501, 99999.9, -0.2025
0.3025, 1, 0, 100000, 0.1379, -0.000238501, 99999.9, -0.1975
0.3075, 1, 0, 100000, 0.1379, -0.000238501, 99999.9, -0.1925
0.3125, 1, 0, 100000, 0.1379, -0.000238501, 99999.9, -0.1875
0.3175, 1, 5.28937e-14, 100000, 0.1379, -0.000238501, 99999.9, -0.1825
0.3225, 1, 2.75047e-13, 100000, 0.1379, -0.000238501, 99999.9, -0.1775
0.3275, 1, 1.01556e-12, 100000, 0.1379, -0.000238501, 99999.9, -0.1725
0.3325, 1, 3.60735e-12, 100000, 0.1379, -0.000238501, 99999.9, -0.1675
0.3375, 1, 1.20069e-11, 100000, 0.1379, -0.000238501, 99999.9, -0.1625
0.3425, 1, 3.87817e-11, 100000, 0.1379, -0.000238501, 99999.9, -0.1575
0.3475, 1, 1.21328e-10, 100000, 0.1379, -0.000238501, 99999.9, -0.1525
0.3525, 1, 3.6813e-10, 100000, 0.1379, -0.000238501, 99999.9, -0.1475
0.3575, 1, 1.08561e-09, 100000, 0.1379, -0.000238501, 99999.9, -0.1425
0.3625, 1, 3.11608e-09, 100000, 0.1379, -0.000238501, 99999.9, -0.1375
0.3675, 1, 8.72048e-09, 100000, 0.1379, -0.000238501, 99999.9, -0.1325
0.3725, 1, 2.38385e-08, 100000, 0.1379, -0.000238501, 99999.9, -0.1275
0.3775, 1, 6.37482e-08, 100000, 0.1379, -0.000238501, 99999.9, -0.1225
0.3825, 1, 1.67565e-07, 100000, 0.1379, -0.000238501, 99999.9, -0.1175
0.3875, 1, 4.25654e-07, 100000, 0.1379, -0.000238501, 99999.9, -0.1125
0.3925, 1, 1.10565e-06, 100000, 0.1379, -0.000238501, 99999.9, -0.1075
0.3975, 1, 2.28966e-06, 100000, 0.1379, -0.000238501, 99999.9, -0.1025
0.4025, 1, 3.69175e-06, 100000, 0.1379, -0.000238501, 99999.9, -0.0975
0.4075, 1, 4.9127e-06, 100000, 0.1379, -0.000238501, 99999.9, -0.0925
0.4125, 1, 5.80736e-06, 100000, 0.1379, -0.000238501, 99999.9, -0.0875
0.4175, 1, 6.40348e-06, 100000, 0.1379, -0.000238501, 99999.9, -0.0825
0.4225, 1, 6.76166e-06, 100000, 0.1379, -0.000238501, 99999.9, -0.0775
0.4275, 1, 6.95129e-06, 100000, 0.1379, -0.000238501, 99999.9, -0.0725
0.4325, 1, 7.03444e-06, 100000, 0.1379, -0.000238501, 99999.9, -0.0675
0.4375, 1, 7.05924e-06, 100000, 0.1379, -0.000238501, 99999.9, -0.0625
0.4425, 1, 7.05881e-06, 100000, 0.1379, -0.000238501, 99999.9, -0.0575
0.4475, 1, 7.03004e-06, 100000, 0.1379, -0.000238501, 99999.9, -0.0525
0.4525, 1, 6.97064e-06, 100000, 0.1379, -0.000238501, 99999.9, -0.0475
0.4575, 1, 6.91143e-06, 100000, 0.1379, -0.000238501, 99999.9, -0.0425
0.4625, 1, 6.86856e-06, 100000, 0.1379, -0.000238501, 99999.9, -0.0375
0.4675, 1, 6.84261e-06, 100000, 0.1379, -0.000238501, 99999.9, -0.0325
0.4725, 1, 6.83092e-06, 100000, 0.1379, -0.000238501, 99999.9, -0.0275
0.4775, 1, 6.82399e-06, 100000, 0.1379, -0.000238501, 99999.9, -0.0225
0.4825, 1, 6.79725e-06, 100000, 0.1379, -0.000238501, 99999.9, -0.0175
0.4875, 1, 6.53167e-06, 100000, 0.1379, -0.000238501, 99999.9, -0.0125
0.4925, 1, 3.67641e-06, 100000, 0.1379, -0.000238501, 99999.9, -0.00749999
0.4975, 1, -4.90009e-05, 100000, 0.1379, -0.00039182, 99999.9, -0.00249999
0.5025, 1, -0.000171762, 99999.9, 0.1379, -0.000427999, 99999.9, 0.00250001
0.5075, 0.999999, -0.000238501, 99999.9, 0.1379, -0.000430148, 99999.9, 0.00750001
0.5125, 0.999999, -0.000238501, 99999.9, 0.1379, -0.000430152, 99999.9, 0.0125
0.5175, 0.999999, -0.000238501, 99999.9, 0.1379, -0.000430153, 99999.9, 0.0175
0.5225, 0.999999, -0.000238501, 99999.9, 0.1379, -0.000430156, 99999.9, 0.0225
0.5275, 0.999999, -0.000238501, 99999.9, 0.1379, -0.000430159, 99999.9, 0.0275
0.5325, 0.999999, -0.000238501, 99999.9, 0.1379, -0.000430162, 99999.9, 0.0325
0.5375, 0.999999, -0.000238501, 99999.9, 0.1379, -0.000430166, 99999.9, 0.0375
0.5425, 0.999999, -0.000238501, 99999.9, 0.1379, -0.000430171, 99999.9, 0.0425
0.5475, 0.999999, -0.000238501, 99999.9, 0.1379, -0.000430176, 99999.9, 0.0475
0.5525, 0.999999, -0.000238501, 99999.9, 0.1379, -0.00043018, 99999.9, 0.0525
0.5575, 0.999999, -0.000238501, 99999.9, 0.1379, -0.000430184, 99999.9, 0.0575
0.5625, 0.999999, -0.000238501, 99999.9, 0.1379, -0.000430187, 99999.9, 0.0625
0.5675, 0.999999, -0.000238501, 99999.9, 0.1379, -0.000430188, 99999.9, 0.0675
0.5725, 0.999999, -0.000238501, 99999.9, 0.1379, -0.000430188, 99999.9, 0.0725
0.5775, 0.999999, -0.000238501, 99999.9, 0.1379, -0.000430187, 99999.9, 0.0775
0.5825, 0.999999, -0.000238501, 99999.9, 0.1379, -0.000430183, 99999.9, 0.0825
0.5875, 0.999999, -0.000238501, 99999.9, 0.1379, -0.000430176, 99999.9, 0.0875
0.5925, 0.999999, -0.000238501, 99999.9, 0.1379, -0.000430167, 99999.9, 0.0925
0.5975, 0.999999, -0.000238501, 99999.9, 0.1379, -0.000430155, 99999.9, 0.0975
0.6025, 0.999999, -0.000238501, 99999.9, 0.1379, -0.000430139, 99999.9, 0.1025
0.6075, 0.999999, -0.000238501, 99999.9, 0.1379, -0.000430118, 99999.9, 0.1075
0.6125, 0.999999, -0.000238501, 99999.9, 0.1379, -0.000430095, 99999.9, 0.1125
0.6175, 0.999999, -0.000238501, 99999.9, 0.1379, -0.00043007, 99999.9, 0.1175
0.6225, 0.999999, -0.000238501, 99999.9, 0.1379, -0.000430045, 99999.9, 0.1225
0.6275, 0.999999, -0.000238501, 99999.9, 0.1379, -0.000430022, 99999.9, 0.1275
0.6325, 0.999999, -0.000238501, 99999.9, 0.1379, -0.000430001, 99999.9, 0.1325
0.6375, 0.999999, -0.000238501, 99999.9, 0.1379, -0.000429981, 99999.9, 0.1375
0.6425, 0.999999, -0.000238501, 99999.9, 0.1379, -0.00042996, 99999.9, 0.1425
0.6475, 0.999999, -0.000238501, 99999.9, 0.1379, -0.000429938, 99999.9, 0.1475
0.6525, 0.999999, -0.000238501, 99999.9, 0.1379, -0.00042991, 99999.9, 0.1525
0.6575, 0.999999, -0.000238501, 99999.9, 0.1379, -0.000429876, 99999.9, 0.1575
0.6625, 0.999999, -0.000238501, 99999.9, 0.1379, -0.000429842, 99999.9, 0.1625
0.6675, 0.999999, -0.000238501, 99999.9, 0.1379, -0.000429814, 99999.9, 0.1675
0.6725, 0.999999, -0.000238501, 99999.9, 0.1379, -0.000429795, 99999.9, 0.1725
0.6775, 0.999999, -0.000238501, 99999.9, 0.1379, -0.000429787, 99999.9, 0.1775
0.6825, 0.999999, -0.000238501, 99999.9, 0.1379, -0.000429785, 99999.9, 0.1825
0.6875, 0.999999, -0.000238501, 99999.9, 0.1379, -0.000429791, 99999.9, 0.1875
0.6925, 0.999999, -0.000238501, 99999.9, 0.1379, -0.000429829, 99999.9, 0.1925
0.6975, 0.999999, -0.000238501, 99999.9, 0.1379, -0.000429911, 99999.9, 0.1975
0.7025, 0.999999, -0.000238501, 99999.9, 0.1379, -0.000429987, 99999.9, 0.2025
0.7075, 0.999999, -0.000238501, 99999.9, 0.1379, -0.000430043, 99999.9, 0.2075
0.7125, 0.999999, -0.000238501, 99999.9, 0.1379, -0.000430075, 99999.9, 0.2125
0.7175, 0.999999, -0.000238501, 99999.9, 0.1379, -0.000430087, 99999.9, 0.2175
0.7225, 0.999999, -0.000238501, 99999.9, 0.1379, -0.000430087, 99999.9, 0.2225
0.7275, 0.999999, -0.000238501, 99999.9, 0.1379, -0.000430065, 99999.9, 0.2275
0.7325, 0.999999, -0.000238501, 99999.9, 0.1379, -0.000429965, 99999.9, 0.2325
0.7375, 0.999999, -0.000238501, 99999.9, 0.1379, -0.000429646, 99999.9, 0.2375
0.7425, 0.999999, -0.000238501, 99999.9, 0.1379, -0.000428769, 99999.9, 0.2425
0.7475, 0.999999, -0.000238501, 99999.9, 0.1379, -0.00042647, 99999.9, 0.2475
0.7525, 0.999999, -0.000238501, 99999.9, 0.1379, -0.000420444, 99999.9, 0.2525
0.7575, 0.999999, -0.000238501, 99999.9, 0.1379, -0.000402737, 99999.9, 0.2575
0.7625, 0.999999, -0.000238501, 99999.9, 0.1379, -0.00034634, 99999.9, 0.2625
0.7675, 0.999999, -0.000238501, 99999.9, 0.1379, -0.000249837, 100000, 0.2675
0.7725, 0.999999, -0.000238501, 99999.9, 0.1379, -0.000158237, 100000, 0.2725
0.7775, 0.999999, -0.000238501, 99999.9, 0.1379, -8.98113e-05, 100000, 0.2775
0.7825, 0.999999, -0.000238501, 99999.9, 0.1379, -4.54293e-05, 100000, 0.2825
0.7875, 0.999999, -0.000238501, 99999.9, 0.1379, -2.03618e-05, 100000, 0.2875
0.7925, 0.999999, -0.000238501, 99999.9, 0.1379, -8.03112e-06, 100000, 0.2925
0.7975, 0.999999, -0.000238501, 99999.9, 0.1379, -2.76353e-06, 100000, 0.2975
0.8025, 0.999999, -0.000238501, 99999.9, 0.1379, -8.20508e-07, 100000, 0.3025
0.8075, 0.999999, -0.000238501, 99999.9, 0.1379, -2.07186e-07, 100000, 0.3075
0.8125, 0.999999, -0.000238501, 99999.9, 0.1379, -4.36397e-08, 100000, 0.3125
0.8175, 0.999999, -0.000238501, 99999.9, 0.1379, -7.46304e-09, 100000, 0.3175
0.8225, 0.999999, -0.000238501, 99999.9, 0.1379, -9.95736e-10, 100000, 0.3225
0.8275, 0.999999, -0.000238501, 99999.9, 0.1379, -9.7349e-11, 100000, 0.3275
0.8325, 0.999999, -0.000238501, 99999.9, 0.1379, -6.06034e-12, 100000, 0.3325
0.8375, 0.999999, -0.000238501, 99999.9, 0.1379, -2.30139e-13, 100000, 0.3375
0.8425, 0.999999, -0.000238501, 99999.9, 0.1379, 7.67131e-14, 100000, 0.3425
0.8475, 0.999999, -0.000238501, 99999.9, 0.1379, 0, 100000, 0.3475
0.8525, 0.999999, -0.000238501, 99999.9, 0.1379, 0, 100000, 0.3525
0.8575, 0.999999, -0.000238501, 99999.9, 0.1379, 0, 100000, 0.3575
0.8625, 0.999999, -0.000238501, 99999.9, 0.1379, 0, 100000, 0.3625
0.8675, 0.999999, -0.000238501, 99999.9, 0.1379, 0, 100000, 0.3675
0.8725, 0.999999, -0.000238501, 99999.9, 0.1379, 0, 100000, 0.3725
0.8775, 0.999999, -0.000238501, 99999.9, 0.1379, 0, 100000, 0.3775
0.8825, 0.999999, -0.000238501, 99999.9, 0.1379, 0, 100000, 0.3825
0.8875, 0.999999, -0.000238501, 99999.9, 0.1379, 0, 100000, 0.3875
0.8925, 0.999999, -0.000238501, 99999.9, 0.1379, 0, 100000, 0.3925
0.8975, 0.999999, -0.000238501, 99999.9, 0.1379, 0, 100000, 0.3975
0.9025, 0.999999, -0.000238501, 99999.9, 0.1379, 0, 100000, 0.4025
0.9075, 0.999999, -0.000238501, 99999.9, 0.1379, 0, 100000, 0.4075
0.9125, 0.999999, -0.000238501, 99999.9, 0.1379, 0, 100000, 0.4125
0.9175, 0.999999, -0.000238501, 99999.9, 0.1379, 0, 100000, 0.4175
0.9225, 0.999999, -0.000238501, 99999.9, 0.1379, 0, 100000, 0.4225
0.9275, 0.999999, -0.000238501, 99999.9, 0.1379, 0, 100000, 0.4275
0.9325, 0.999999, -0.000238501, 99999.9, 0.1379, 0, 100000, 0.4325
0.9375, 0.999999, -0.000238501, 99999.9, 0.1379, 0, 100000, 0.4375
0.9425, 0.999999, -0.000238501, 99999.9, 0.1379, 0, 100000, 0.4425
0.9475, 0.999999, -0.000238501, 99999.9, 0.1379, 0, 100000, 0.4475
0.9525, 0.999999, -0.000238501, 99999.9, 0.1379, 0, 100000, 0.4525
0.9575, 0.999999, -0.000238501, 99999.9, 0.1379, 0, 100000, 0.4575
0.9625, 0.999999, -0.000238501, 99999.9, 0.1379, 0, 100000, 0.4625
0.9675, 0.999999, -0.000238501, 99999.9, 0.1379, 0, 100000, 0.4675
0.9725, 0.999999, -0.000238501, 99999.9, 0.1379, 0, 100000, 0.4725
0.9775, 0.999999, -0.000238501, 99999.9, 0.1379, 0, 100000, 0.4775
0.9825, 0.999999, -0.000238501, 99999.9, 0.1379, 0, 100000, 0.4825
0.9875, 0.999999, -0.000238501, 99999.9, 0.1379, 0, 100000, 0.4875
0.9925, 0.999999, -0.000238501, 99999.9, 0.1379, 0, 100000, 0.4925
0.9975, 0.999999, -0.000238501, 99999.9, 0.1379, 0, 100000, 0.4975
