0.0025, 1.33277, 111.848, 149967, 0.1379, -0.00023851, 99999.9, -0.4975
0.0075, 1.3328, 111.841, 149971, 0.1379, -0.00023851, 99999.9, -0.492907
0.0125, 1.33283, 111.832, 149976, 0.1379, -0.00023851, 99999.9, -0.487906
0.0175, 1.33285, 111.827, 149979, 0.1379, -0.00023851, 99999.9, -0.482906
0.0225, 1.33287, 111.823, 149980, 0.1379, -0.00023851, 99999.9, -0.477906
0.0275, 1.33289, 111.821, 149982, 0.1379, -0.00023851, 99999.9, -0.472906
0.0325, 1.3329, 111.82, 149982, 0.1379, -0.00023851, 99999.9, -0.467906
0.0375, 1.33291, 111.82, 149982, 0.1379, -0.00023851, 99999.9, -0.462906
0.0425, 1.33291, 111.82, 149982, 0.1379, -0.00023851, 99999.9, -0.457906
0.0475, 1.33291, 111.82, 149982, 0.1379, -0.00023851, 99999.9, -0.452906
0.0525, 1.33291, 111.82, 149982, 0.1379, -0.00023851, 99999.9, -0.447906
0.0575, 1.3329, 111.82, 149982, 0.1379, -0.00023851, 99999.9, -0.442906
0.0625, 1.33289, 111.818, 149983, 0.1379, -0.00023851, 99999.9, -0.437906
0.0675, 1.33286, 111.815, 149985, 0.1379, -0.00023851, 99999.9, -0.432906
0.0725, 1.33278, 111.811, 149987, 0.1379, -0.00023851, 99999.9, -0.427906
0.0775, 1.3325, 111.807, 149989, 0.1379, -0.00023851, 99999.9, -0.422906
0.0825, 1.3319, 111.804, 149990, 0.1379, -0.00023851, 99999.9, -0.417906
0.0875, 1.33115, 111.803, 149991, 0.1379, -0.00023851, 99999.9, -0.412906
0.0925, 1.33048, 111.802, 149992, 0.1379, -0.00023851, 99999.9, -0.407906
0.0975, 1.33001, 111.803, 149991, 0.1379, -0.00023851, 99999.9, -0.402906
0.1025, 1.32975, 111.804, 149991, 0.1379, -0.00023851, 99999.9, -0.397906
0.1075, 1.32964, 111.806, 149990, 0.1379, -0.00023851, 99999.9, -0.392906
0.1125, 1.32963, 111.808, 149989, 0.1379, -0.00023851, 99999.9, -0.387906
0.1175, 1.32974, 111.811, 149988, 0.1379, -0.00023851, 99999.9, -0.382906
0.1225, 1.33021, 111.812, 149987, 0.1379, -0.00023851, 99999.9, -0.377906
0.1275, 1.33107, 111.811, 149988, 0.1379, -0.00023851, 99999.9, -0.372906
0.1325, 1.33193, 111.808, 149989, 0.1379, -0.00023851, 99999.9, -0.367906
0.1375, 1.33258, 111.806, 149990, 0.1379, -0.00023851, 99999.9, -0.362906
0.1425, 1.33303, 111.804, 149990, 0.1379, -0.00023851, 99999.9, -0.357906
0.1475, 1.33331, 111.803, 149990, 0.1379, -0.00023851, 99999.9, -0.352906
0.1525, 1.33346, 111.803, 149990, 0.1379, -0.00023851, 99999.9, -0.347906
0.1575, 1.33353, 111.804, 149990, 0.1379, -0.00023851, 99999.9, -0.342906
0.1625, 1.33355, 111.805, 149990, 0.1379, -0.00023851, 99999.9, -0.337906
0.1675, 1.33355, 111.805, 149990, 0.1379, -0.00023851, 99999.9, -0.332906
0.1725, 1.33349, 111.805, 149992, 0.1379, -0.00023851, 99999.9, -0.327906
0.1775, 1.3333, 111.802, 149995, 0.1379, -0.00023851, 99999.9, -0.322906
0.1825, 1.33298, 111.799, 149998, 0.1379, -0.00023851, 99999.9, -0.317906
0.1875, 1.33265, 111.799, 150001, 0.1379, -0.00023851, 99999.9, -0.312906
0.1925, 1.33239, 111.796, 150002, 0.1379, -0.00023851, 99999.9, -0.307906
0.1975, 1.33225, 111.787, 149999, 0.1379, -0.00023851, 99999.9, -0.302906
0.2025, 1.33221, 111.761, 149978, 0.1379, -0.00023851, 99999.9, -0.297906
0.2075, 1.3322, 111.652, 149911, 0.1379, -0.00023851, 99999.9, -0.292906
0.2125, 1.33153, 111.232, 149688, 0.1379, -0.00023851, 99999.9, -0.287903
0.2175, 1.3274, 109.797, 148937, 0.1379, -0.00023851, 99999.9, -0.282895
0.2225, 1.30576, 103.421, 145599, 0.1379, -0.00023851, 99999.9, -0.277859
0.2275, 1.24196, 84.2049, 135920, 0.1379, -0.00023851, 99999.9, -0.272773
0.2325, 1.15207, 54.8594, 122307, 0.1379, -0.00023851, 99999.9, -0.267667
0.2375, 1.08254, 30.4747, 111927, 0.1379, -0.00023851, 99999.9, -0.262589
0.2425, 1.04092, 15.2485, 105833, 0.1379, -0.00023851, 99999.9, -0.257544
0.2475, 1.0191, 7.14198, 102700, 0.1379, -0.00023851, 99999.9, -0.25252
0.2525, 1.00859, 3.21435, 101208, 0.1379, -0.00023851, 99999.9, -0.247509
0.2575, 1.00377, 1.40968, 100528, 0.1379, -0.00023851, 99999.9, -0.242504
0.2625, 1.00162, 0.60605, 100227, 0.1379, -0.00023851, 99999.9, -0.237502
0.2675, 1.00068, 0.255905, 100096, 0.1379, -0.00023851, 99999.9, -0.232501
0.2725, 1.00028, 0.106123, 100040, 0.1379, -0.00023851, 99999.9, -0.2275
0.2775, 1.00012, 0.0431863, 100016, 0.1379, -0.00023851, 99999.9, -0.2225
0.2825, 1.00005, 0.0172266, 100006, 0.1379, -0.00023851, 99999.9, -0.2175
0.2875, 1.00002, 0.00672786, 100003, 0.1379, -0.00023851, 99999.9, -0.2125
0.2925, 1.00001, 0.00256985, 100001, 0.1379, -0.00023851, 99999.9, -0.2075
0.2975, 1, 0.000959099, 100000, 0.1379, -0.00023851, 99999.9, -0.2025
0.3025, 1, 0.000349431, 100000, 0.1379, -0.00023851, 99999.9, -0.1975
0.3075, 1, 0.000124181, 100000, 0.1379, -0.00023851, 99999.9, -0.1925
0.3125, 1, 4.30217e-05, 100000, 0.1379, -0.00023851, 99999.9, -0.1875
0.3175, 1, 1.45853e-05, 100000, 0.1379, -0.00023851, 99999.9, -0.1825
0.3225, 1, 5.09233e-06, 100000, 0.1379, -0.00023851, 99999.9, -0.1775
0.3275, 1, 2.3972e-06, 100000, 0.1379, -0.00023851, 99999.9, -0.1725
0.3325, 1, 2.03554e-06, 100000, 0.1379, -0.00023851, 99999.9, -0.1675
0.3375, 1, 2.6272e-06, 100000, 0.1379, -0.00023851, 99999.9, -0.1625
0.3425, 1, 3.73601e-06, 100000, 0.1379, -0.00023851, 99999.9, -0.1575
0.3475, 1, 4.77354e-06, 100000, 0.1379, -0.00023851, 99999.9, -0.1525
0.3525, 1, 5.5654e-06, 100000, 0.1379, -0.00023851, 99999.9, -0.1475
0.3575, 1, 6.1346e-06, 100000, 0.1379, -0.00023851, 99999.9, -0.1425
0.3625, 1, 6.5161e-06, 100000, 0.1379, -0.00023851, 99999.9, -0.1375
0.3675, 1, 6.75228e-06, 100000, 0.1379, -0.00023851, 99999.9, -0.1325
0.3725, 1, 6.8846e-06, 100000, 0.1379, -0.00023851, 99999.9, -0.1275
0.3775, 1, 6.94833e-06, 100000, 0.1379, -0.00023851, 99999.9, -0.1225
0.3825, 1, 6.9713e-06, 100000, 0.1379, -0.00023851, 99999.9, -0.1175
0.3875, 1, 6.97481e-06, 100000, 0.1379, -0.00023851, 99999.9, -0.1125
0.3925, 1, 6.96489e-06, 100000, 0.1379, -0.00023851, 99999.9, -0.1075
0.3975, 1, 6.93122e-06, 100000, 0.1379, -0.00023851, 99999.9, -0.1025
0.4025, 1, 6.89039e-06, 100000, 0.1379, -0.00023851, 99999.9, -0.0975
0.4075, 1, 6.86093e-06, 100000, 0.1379, -0.00023851, 99999.9, -0.0925
0.4125, 1, 6.84348e-06, 100000, 0.1379, -0.00023851, 99999.9, -0.0875
0.4175, 1, 6.83434e-06, 100000, 0.1379, -0.00023851, 99999.9, -0.0825
0.4225, 1, 6.8305e-06, 100000, 0.1379, -0.00023851, 99999.9, -0.0775
0.4275, 1, 6.82956e-06, 100000, 0.1379, -0.00023851, 99999.9, -0.0725
0.4325, 1, 6.82993e-06, 100000, 0.1379, -0.00023851, 99999.9, -0.0675
0.4375, 1, 6.83268e-06, 100000, 0.1379, -0.00023851, 99999.9, -0.0625
0.4425, 1, 6.83753e-06, 100000, 0.1379, -0.00023851, 99999.9, -0.0575
0.4475, 1, 6.84178e-06, 100000, 0.1379, -0.00023851, 99999.9, -0.0525
0.4525, 1, 6.84427e-06, 100000, 0.1379, -0.00023851, 99999.9, -0.0475
0.4575, 1, 6.84531e-06, 100000, 0.1379, -0.00023851, 99999.9, -0.0425
0.4625, 1, 6.84551e-06, 100000, 0.1379, -0.00023851, 99999.9, -0.0375
0.4675, 1, 6.84521e-06, 100000, 0.1379, -0.00023851, 99999.9, -0.0325
0.4725, 1, 6.84431e-06, 100000, 0.1379, -0.00023851, 99999.9, -0.0275
0.4775, 1, 6.84046e-06, 100000, 0.1379, -0.00023851, 99999.9, -0.0225
0.4825, 1, 6.81486e-06, 100000, 0.1379, -0.00023851, 99999.9, -0.0175
0.4875, 1, 6.54179e-06, 100000, 0.1379, -0.00023851, 99999.9, -0.0125
0.4925, 1, 3.67441e-06, 100000, 0.1379, -0.00023851, 99999.9, -0.00749998
0.4975, 1, -4.90123e-05, 100000, 0.1379, -0.00039183, 99999.9, -0.00249998
0.5025, 1, -0.000171773, 99999.9, 0.1379, -0.000428008, 99999.9, 0.00250002
0.5075, 0.999999, -0.000238511, 99999.9, 0.1379, -0.000430157, 99999.9, 0.00750002
0.5125, 0.999999, -0.00023851, 99999.9, 0.1379, -0.00043016, 99999.9, 0.0125
0.5175, 0.999999, -0.00023851, 99999.9, 0.1379, -0.00043016, 99999.9, 0.0175
0.5225, 0.999999, -0.00023851, 99999.9, 0.1379, -0.00043016, 99999.9, 0.0225
0.5275, 0.999999, -0.00023851, 99999.9, 0.1379, -0.00043016, 99999.9, 0.0275
0.5325, 0.999999, -0.00023851, 99999.9, 0.1379, -0.000430161, 99999.9, 0.0325
0.5375, 0.999999, -0.00023851, 99999.9, 0.1379, -0.000430161, 99999.9, 0.0375
0.5425, 0.999999, -0.00023851, 99999.9, 0.1379, -0.000430161, 99999.9, 0.0425
0.5475, 0.999999, -0.00023851, 99999.9, 0.1379, -0.000430162, 99999.9, 0.0475
0.5525, 0.999999, -0.00023851, 99999.9, 0.1379, -0.000430162, 99999.9, 0.0525
0.5575, 0.999999, -0.00023851, 99999.9, 0.1379, -0.000430162, 99999.9, 0.0575
0.5625, 0.999999, -0.00023851, 99999.9, 0.1379, -0.000430162, 99999.9, 0.0625
0.5675, 0.999999, -0.00023851, 99999.9, 0.1379, -0.000430162, 99999.9, 0.0675
0.5725, 0.999999, -0.00023851, 99999.9, 0.1379, -0.000430162, 99999.9, 0.0725
0.5775, 0.999999, -0.00023851, 99999.9, 0.1379, -0.000430162, 99999.9, 0.0775
0.5825, 0.999999, -0.00023851, 99999.9, 0.1379, -0.000430162, 99999.9, 0.0825
0.5875, 0.999999, -0.00023851, 99999.9, 0.1379, -0.000430161, 99999.9, 0.0875
0.5925, 0.999999, -0.00023851, 99999.9, 0.1379, -0.00043016, 99999.9, 0.0925
0.5975, 0.999999, -0.00023851, 99999.9, 0.1379, -0.00043016, 99999.9, 0.0975
0.6025, 0.999999, -0.00023851, 99999.9, 0.1379, -0.000430159, 99999.9, 0.1025
0.6075, 0.999999, -0.00023851, 99999.9, 0.1379, -0.000430157, 99999.9, 0.1075
0.6125, 0.999999, -0.00023851, 99999.9, 0.1379, -0.000430156, 99999.9, 0.1125
0.6175, 0.999999, -0.00023851, 99999.9, 0.1379, -0.000430155, 99999.9, 0.1175
0.6225, 0.999999, -0.00023851, 99999.9, 0.1379, -0.000430153, 99999.9, 0.1225
0.6275, 0.999999, -0.00023851, 99999.9, 0.1379, -0.000430152, 99999.9, 0.1275
0.6325, 0.999999, -0.00023851, 99999.9, 0.1379, -0.000430151, 99999.9, 0.1325
0.6375, 0.999999, -0.00023851, 99999.9, 0.1379, -0.00043015, 99999.9, 0.1375
0.6425, 0.999999, -0.00023851, 99999.9, 0.1379, -0.000430149, 99999.9, 0.1425
0.6475, 0.999999, -0.00023851, 99999.9, 0.1379, -0.000430148, 99999.9, 0.1475
0.6525, 0.999999, -0.00023851, 99999.9, 0.1379, -0.000430148, 99999.9, 0.1525
0.6575, 0.999999, -0.00023851, 99999.9, 0.1379, -0.000430148, 99999.9, 0.1575
0.6625, 0.999999, -0.00023851, 99999.9, 0.1379, -0.000430148, 99999.9, 0.1625
0.6675, 0.999999, -0.00023851, 99999.9, 0.1379, -0.000430148, 99999.9, 0.1675
0.6725, 0.999999, -0.00023851, 99999.9, 0.1379, -0.000430149, 99999.9, 0.1725
0.6775, 0.999999, -0.00023851, 99999.9, 0.1379, -0.00043015, 99999.9, 0.1775
0.6825, 0.999999, -0.00023851, 99999.9, 0.1379, -0.00043015, 99999.9, 0.1825
0.6875, 0.999999, -0.00023851, 99999.9, 0.1379, -0.000430152, 99999.9, 0.1875
0.6925, 0.999999, -0.00023851, 99999.9, 0.1379, -0.000430153, 99999.9, 0.1925
0.6975, 0.999999, -0.00023851, 99999.9, 0.1379, -0.000430155, 99999.9, 0.1975
0.7025, 0.999999, -0.00023851, 99999.9, 0.1379, -0.000430158, 99999.9, 0.2025
0.7075, 0.999999, -0.00023851, 99999.9, 0.1379, -0.000430162, 99999.9, 0.2075
0.7125, 0.999999, -0.00023851, 99999.9, 0.1379, -0.000430166, 99999.9, 0.2125
0.7175, 0.999999, -0.00023851, 99999.9, 0.1379, -0.000430171, 99999.9, 0.2175
0.7225, 0.999999, -0.00023851, 99999.9, 0.1379, -0.000430176, 99999.9, 0.2225
0.7275, 0.999999, -0.00023851, 99999.9, 0.1379, -0.00043018, 99999.9, 0.2275
0.7325, 0.999999, -0.00023851, 99999.9, 0.1379, -0.000430183, 99999.9, 0.2325
0.7375, 0.999999, -0.00023851, 99999.9, 0.1379, -0.000430185, 99999.9, 0.2375
0.7425, 0.999999, -0.00023851, 99999.9, 0.1379, -0.000430186, 99999.9, 0.2425
0.7475, 0.999999, -0.00023851, 99999.9, 0.1379, -0.000430187, 99999.9, 0.2475
0.7525, 0.999999, -0.00023851, 99999.9, 0.1379, -0.000430187, 99999.9, 0.2525
0.7575, 0.999999, -0.00023851, 99999.9, 0.1379, -0.000430185, 99999.9, 0.2575
0.7625, 0.999999, -0.00023851, 99999.9, 0.1379, -0.000430179, 99999.9, 0.2625
0.7675, 0.999999, -0.00023851, 99999.9, 0.1379, -0.00043017, 99999.9, 0.2675
0.7725, 0.999999, -0.00023851, 99999.9, 0.1379, -0.000430157, 99999.9, 0.2725
0.7775, 0.999999, -0.00023851, 99999.9, 0.1379, -0.000430141, 99999.9, 0.2775
0.7825, 0.999999, -0.00023851, 99999.9, 0.1379, -0.000430121, 99999.9, 0.2825
0.7875, 0.999999, -0.00023851, 99999.9, 0.1379, -0.000430098, 99999.9, 0.2875
0.7925, 0.999999, -0.00023851, 99999.9, 0.1379, -0.000430074, 99999.9, 0.2925
0.7975, 0.999999, -0.00023851, 99999.9, 0.1379, -0.00043005, 99999.9, 0.2975
0.8025, 0.999999, -0.00023851, 99999.9, 0.1379, -0.000430028, 99999.9, 0.3025
0.8075, 0.999999, -0.00023851, 99999.9, 0.1379, -0.000430008, 99999.9, 0.3075
0.8125, 0.999999, -0.00023851, 99999.9, 0.1379, -0.000429987, 99999.9, 0.3125
0.8175, 0.999999, -0.00023851, 99999.9, 0.1379, -0.000429965, 99999.9, 0.3175
0.8225, 0.999999, -0.00023851, 99999.9, 0.1379, -0.000429939, 99999.9, 0.3225
0.8275, 0.999999, -0.00023851, 99999.9, 0.1379, -0.000429907, 99999.9, 0.3275
0.8325, 0.999999, -0.00023851, 99999.9, 0.1379, -0.000429873, 99999.9, 0.3325
0.8375, 0.999999, -0.00023851, 99999.9, 0.1379, -0.000429843, 99999.9, 0.3375
0.8425, 0.999999, -0.00023851, 99999.9, 0.1379, -0.00042982, 99999.9, 0.3425
0.8475, 0.999999, -0.00023851, 99999.9, 0.1379, -0.000429805, 99999.9, 0.3475
0.8525, 0.999999, -0.00023851, 99999.9, 0.1379, -0.000429799, 99999.9, 0.3525
0.8575, 0.999999, -0.00023851, 99999.9, 0.1379, -0.000429797, 99999.9, 0.3575
0.8625, 0.999999, -0.00023851, 99999.9, 0.1379, -0.000429803, 99999.9, 0.3625
0.8675, 0.999999, -0.00023851, 99999.9, 0.1379, -0.000429835, 99999.9, 0.3675
0.8725, 0.999999, -0.00023851, 99999.9, 0.1379, -0.000429907, 99999.9, 0.3725
0.8775, 0.999999, -0.00023851, 99999.9, 0.1379, -0.000429974, 99999.9, 0.3775
0.8825, 0.999999, -0.00023851, 99999.9, 0.1379, -0.000430023, 99999.9, 0.3825
0.8875, 0.999999, -0.00023851, 99999.9, 0.1379, -0.000430051, 99999.9, 0.3875
0.8925, 0.999999, -0.00023851, 99999.9, 0.1379, -0.000430063, 99999.9, 0.3925
0.8975, 0.999999, -0.00023851, 99999.9, 0.1379, -0.000430065, 99999.9, 0.3975
0.9025, 0.999999, -0.00023851, 99999.9, 0.1379, -0.000430055, 99999.9, 0.4025
0.9075, 0.999999, -0.00023851, 99999.9, 0.1379, -0.000429996, 99999.9, 0.4075
0.9125, 0.999999, -0.00023851, 99999.9, 0.1379, -0.000429779, 99999.9, 0.4125
0.9175, 0.999999, -0.00023851, 99999.9, 0.1379, -0.000429081, 99999.9, 0.4175
0.9225, 0.999999, -0.00023851, 99999.9, 0.1379, -0.000426941, 99999.9, 0.4225
0.9275, 0.999999, -0.00023851, 99999.9, 0.1379, -0.000420466, 99999.9, 0.4275
0.9325, 0.999999, -0.00023851, 99999.9, 0.1379, -0.000399442, 99999.9, 0.4325
0.9375, 0.999999, -0.00023851, 99999.9, 0.1379, -0.000339169, 99999.9, 0.4375
0.9425, 0.999999, -0.00023851, 99999.9, 0.1379, -0.00025311, 100000, 0.4425
0.9475, 0.999999, -0.00023851, 99999.9, 0.1379, -0.000173533, 100000, 0.4475
0.9525, 0.999999, -0.00023851, 99999.9, 0.1379, -0.000110554, 100000, 0.4525
0.9575, 0.999999, -0.00023851, 99999.9, 0.1379, -6.53744e-05, 100000, 0.4575
0.9625, 0.999999, -0.00023851, 99999.9, 0.1379, -3.58409e-05, 100000, 0.4625
0.9675, 0.999999, -0.00023851, 99999.9, 0.1379, -1.81919e-05, 100000, 0.4675
0.9725, 0.999999, -0.00023851, 99999.9, 0.1379, -8.53416e-06, 100000, 0.4725
0.9775, 0.999999, -0.00023851, 99999.9, 0.1379, -3.69252e-06, 100000, 0.4775
0.9825, 0.999999, -0.00023851, 99999.9, 0.1379, -1.46983e-06, 100000, 0.4825
0.9875, 0.999999, -0.00023851, 99999.9, 0.1379, -5.36645e-07, 100000, 0.4875
0.9925, 0.999999, -0.00023851, 99999.9, 0.1379, -1.7894e-07, 100000, 0.4925
0.9975, 0.999999, -0.00023851, 99999.9, 0.1379, -5.33583e-08, 100000, 0.4975
