0.0025, 1.33197, 112.091, 149839, 0.1379, -0.000238538, 99999.9, -0.4975
0.0075, 1.33194, 112.1, 149834, 0.1379, -0.000238538, 99999.9, -0.492907
0.0125, 1.33194, 112.1, 149834, 0.1379, -0.000238538, 99999.9, -0.487907
0.0175, 1.33205, 112.07, 149850, 0.1379, -0.000238538, 99999.9, -0.482907
0.0225, 1.3323, 112, 149887, 0.1379, -0.000238538, 99999.9, -0.477907
0.0275, 1.33257, 111.929, 149925, 0.1379, -0.000238538, 99999.9, -0.472907
0.0325, 1.33273, 111.884, 149948, 0.1379, -0.000238538, 99999.9, -0.467907
0.0375, 1.33277, 111.862, 149960, 0.1379, -0.000238538, 99999.9, -0.462907
0.0425, 1.33276, 111.855, 149964, 0.1379, -0.000238538, 99999.9, -0.457907
0.0475, 1.33273, 111.853, 149964, 0.1379, -0.000238538, 99999.9, -0.452907
0.0525, 1.33263, 111.857, 149962, 0.1379, -0.000238538, 99999.9, -0.447907
0.0575, 1.33241, 111.86, 149960, 0.1379, -0.000238538, 99999.9, -0.442907
0.0625, 1.33189, 111.854, 149965, 0.1379, -0.000238538, 99999.9, -0.437907
0.0675, 1.33095, 111.842, 149973, 0.1379, -0.000238538, 99999.9, -0.432907
0.0725, 1.32988, 111.833, 149978, 0.1379, -0.000238538, 99999.9, -0.427906
0.0775, 1.32906, 111.826, 149981, 0.1379, -0.000238538, 99999.9, -0.422906
0.0825, 1.32866, 111.823, 149982, 0.1379, -0.000238538, 99999.9, -0.417906
0.0875, 1.32856, 111.822, 149984, 0.1379, -0.000238538, 99999.9, -0.412906
0.0925, 1.32879, 111.828, 149986, 0.1379, -0.000238538, 99999.9, -0.407906
0.0975, 1.32965, 111.832, 149990, 0.1379, -0.000238538, 99999.9, -0.402906
0.1025, 1.33078, 111.818, 149987, 0.1379, -0.000238538, 99999.9, -0.397906
0.1075, 1.33165, 111.789, 149960, 0.1379, -0.000238538, 99999.9, -0.392906
0.1125, 1.33218, 111.677, 149885, 0.1379, -0.000238538, 99999.9, -0.387906
0.1175, 1.33184, 111.231, 149666, 0.1379, -0.000238538, 99999.9, -0.382903
0.1225, 1.32725, 109.637, 148846, 0.1379, -0.000238538, 99999.9, -0.377893
0.1275, 1.30167, 102.272, 144997, 0.1379, -0.000238538, 99999.9, -0.372853
0.1325, 1.23042, 80.7301, 134226, 0.1379, -0.000238538, 99999.9, -0.367758
0.1375, 1.13748, 49.95, 120143, 0.1379, -0.000238538, 99999.9, -0.362649
0.1425, 1.07019, 26.0577, 110126, 0.1379, -0.000238538, 99999.9, -0.357574
0.1475, 1.03211, 12.0095, 104571, 0.1379, -0.000238538, 99999.9, -0.352533
0.1525, 1.01356, 5.07864, 101914, 0.1379, -0.000238538, 99999.9, -0.347514
0.1575, 1.00538, 2.01532, 100756, 0.1379, -0.000238538, 99999.9, -0.342505
0.1625, 1.00203, 0.758239, 100284, 0.1379, -0.000238538, 99999.9, -0.337502
0.1675, 1.00072, 0.271297, 100102, 0.1379, -0.000238538, 99999.9, -0.332501
0.1725, 1.00025, 0.0922859, 100035, 0.1379, -0.000238538, 99999.9, -0.3275
0.1775, 1.00008, 0.0297989, 100011, 0.1379, -0.000238538, 99999.9, -0.3225
0.1825, 1.00002, 0.00911581, 100003, 0.1379, -0.000238538, 99999.9, -0.3175
0.1875, 1.00001, 0.00263668, 100001, 0.1379, -0.000238538, 99999.9, -0.3125
0.1925, 1, 0.000719683, 100000, 0.1379, -0.000238538, 99999.9, -0.3075
0.1975, 1, 0.00018502, 100000, 0.1379, -0.000238538, 99999.9, -0.3025
0.2025, 1, 4.47158e-05, 100000, 0.1379, -0.000238538, 99999.9, -0.2975
0.2075, 1, 1.01396e-05, 100000, 0.1379, -0.000238538, 99999.9, -0.2925
0.2125, 1, 2.15282e-06, 100000, 0.1379, -0.000238538, 99999.9, -0.2875
0.2175, 1, 4.27044e-07, 100000, 0.1379, -0.000238538, 99999.9, -0.2825
0.2225, 1, 7.89559e-08, 100000, 0.1379, -0.000238538, 99999.9, -0.2775
0.2275, 1, 1.35709e-08, 100000, 0.1379, -0.000238538, 99999.9, -0.2725
0.2325, 1, 2.16215e-09, 100000, 0.1379, -0.000238538, 99999.9, -0.2675
0.2375, 1, 3.18251e-10, 100000, 0.1379, -0.000238538, 99999.9, -0.2625
0.2425, 1, 4.31189e-11, 100000, 0.1379, -0.000238538, 99999.9, -0.2575
0.2475, 1, 5.35284e-12, 100000, 0.1379, -0.000238538, 99999.9, -0.2525
0.2525, 1, 6.02988e-13, 100000, 0.1379, -0.000238538, 99999.9, -0.2475
0.2575, 1, 5.28937e-14, 100000, 0.1379, -0.000238538, 99999.9, -0.2425
0.2625, 1, 0, 100000, 0.1379, -0.000238538, 99999.9, -0.2375
0.2675, 1, 0, 100000, 0.1379, -0.000238538, 99999.9, -0.2325
0.2725, 1, 0, 100000, 0.1379, -0.000238538, 99999.9, -0.2275
0.2775, 1, 0, 100000, 0.1379, -0.000238538, 99999.9, -0.2225
0.2825, 1, 0, 100000, 0.1379, -0.000238538, 99999.9, -0.2175
0.2875, 1, 0, 100000, 0.1379, -0.000238538, 99999.9, -0.2125
0.2925, 1, 0, 100000, 0.1379, -0.000238538, 99999.9, -0.2075
0.2975, 1, 0, 100000, 0.1379, -0.000238538, 99999.9, -0.2025
0.3025, 1, 0, 100000, 0.1379, -0.000238538, 99999.9, -0.1975
0.3075, 1, 0, 100000, 0.1379, -0.000238538, 99999.9, -0.1925
0.3125, 1, 0, 100000, 0.1379, -0.000238538, 99999.9, -0.1875
0.3175, 1, 0, 100000, 0.1379, -0.000238538, 99999.9, -0.1825
0.3225, 1, 0, 100000, 0.1379, -0.000238538, 99999.9, -0.1775
0.3275, 1, 0, 100000, 0.1379, -0.000238538, 99999.9, -0.1725
0.3325, 1, 0, 100000, 0.1379, -0.000238538, 99999.9, -0.1675
0.3375, 1, 0, 100000, 0.1379, -0.000238538, 99999.9, -0.1625
0.3425, 1, 2.11575e-14, 100000, 0.1379, -0.000238538, 99999.9, -0.1575
0.3475, 1, 2.32732e-13, 100000, 0.1379, -0.000238538, 99999.9, -0.1525
0.3525, 1, 9.09772e-13, 100000, 0.1379, -0.000238538, 99999.9, -0.1475
0.3575, 1, 3.67082e-12, 100000, 0.1379, -0.000238538, 99999.9, -0.1425
0.3625, 1, 1.371e-11, 100000, 0.1379, -0.000238538, 99999.9, -0.1375
0.3675, 1, 4.90642e-11, 100000, 0.1379, -0.000238538, 99999.9, -0.1325
0.3725, 1, 1.67747e-10, 100000, 0.1379, -0.000238538, 99999.9, -0.1275
0.3775, 1, 5.50285e-10, 100000, 0.1379, -0.000238538, 99999.9, -0.1225
0.3825, 1, 1.73507e-09, 100000, 0.1379, -0.000238538, 99999.9, -0.1175
0.3875, 1, 5.27054e-09, 100000, 0.1379, -0.000238538, 99999.9, -0.1125
0.3925, 1, 1.54587e-08, 100000, 0.1379, -0.000238538, 99999.9, -0.1075
0.3975, 1, 4.38963e-08, 100000, 0.1379, -0.000238538, 99999.9, -0.1025
0.4025, 1, 1.21034e-07, 100000, 0.1379, -0.000238538, 99999.9, -0.0975
0.4075, 1, 3.23986e-07, 100000, 0.1379, -0.000238538, 99999.9, -0.0925
0.4125, 1, 8.67232e-07, 100000, 0.1379, -0.000238538, 99999.9, -0.0875
0.4175, 1, 1.99686e-06, 100000, 0.1379, -0.000238538, 99999.9, -0.0825
0.4225, 1, 3.49956e-06, 100000, 0.1379, -0.000238538, 99999.9, -0.0775
0.4275, 1, 4.86021e-06, 100000, 0.1379, -0.000238538, 99999.9, -0.0725
0.4325, 1, 5.85177e-06, 100000, 0.1379, -0.000238538, 99999.9, -0.0675
0.4375, 1, 6.49101e-06, 100000, 0.1379, -0.000238538, 99999.9, -0.0625
0.4425, 1, 6.85325e-06, 100000, 0.1379, -0.000238538, 99999.9, -0.0575
0.4475, 1, 7.02725e-06, 100000, 0.1379, -0.000238538, 99999.9, -0.0525
0.4525, 1, 7.09123e-06, 100000, 0.1379, -0.000238538, 99999.9, -0.0475
0.4575, 1, 7.10377e-06, 100000, 0.1379, -0.000238538, 99999.9, -0.0425
0.4625, 1, 7.08905e-06, 100000, 0.1379, -0.000238538, 99999.9, -0.0375
0.4675, 1, 7.03602e-06, 100000, 0.1379, -0.000238538, 99999.9, -0.0325
0.4725, 1, 6.97436e-06, 100000, 0.1379, -0.000238538, 99999.9, -0.0275
0.4775, 1, 6.92425e-06, 100000, 0.1379, -0.000238538, 99999.9, -0.0225
0.4825, 1, 6.84654e-06, 100000, 0.1379, -0.000238538, 99999.9, -0.0175
0.4875, 1, 6.52599e-06, 100000, 0.1379, -0.000238538, 99999.9, -0.0125
0.4925, 1, 3.6393e-06, 100000, 0.1379, -0.000238538, 99999.9, -0.00749999
0.4975, 1, -4.9043e-05, 100000, 0.1379, -0.000391857, 99999.9, -0.00249999
0.5025, 1, -0.000171801, 99999.9, 0.1379, -0.000428036, 99999.9, 0.00250001
0.5075, 0.999999, -0.000238538, 99999.9, 0.1379, -0.000430187, 99999.9, 0.00750001
0.5125, 0.999999, -0.000238538, 99999.9, 0.1379, -0.000430189, 99999.9, 0.0125
0.5175, 0.999999, -0.000238538, 99999.9, 0.1379, -0.000430186, 99999.9, 0.0175
0.5225, 0.999999, -0.000238538, 99999.9, 0.1379, -0.000430182, 99999.9, 0.0225
0.5275, 0.999999, -0.000238538, 99999.9, 0.1379, -0.000430176, 99999.9, 0.0275
0.5325, 0.999999, -0.000238538, 99999.9, 0.1379, -0.000430167, 99999.9, 0.0325
0.5375, 0.999999, -0.000238538, 99999.9, 0.1379, -0.000430155, 99999.9, 0.0375
0.5425, 0.999999, -0.000238538, 99999.9, 0.1379, -0.000430139, 99999.9, 0.0425
0.5475, 0.999999, -0.000238538, 99999.9, 0.1379, -0.000430119, 99999.9, 0.0475
0.5525, 0.999999, -0.000238538, 99999.9, 0.1379, -0.000430096, 99999.9, 0.0525
0.5575, 0.999999, -0.000238538, 99999.9, 0.1379, -0.00043007, 99999.9, 0.0575
0.5625, 0.999999, -0.000238538, 99999.9, 0.1379, -0.000430045, 99999.9, 0.0625
0.5675, 0.999999, -0.000238538, 99999.9, 0.1379, -0.000430022, 99999.9, 0.0675
0.5725, 0.999999, -0.000238538, 99999.9, 0.1379, -0.00043, 99999.9, 0.0725
0.5775, 0.999999, -0.000238538, 99999.9, 0.1379, -0.00042998, 99999.9, 0.0775
0.5825, 0.999999, -0.000238538, 99999.9, 0.1379, -0.00042996, 99999.9, 0.0825
0.5875, 0.999999, -0.000238538, 99999.9, 0.1379, -0.000429938, 99999.9, 0.0875
0.5925, 0.999999, -0.000238538, 99999.9, 0.1379, -0.000429913, 99999.9, 0.0925
0.5975, 0.999999, -0.000238538, 99999.9, 0.1379, -0.000429881, 99999.9, 0.0975
0.6025, 0.999999, -0.000238538, 99999.9, 0.1379, -0.000429845, 99999.9, 0.1025
0.6075, 0.999999, -0.000238538, 99999.9, 0.1379, -0.000429813, 99999.9, 0.1075
0.6125, 0.999999, -0.000238538, 99999.9, 0.1379, -0.000429792, 99999.9, 0.1125
0.6175, 0.999999, -0.000238538, 99999.9, 0.1379, -0.000429782, 99999.9, 0.1175
0.6225, 0.999999, -0.000238538, 99999.9, 0.1379, -0.00042978, 99999.9, 0.1225
0.6275, 0.999999, -0.000238538, 99999.9, 0.1379, -0.000429786, 99999.9, 0.1275
0.6325, 0.999999, -0.000238538, 99999.9, 0.1379, -0.000429826, 99999.9, 0.1325
0.6375, 0.999999, -0.000238538, 99999.9, 0.1379, -0.000429906, 99999.9, 0.1375
0.6425, 0.999999, -0.000238538, 99999.9, 0.1379, -0.000429985, 99999.9, 0.1425
0.6475, 0.999999, -0.000238538, 99999.9, 0.1379, -0.000430046, 99999.9, 0.1475
0.6525, 0.999999, -0.000238538, 99999.9, 0.1379, -0.000430083, 99999.9, 0.1525
0.6575, 0.999999, -0.000238538, 99999.9, 0.1379, -0.000430097, 99999.9, 0.1575
0.6625, 0.999999, -0.000238538, 99999.9, 0.1379, -0.000430097, 99999.9, 0.1625
0.6675, 0.999999, -0.000238538, 99999.9, 0.1379, -0.000430066, 99999.9, 0.1675
0.6725, 0.999999, -0.000238538, 99999.9, 0.1379, -0.000429936, 99999.9, 0.1725
0.6775, 0.999999, -0.000238538, 99999.9, 0.1379, -0.000429551, 99999.9, 0.1775
0.6825, 0.999999, -0.000238538, 99999.9, 0.1379, -0.000428591, 99999.9, 0.1825
0.6875, 0.999999, -0.000238538, 99999.9, 0.1379, -0.000426363, 99999.9, 0.1875
0.6925, 0.999999, -0.000238538, 99999.9, 0.1379, -0.00042128, 99999.9, 0.1925
0.6975, 0.999999, -0.000238538, 99999.9, 0.1379, -0.000406272, 99999.9, 0.1975
0.7025, 0.999999, -0.000238538, 99999.9, 0.1379, -0.000356913, 99999.9, 0.2025
0.7075, 0.999999, -0.000238538, 99999.9, 0.1379, -0.000257597, 100000, 0.2075
0.7125, 0.999999, -0.000238538, 99999.9, 0.1379, -0.000157729, 100000, 0.2125
0.7175, 0.999999, -0.000238538, 99999.9, 0.1379, -8.43137e-05, 100000, 0.2175
0.7225, 0.999999, -0.000238538, 99999.9, 0.1379, -3.89901e-05, 100000, 0.2225
0.7275, 0.999999, -0.000238538, 99999.9, 0.1379, -1.54265e-05, 100000, 0.2275
0.7325, 0.999999, -0.000238538, 99999.9, 0.1379, -5.14844e-06, 100000, 0.2325
0.7375, 0.999999, -0.000238538, 99999.9, 0.1379, -1.4222e-06, 100000, 0.2375
0.7425, 0.999999, -0.000238538, 99999.9, 0.1379, -3.16675e-07, 100000, 0.2425
0.7475, 0.999999, -0.000238538, 99999.9, 0.1379, -5.46513e-08, 100000, 0.2475
0.7525, 0.999999, -0.000238538, 99999.9, 0.1379, -6.86329e-09, 100000, 0.2525
0.7575, 0.999999, -0.000238538, 99999.9, 0.1379, -5.58165e-10, 100000, 0.2575
0.7625, 0.999999, -0.000238538, 99999.9, 0.1379, -2.20934e-11, 100000, 0.2625
0.7675, 0.999999, -0.000238538, 99999.9, 0.1379, 7.67131e-14, 100000, 0.2675
0.7725, 0.999999, -0.000238538, 99999.9, 0.1379, 0, 100000, 0.2725
0.7775, 0.999999, -0.000238538, 99999.9, 0.1379, 0, 100000, 0.2775
0.7825, 0.999999, -0.000238538, 99999.9, 0.1379, 0, 100000, 0.2825
0.7875, 0.999999, -0.000238538, 99999.9, 0.1379, 0, 100000, 0.2875
0.7925, 0.999999, -0.000238538, 99999.9, 0.1379, 0, 100000, 0.2925
0.7975, 0.999999, -0.000238538, 99999.9, 0.1379, 0, 100000, 0.2975
0.8025, 0.999999, -0.000238538, 99999.9, 0.1379, 0, 100000, 0.3025
0.8075, 0.999999, -0.000238538, 99999.9, 0.1379, 0, 100000, 0.3075
0.8125, 0.999999, -0.000238538, 99999.9, 0.1379, 0, 100000, 0.3125
0.8175, 0.999999, -0.000238538, 99999.9, 0.1379, 0, 100000, 0.3175
0.8225, 0.999999, -0.000238538, 99999.9, 0.1379, 0, 100000, 0.3225
0.8275, 0.999999, -0.000238538, 99999.9, 0.1379, 0, 100000, 0.3275
0.8325, 0.999999, -0.000238538, 99999.9, 0.1379, 0, 100000, 0.3325
0.8375, 0.999999, -0.000238538, 99999.9, 0.1379, 0, 100000, 0.3375
0.8425, 0.999999, -0.000238538, 99999.9, 0.1379, 0, 100000, 0.3425
0.8475, 0.999999, -0.000238538, 99999.9, 0.1379, 0, 100000, 0.3475
0.8525, 0.999999, -0.000238538, 99999.9, 0.1379, 0, 100000, 0.3525
0.8575, 0.999999, -0.000238538, 99999.9, 0.1379, 0, 100000, 0.3575
0.8625, 0.999999, -0.000238538, 99999.9, 0.1379, 0, 100000, 0.3625
0.8675, 0.999999, -0.000238538, 99999.9, 0.1379, 0, 100000, 0.3675
0.8725, 0.999999, -0.000238538, 99999.9, 0.1379, 0, 100000, 0.3725
0.8775, 0.999999, -0.000238538, 99999.9, 0.1379, 0, 100000, 0.3775
0.8825, 0.999999, -0.000238538, 99999.9, 0.1379, 0, 100000, 0.3825
0.8875, 0.999999, -0.000238538, 99999.9, 0.1379, 0, 100000, 0.3875
0.8925, 0.999999, -0.000238538, 99999.9, 0.1379, 0, 100000, 0.3925
0.8975, 0.999999, -0.000238538, 99999.9, 0.1379, 0, 100000, 0.3975
0.9025, 0.999999, -0.000238538, 99999.9, 0.1379, 0, 100000, 0.4025
0.9075, 0.999999, -0.000238538, 99999.9, 0.1379, 0, 100000, 0.4075
0.9125, 0.999999, -0.000238538, 99999.9, 0.1379, 0, 100000, 0.4125
0.9175, 0.999999, -0.000238538, 99999.9, 0.1379, 0, 100000, 0.4175
0.9225, 0.999999, -0.000238538, 99999.9, 0.1379, 0, 100000, 0.4225
0.9275, 0.999999, -0.000238538, 99999.9, 0.1379, 0, 100000, 0.4275
0.9325, 0.999999, -0.000238538, 99999.9, 0.1379, 0, 100000, 0.4325
0.9375, 0.999999, -0.000238538, 99999.9, 0.1379, 0, 100000, 0.4375
0.9425, 0.999999, -0.000238538, 99999.9, 0.1379, 0, 100000, 0.4425
0.9475, 0.999999, -0.000238538, 99999.9, 0.1379, 0, 100000, 0.4475
0.9525, 0.999999, -0.000238538, 99999.9, 0.1379, 0, 100000, 0.4525
0.9575, 0.999999, -0.000238538, 99999.9, 0.1379, 0, 100000, 0.4575
0.9625, 0.999999, -0.000238538, 99999.9, 0.1379, 0, 100000, 0.4625
0.9675, 0.999999, -0.000238538, 99999.9, 0.1379, 0, 100000, 0.4675
0.9725, 0.999999, -0.000238538, 99999.9, 0.1379, 0, 100000, 0.4725
0.9775, 0.999999, -0.000238538, 99999.9, 0.1379, 0, 100000, 0.4775
0.9825, 0.999999, -0.000238538, 99999.9, 0.1379, 0, 100000, 0.4825
0.9875, 0.999999, -0.000238538, 99999.9, 0.1379, 0, 100000, 0.4875
0.9925, 0.999999, -0.000238538, 99999.9, 0.1379, 0, 100000, 0.4925
0.9975, 0.999999, -0.000238538, 99999.9, 0.1379, 0, 100000, 0.4975
