0.0025, 1.33195, 112.096, 149836, 0.1379, -0.000238529, 99999.9, -0.4975
0.0075, 1.33196, 112.096, 149836, 0.1379, -0.000238529, 99999.9, -0.492907
0.0125, 1.332, 112.082, 149843, 0.1379, -0.000238529, 99999.9, -0.487907
0.0175, 1.33219, 112.028, 149872, 0.1379, -0.000238529, 99999.9, -0.482907
0.0225, 1.33245, 111.955, 149911, 0.1379, -0.000238529, 99999.9, -0.477907
0.0275, 1.33266, 111.901, 149940, 0.1379, -0.000238529, 99999.9, -0.472907
0.0325, 1.33276, 111.871, 149955, 0.1379, -0.000238529, 99999.9, -0.467907
0.0375, 1.33278, 111.859, 149962, 0.1379, -0.000238529, 99999.9, -0.462907
0.0425, 1.33277, 111.855, 149964, 0.1379, -0.000238529, 99999.9, -0.457907
0.0475, 1.33274, 111.856, 149963, 0.1379, -0.000238529, 99999.9, -0.452907
0.0525, 1.33266, 111.857, 149962, 0.1379, -0.000238529, 99999.9, -0.447907
0.0575, 1.33249, 111.856, 149963, 0.1379, -0.000238529, 99999.9, -0.442907
0.0625, 1.33204, 111.846, 149968, 0.1379, -0.000238529, 99999.9, -0.437907
0.0675, 1.33116, 111.835, 149975, 0.1379, -0.000238529, 99999.9, -0.432906
0.0725, 1.33011, 111.828, 149980, 0.1379, -0.000238529, 99999.9, -0.427906
0.0775, 1.32926, 111.824, 149982, 0.1379, -0.000238529, 99999.9, -0.422906
0.0825, 1.3288, 111.822, 149983, 0.1379, -0.000238529, 99999.9, -0.417906
0.0875, 1.32866, 111.821, 149983, 0.1379, -0.000238529, 99999.9, -0.412906
0.0925, 1.32876, 111.823, 149984, 0.1379, -0.000238529, 99999.9, -0.407906
0.0975, 1.32939, 111.83, 149987, 0.1379, -0.000238529, 99999.9, -0.402906
0.1025, 1.33055, 111.832, 149989, 0.1379, -0.000238529, 99999.9, -0.397906
0.1075, 1.3316, 111.815, 149985, 0.1379, -0.000238529, 99999.9, -0.392906
0.1125, 1.33227, 111.787, 149955, 0.1379, -0.000238529, 99999.9, -0.387906
0.1175, 1.33265, 111.662, 149883, 0.1379, -0.000238529, 99999.9, -0.382906
0.1225, 1.332, 111.186, 149653, 0.1379, -0.000238529, 99999.9, -0.377903
0.1275, 1.32669, 109.521, 148789, 0.1379, -0.000238529, 99999.9, -0.372893
0.1325, 1.29992, 101.825, 144778, 0.1379, -0.000238529, 99999.9, -0.367851
0.1375, 1.22745, 79.8198, 133788, 0.1379, -0.000238529, 99999.9, -0.362755
0.1425, 1.13537, 49.2408, 119831, 0.1379, -0.000238529, 99999.9, -0.357647
0.1475, 1.06926, 25.7114, 109987, 0.1379, -0.000238529, 99999.9, -0.352573
0.1525, 1.03186, 11.9129, 104533, 0.1379, -0.000238529, 99999.9, -0.347533
0.1575, 1.01357, 5.08209, 101915, 0.1379, -0.000238529, 99999.9, -0.342514
0.1625, 1.00545, 2.04087, 100766, 0.1379, -0.000238529, 99999.9, -0.337505
0.1675, 1.00208, 0.779482, 100292, 0.1379, -0.000238529, 99999.9, -0.332502
0.1725, 1.00076, 0.284025, 100106, 0.1379, -0.000238529, 99999.9, -0.327501
0.1775, 1.00026, 0.0987179, 100037, 0.1379, -0.000238529, 99999.9, -0.3225
0.1825, 1.00009, 0.0326813, 100012, 0.1379, -0.000238529, 99999.9, -0.3175
0.1875, 1.00003, 0.0102869, 100004, 0.1379, -0.000238529, 99999.9, -0.3125
0.1925, 1.00001, 0.00307288, 100001, 0.1379, -0.000238529, 99999.9, -0.3075
0.1975, 1, 0.000869579, 100000, 0.1379, -0.000238529, 99999.9, -0.3025
0.2025, 1, 0.000232715, 100000, 0.1379, -0.000238529, 99999.9, -0.2975
0.2075, 1, 5.87967e-05, 100000, 0.1379, -0.000238529, 99999.9, -0.2925
0.2125, 1, 1.40008e-05, 100000, 0.1379, -0.000238529, 99999.9, -0.2875
0.2175, 1, 3.13664e-06, 100000, 0.1379, -0.000238529, 99999.9, -0.2825
0.2225, 1, 6.59905e-07, 100000, 0.1379, -0.000238529, 99999.9, -0.2775
0.2275, 1, 1.30122e-07, 100000, 0.1379, -0.000238529, 99999.9, -0.2725
0.2325, 1, 2.39959e-08, 100000, 0.1379, -0.000238529, 99999.9, -0.2675
0.2375, 1, 4.12882e-09, 100000, 0.1379, -0.000238529, 99999.9, -0.2625
0.2425, 1, 6.61139e-10, 100000, 0.1379, -0.000238529, 99999.9, -0.2575
0.2475, 1, 9.82448e-11, 100000, 0.1379, -0.000238529, 99999.9, -0.2525
0.2525, 1, 1.35091e-11, 100000, 0.1379, -0.000238529, 99999.9, -0.2475
0.2575, 1, 1.71376e-12, 100000, 0.1379, -0.000238529, 99999.9, -0.2425
0.2625, 1, 2.00996e-13, 100000, 0.1379, -0.000238529, 99999.9, -0.2375
0.2675, 1, 0, 100000, 0.1379, -0.000238529, 99999.9, -0.2325
0.2725, 1, 0, 100000, 0.1379, -0.000238529, 99999.9, -0.2275
0.2775, 1, 0, 100000, 0.1379, -0.000238529, 99999.9, -0.2225
0.2825, 1, 0, 100000, 0.1379, -0.000238529, 99999.9, -0.2175
0.2875, 1, 0, 100000, 0.1379, -0.000238529, 99999.9, -0.2125
0.2925, 1, 0, 100000, 0.1379, -0.000238529, 99999.9, -0.2075
0.2975, 1, 0, 100000, 0.1379, -0.000238529, 99999.9, -0.2025
0.3025, 1, 0, 100000, 0.1379, -0.000238529, 99999.9, -0.1975
0.3075, 1, 0, 100000, 0.1379, -0.000238529, 99999.9, -0.1925
0.3125, 1, 0, 100000, 0.1379, -0.000238529, 99999.9, -0.1875
0.3175, 1, 0, 100000, 0.1379, -0.000238529, 99999.9, -0.1825
0.3225, 1, 0, 100000, 0.1379, -0.000238529, 99999.9, -0.1775
0.3275, 1, 0, 100000, 0.1379, -0.000238529, 99999.9, -0.1725
0.3325, 1, 0, 100000, 0.1379, -0.000238529, 99999.9, -0.1675
0.3375, 1, 3.17362e-14, 100000, 0.1379, -0.000238529, 99999.9, -0.1625
0.3425, 1, 2.43311e-13, 100000, 0.1379, -0.000238529, 99999.9, -0.1575
0.3475, 1, 9.83823e-13, 100000, 0.1379, -0.000238529, 99999.9, -0.1525
0.3525, 1, 3.75545e-12, 100000, 0.1379, -0.000238529, 99999.9, -0.1475
0.3575, 1, 1.36889e-11, 100000, 0.1379, -0.000238529, 99999.9, -0.1425
0.3625, 1, 4.76678e-11, 100000, 0.1379, -0.000238529, 99999.9, -0.1375
0.3675, 1, 1.59527e-10, 100000, 0.1379, -0.000238529, 99999.9, -0.1325
0.3725, 1, 5.13439e-10, 100000, 0.1379, -0.000238529, 99999.9, -0.1275
0.3775, 1, 1.59268e-09, 100000, 0.1379, -0.000238529, 99999.9, -0.1225
0.3825, 1, 4.7721e-09, 100000, 0.1379, -0.000238529, 99999.9, -0.1175
0.3875, 1, 1.38391e-08, 100000, 0.1379, -0.000238529, 99999.9, -0.1125
0.3925, 1, 3.89431e-08, 100000, 0.1379, -0.000238529, 99999.9, -0.1075
0.3975, 1, 1.06542e-07, 100000, 0.1379, -0.000238529, 99999.9, -0.1025
0.4025, 1, 2.8422e-07, 100000, 0.1379, -0.000238529, 99999.9, -0.0975
0.4075, 1, 7.539e-07, 100000, 0.1379, -0.000238529, 99999.9, -0.0925
0.4125, 1, 1.78984e-06, 100000, 0.1379, -0.000238529, 99999.9, -0.0875
0.4175, 1, 3.2455e-06, 100000, 0.1379, -0.000238529, 99999.9, -0.0825
0.4225, 1, 4.63116e-06, 100000, 0.1379, -0.000238529, 99999.9, -0.0775
0.4275, 1, 5.67642e-06, 100000, 0.1379, -0.000238529, 99999.9, -0.0725
0.4325, 1, 6.36927e-06, 100000, 0.1379, -0.000238529, 99999.9, -0.0675
0.4375, 1, 6.77805e-06, 100000, 0.1379, -0.000238529, 99999.9, -0.0625
0.4425, 1, 6.98638e-06, 100000, 0.1379, -0.000238529, 99999.9, -0.0575
0.4475, 1, 7.07163e-06, 100000, 0.1379, -0.000238529, 99999.9, -0.0525
0.4525, 1, 7.09276e-06, 100000, 0.1379, -0.000238529, 99999.9, -0.0475
0.4575, 1, 7.08845e-06, 100000, 0.1379, -0.000238529, 99999.9, -0.0425
0.4625, 1, 7.04587e-06, 100000, 0.1379, -0.000238529, 99999.9, -0.0375
0.4675, 1, 6.98001e-06, 100000, 0.1379, -0.000238529, 99999.9, -0.0325
0.4725, 1, 6.92869e-06, 100000, 0.1379, -0.000238529, 99999.9, -0.0275
0.4775, 1, 6.89063e-06, 100000, 0.1379, -0.000238529, 99999.9, -0.0225
0.4825, 1, 6.82454e-06, 100000, 0.1379, -0.000238529, 99999.9, -0.0175
0.4875, 1, 6.52063e-06, 100000, 0.1379, -0.000238529, 99999.9, -0.0125
0.4925, 1, 3.64579e-06, 100000, 0.1379, -0.000238529, 99999.9, -0.00749999
0.4975, 1, -4.90322e-05, 100000, 0.1379, -0.000391848, 99999.9, -0.00249999
0.5025, 1, -0.000171792, 99999.9, 0.1379, -0.000428027, 99999.9, 0.00250001
0.5075, 0.999999, -0.000238529, 99999.9, 0.1379, -0.00043018, 99999.9, 0.00750001
0.5125, 0.999999, -0.000238529, 99999.9, 0.1379, -0.000430186, 99999.9, 0.0125
0.5175, 0.999999, -0.000238529, 99999.9, 0.1379, -0.000430188, 99999.9, 0.0175
0.5225, 0.999999, -0.000238529, 99999.9, 0.1379, -0.000430189, 99999.9, 0.0225
0.5275, 0.999999, -0.000238529, 99999.9, 0.1379, -0.000430188, 99999.9, 0.0275
0.5325, 0.999999, -0.000238529, 99999.9, 0.1379, -0.000430184, 99999.9, 0.0325
0.5375, 0.999999, -0.000238529, 99999.9, 0.1379, -0.000430179, 99999.9, 0.0375
0.5425, 0.999999, -0.000238529, 99999.9, 0.1379, -0.000430171, 99999.9, 0.0425
0.5475, 0.999999, -0.000238529, 99999.9, 0.1379, -0.00043016, 99999.9, 0.0475
0.5525, 0.999999, -0.000238529, 99999.9, 0.1379, -0.000430146, 99999.9, 0.0525
0.5575, 0.999999, -0.000238529, 99999.9, 0.1379, -0.000430127, 99999.9, 0.0575
0.5625, 0.999999, -0.000238529, 99999.9, 0.1379, -0.000430105, 99999.9, 0.0625
0.5675, 0.999999, -0.000238529, 99999.9, 0.1379, -0.00043008, 99999.9, 0.0675
0.5725, 0.999999, -0.000238529, 99999.9, 0.1379, -0.000430055, 99999.9, 0.0725
0.5775, 0.999999, -0.000238529, 99999.9, 0.1379, -0.000430031, 99999.9, 0.0775
0.5825, 0.999999, -0.000238529, 99999.9, 0.1379, -0.000430009, 99999.9, 0.0825
0.5875, 0.999999, -0.000238529, 99999.9, 0.1379, -0.000429988, 99999.9, 0.0875
0.5925, 0.999999, -0.000238529, 99999.9, 0.1379, -0.000429968, 99999.9, 0.0925
0.5975, 0.999999, -0.000238529, 99999.9, 0.1379, -0.000429947, 99999.9, 0.0975
0.6025, 0.999999, -0.000238529, 99999.9, 0.1379, -0.000429923, 99999.9, 0.1025
0.6075, 0.999999, -0.000238529, 99999.9, 0.1379, -0.000429894, 99999.9, 0.1075
0.6125, 0.999999, -0.000238529, 99999.9, 0.1379, -0.000429858, 99999.9, 0.1125
0.6175, 0.999999, -0.000238529, 99999.9, 0.1379, -0.000429825, 99999.9, 0.1175
0.6225, 0.999999, -0.000238529, 99999.9, 0.1379, -0.0004298, 99999.9, 0.1225
0.6275, 0.999999, -0.000238529, 99999.9, 0.1379, -0.000429786, 99999.9, 0.1275
0.6325, 0.999999, -0.000238529, 99999.9, 0.1379, -0.000429781, 99999.9, 0.1325
0.6375, 0.999999, -0.000238529, 99999.9, 0.1379, -0.000429783, 99999.9, 0.1375
0.6425, 0.999999, -0.000238529, 99999.9, 0.1379, -0.000429804, 99999.9, 0.1425
0.6475, 0.999999, -0.000238529, 99999.9, 0.1379, -0.000429873, 99999.9, 0.1475
0.6525, 0.999999, -0.000238529, 99999.9, 0.1379, -0.000429956, 99999.9, 0.1525
0.6575, 0.999999, -0.000238529, 99999.9, 0.1379, -0.000430024, 99999.9, 0.1575
0.6625, 0.999999, -0.000238529, 99999.9, 0.1379, -0.00043007, 99999.9, 0.1625
0.6675, 0.999999, -0.000238529, 99999.9, 0.1379, -0.000430092, 99999.9, 0.1675
0.6725, 0.999999, -0.000238529, 99999.9, 0.1379, -0.000430096, 99999.9, 0.1725
0.6775, 0.999999, -0.000238529, 99999.9, 0.1379, -0.000430084, 99999.9, 0.1775
0.6825, 0.999999, -0.000238529, 99999.9, 0.1379, -0.000430011, 99999.9, 0.1825
0.6875, 0.999999, -0.000238529, 99999.9, 0.1379, -0.000429768, 99999.9, 0.1875
0.6925, 0.999999, -0.000238529, 99999.9, 0.1379, -0.000429116, 99999.9, 0.1925
0.6975, 0.999999, -0.000238529, 99999.9, 0.1379, -0.000427528, 99999.9, 0.1975
0.7025, 0.999999, -0.000238529, 99999.9, 0.1379, -0.000423752, 99999.9, 0.2025
0.7075, 0.999999, -0.000238529, 99999.9, 0.1379, -0.000414046, 99999.9, 0.2075
0.7125, 0.999999, -0.000238529, 99999.9, 0.1379, -0.000382124, 99999.9, 0.2125
0.7175, 0.999999, -0.000238529, 99999.9, 0.1379, -0.000298016, 100000, 0.2175
0.7225, 0.999999, -0.000238529, 99999.9, 0.1379, -0.000194375, 100000, 0.2225
0.7275, 0.999999, -0.000238529, 99999.9, 0.1379, -0.000111065, 100000, 0.2275
0.7325, 0.999999, -0.000238529, 99999.9, 0.1379, -5.54871e-05, 100000, 0.2325
0.7375, 0.999999, -0.000238529, 99999.9, 0.1379, -2.40238e-05, 100000, 0.2375
0.7425, 0.999999, -0.000238529, 99999.9, 0.1379, -8.91598e-06, 100000, 0.2425
0.7475, 0.999999, -0.000238529, 99999.9, 0.1379, -2.79655e-06, 100000, 0.2475
0.7525, 0.999999, -0.000238529, 99999.9, 0.1379, -7.27361e-07, 100000, 0.2525
0.7575, 0.999999, -0.000238529, 99999.9, 0.1379, -1.52754e-07, 100000, 0.2575
0.7625, 0.999999, -0.000238529, 99999.9, 0.1379, -2.49037e-08, 100000, 0.2625
0.7675, 0.999999, -0.000238529, 99999.9, 0.1379, -2.95883e-09, 100000, 0.2675
0.7725, 0.999999, -0.000238529, 99999.9, 0.1379, -2.28068e-10, 100000, 0.2725
0.7775, 0.999999, -0.000238529, 99999.9, 0.1379, -8.51516e-12, 100000, 0.2775
0.7825, 0.999999, -0.000238529, 99999.9, 0.1379, 7.67131e-14, 100000, 0.2825
0.7875, 0.999999, -0.000238529, 99999.9, 0.1379, 0, 100000, 0.2875
0.7925, 0.999999, -0.000238529, 99999.9, 0.1379, 0, 100000, 0.2925
0.7975, 0.999999, -0.000238529, 99999.9, 0.1379, 0, 100000, 0.2975
0.8025, 0.999999, -0.000238529, 99999.9, 0.1379, 0, 100000, 0.3025
0.8075, 0.999999, -0.000238529, 99999.9, 0.1379, 0, 100000, 0.3075
0.8125, 0.999999, -0.000238529, 99999.9, 0.1379, 0, 100000, 0.3125
0.8175, 0.999999, -0.000238529, 99999.9, 0.1379, 0, 100000, 0.3175
0.8225, 0.999999, -0.000238529, 99999.9, 0.1379, 0, 100000, 0.3225
0.8275, 0.999999, -0.000238529, 99999.9, 0.1379, 0, 100000, 0.3275
0.8325, 0.999999, -0.000238529, 99999.9, 0.1379, 0, 100000, 0.3325
0.8375, 0.999999, -0.000238529, 99999.9, 0.1379, 0, 100000, 0.3375
0.8425, 0.999999, -0.000238529, 99999.9, 0.1379, 0, 100000, 0.3425
0.8475, 0.999999, -0.000238529, 99999.9, 0.1379, 0, 100000, 0.3475
0.8525, 0.999999, -0.000238529, 99999.9, 0.1379, 0, 100000, 0.3525
0.8575, 0.999999, -0.000238529, 99999.9, 0.1379, 0, 100000, 0.3575
0.8625, 0.999999, -0.000238529, 99999.9, 0.1379, 0, 100000, 0.3625
0.8675, 0.999999, -0.000238529, 99999.9, 0.1379, 0, 100000, 0.3675
0.8725, 0.999999, -0.000238529, 99999.9, 0.1379, 0, 100000, 0.3725
0.8775, 0.999999, -0.000238529, 99999.9, 0.1379, 0, 100000, 0.3775
0.8825, 0.999999, -0.000238529, 99999.9, 0.1379, 0, 100000, 0.3825
0.8875, 0.999999, -0.000238529, 99999.9, 0.1379, 0, 100000, 0.3875
0.8925, 0.999999, -0.000238529, 99999.9, 0.1379, 0, 100000, 0.3925
0.8975, 0.999999, -0.000238529, 99999.9, 0.1379, 0, 100000, 0.3975
0.9025, 0.999999, -0.000238529, 99999.9, 0.1379, 0, 100000, 0.4025
0.9075, 0.999999, -0.000238529, 99999.9, 0.1379, 0, 100000, 0.4075
0.9125, 0.999999, -0.000238529, 99999.9, 0.1379, 0, 100000, 0.4125
0.9175, 0.999999, -0.000238529, 99999.9, 0.1379, 0, 100000, 0.4175
0.9225, 0.999999, -0.000238529, 99999.9, 0.1379, 0, 100000, 0.4225
0.9275, 0.999999, -0.000238529, 99999.9, 0.1379, 0, 100000, 0.4275
0.9325, 0.999999, -0.000238529, 99999.9, 0.1379, 0, 100000, 0.4325
0.9375, 0.999999, -0.000238529, 99999.9, 0.1379, 0, 100000, 0.4375
0.9425, 0.999999, -0.000238529, 99999.9, 0.1379, 0, 100000, 0.4425
0.9475, 0.999999, -0.000238529, 99999.9, 0.1379, 0, 100000, 0.4475
0.9525, 0.999999, -0.000238529, 99999.9, 0.1379, 0, 100000, 0.4525
0.9575, 0.999999, -0.000238529, 99999.9, 0.1379, 0, 100000, 0.4575
0.9625, 0.999999, -0.000238529, 99999.9, 0.1379, 0, 100000, 0.4625
0.9675, 0.999999, -0.000238529, 99999.9, 0.1379, 0, 100000, 0.4675
0.9725, 0.999999, -0.000238529, 99999.9, 0.1379, 0, 100000, 0.4725
0.9775, 0.999999, -0.000238529, 99999.9, 0.1379, 0, 100000, 0.4775
0.9825, 0.999999, -0.000238529, 99999.9, 0.1379, 0, 100000, 0.4825
0.9875, 0.999999, -0.000238529, 99999.9, 0.1379, 0, 100000, 0.4875
0.9925, 0.999999, -0.000238529, 99999.9, 0.1379, 0, 100000, 0.4925
0.9975, 0.999999, -0.000238529, 99999.9, 0.1379, 0, 100000, 0.4975
