0.0025, 1.33265, 111.89, 149945, 0.1379, -0.000238398, 99999.9, -0.4975
0.0075, 1.33235, 111.978, 149899, 0.1379, -0.000238398, 99999.9, -0.492907
0.0125, 1.33202, 112.074, 149848, 0.1379, -0.000238398, 99999.9, -0.487907
0.0175, 1.33187, 112.123, 149822, 0.1379, -0.000238398, 99999.9, -0.482908
0.0225, 1.33183, 112.138, 149814, 0.1379, -0.000238398, 99999.9, -0.477908
0.0275, 1.33186, 112.134, 149816, 0.1379, -0.000238398, 99999.9, -0.472908
0.0325, 1.33204, 112.094, 149837, 0.1379, -0.000238398, 99999.9, -0.467907
0.0375, 1.33234, 112.008, 149882, 0.1379, -0.000238398, 99999.9, -0.462907
0.0425, 1.33251, 111.923, 149928, 0.1379, -0.000238398, 99999.9, -0.457907
0.0475, 1.33251, 111.872, 149959, 0.1379, -0.000238398, 99999.9, -0.452907
0.0525, 1.33241, 111.847, 149973, 0.1379, -0.000238398, 99999.9, -0.447907
0.0575, 1.33201, 111.84, 149972, 0.1379, -0.000238398, 99999.9, -0.442907
0.0625, 1.33108, 111.854, 149964, 0.1379, -0.000238398, 99999.9, -0.437907
0.0675, 1.32978, 111.872, 149959, 0.1379, -0.000238398, 99999.9, -0.432907
0.0725, 1.32862, 111.882, 149964, 0.1379, -0.000238398, 99999.9, -0.427907
0.0775, 1.32798, 111.877, 149973, 0.1379, -0.000238398, 99999.9, -0.422907
0.0825, 1.32785, 111.839, 149974, 0.1379, -0.000238398, 99999.9, -0.417906
0.0875, 1.32804, 111.747, 149931, 0.1379, -0.000238398, 99999.9, -0.412906
0.0925, 1.32832, 111.408, 149752, 0.1379, -0.000238398, 99999.9, -0.407904
0.0975, 1.32663, 110.215, 149121, 0.1379, -0.000238398, 99999.9, -0.402897
0.1025, 1.30958, 104.467, 146125, 0.1379, -0.000238398, 99999.9, -0.397865
0.1075, 1.24662, 85.4404, 136491, 0.1379, -0.000238398, 99999.9, -0.392775
0.1125, 1.14892, 53.8985, 121859, 0.1379, -0.000238398, 99999.9, -0.387661
0.1175, 1.0744, 27.6457, 110764, 0.1379, -0.000238398, 99999.9, -0.382578
0.1225, 1.03262, 12.2178, 104650, 0.1379, -0.000238398, 99999.9, -0.377533
0.1275, 1.01289, 4.83463, 101821, 0.1379, -0.000238398, 99999.9, -0.372513
0.1325, 1.00468, 1.75517, 100658, 0.1379, -0.000238398, 99999.9, -0.367504
0.1375, 1.00158, 0.590583, 100221, 0.1379, -0.000238398, 99999.9, -0.362501
0.1425, 1.00049, 0.184557, 100069, 0.1379, -0.000238398, 99999.9, -0.3575
0.1475, 1.00014, 0.0534767, 100020, 0.1379, -0.000238398, 99999.9, -0.3525
0.1525, 1.00004, 0.0143248, 100005, 0.1379, -0.000238398, 99999.9, -0.3475
0.1575, 1.00001, 0.00353502, 100001, 0.1379, -0.000238398, 99999.9, -0.3425
0.1625, 1, 0.000800653, 100000, 0.1379, -0.000238398, 99999.9, -0.3375
0.1675, 1, 0.000165766, 100000, 0.1379, -0.000238398, 99999.9, -0.3325
0.1725, 1, 3.12332e-05, 100000, 0.1379, -0.000238398, 99999.9, -0.3275
0.1775, 1, 5.32905e-06, 100000, 0.1379, -0.000238398, 99999.9, -0.3225
0.1825, 1, 8.18669e-07, 100000, 0.1379, -0.000238398, 99999.9, -0.3175
0.1875, 1, 1.12482e-07, 100000, 0.1379, -0.000238398, 99999.9, -0.3125
0.1925, 1, 1.3712e-08, 100000, 0.1379, -0.000238398, 99999.9, -0.3075
0.1975, 1, 1.46865e-09, 100000, 0.1379, -0.000238398, 99999.9, -0.3025
0.2025, 1, 1.36529e-10, 100000, 0.1379, -0.000238398, 99999.9, -0.2975
0.2075, 1, 1.08432e-11, 100000, 0.1379, -0.000238398, 99999.9, -0.2925
0.2125, 1, 6.98197e-13, 100000, 0.1379, -0.000238398, 99999.9, -0.2875
0.2175, 1, 4.2315e-14, 100000, 0.1379, -0.000238398, 99999.9, -0.2825
0.2225, 1, 0, 100000, 0.1379, -0.000238398, 99999.9, -0.2775
0.2275, 1, 0, 100000, 0.1379, -0.000238398, 99999.9, -0.2725
0.2325, 1, 0, 100000, 0.1379, -0.000238398, 99999.9, -0.2675
0.2375, 1, 0, 100000, 0.1379, -0.000238398, 99999.9, -0.2625
0.2425, 1, 0, 100000, 0.1379, -0.000238398, 99999.9, -0.2575
0.2475, 1, 0, 100000, 0.1379, -0.000238398, 99999.9, -0.2525
0.2525, 1, 0, 100000, 0.1379, -0.000238398, 99999.9, -0.2475
0.2575, 1, 0, 100000, 0.1379, -0.000238398, 99999.9, -0.2425
0.2625, 1, 0, 100000, 0.1379, -0.000238398, 99999.9, -0.2375
0.2675, 1, 0, 100000, 0.1379, -0.000238398, 99999.9, -0.2325
0.2725, 1, 0, 100000, 0.1379, -0.000238398, 99999.9, -0.2275
0.2775, 1, 0, 100000, 0.1379, -0.000238398, 99999.9, -0.2225
0.2825, 1, 0, 100000, 0.1379, -0.000238398, 99999.9, -0.2175
0.2875, 1, 0, 100000, 0.1379, -0.000238398, 99999.9, -0.2125
0.2925, 1, 0, 100000, 0.1379, -0.000238398, 99999.9, -0.2075
0.2975, 1, 0, 100000, 0.1379, -0.000238398, 99999.9, -0.2025
0.3025, 1, 0, 100000, 0.1379, -0.000238398, 99999.9, -0.1975
0.3075, 1, 0, 100000, 0.1379, -0.000238398, 99999.9, -0.1925
0.3125, 1, 0, 100000, 0.1379, -0.000238398, 99999.9, -0.1875
0.3175, 1, 0, 100000, 0.1379, -0.000238398, 99999.9, -0.1825
0.3225, 1, 0, 100000, 0.1379, -0.000238398, 99999.9, -0.1775
0.3275, 1, 0, 100000, 0.1379, -0.000238398, 99999.9, -0.1725
0.3325, 1, 0, 100000, 0.1379, -0.000238398, 99999.9, -0.1675
0.3375, 1, 0, 100000, 0.1379, -0.000238398, 99999.9, -0.1625
0.3425, 1, 0, 100000, 0.1379, -0.000238398, 99999.9, -0.1575
0.3475, 1, 0, 100000, 0.1379, -0.000238398, 99999.9, -0.1525
0.3525, 1, 0, 100000, 0.1379, -0.000238398, 99999.9, -0.1475
0.3575, 1, 0, 100000, 0.1379, -0.000238398, 99999.9, -0.1425
0.3625, 1, 0, 100000, 0.1379, -0.000238398, 99999.9, -0.1375
0.3675, 1, 0, 100000, 0.1379, -0.000238398, 99999.9, -0.1325
0.3725, 1, 6.34724e-14, 100000, 0.1379, -0.000238398, 99999.9, -0.1275
0.3775, 1, 4.12571e-13, 100000, 0.1379, -0.000238398, 99999.9, -0.1225
0.3825, 1, 2.13691e-12, 100000, 0.1379, -0.000238398, 99999.9, -0.1175
0.3875, 1, 1.00286e-11, 100000, 0.1379, -0.000238398, 99999.9, -0.1125
0.3925, 1, 4.36267e-11, 100000, 0.1379, -0.000238398, 99999.9, -0.1075
0.3975, 1, 1.77067e-10, 100000, 0.1379, -0.000238398, 99999.9, -0.1025
0.4025, 1, 6.71835e-10, 100000, 0.1379, -0.000238398, 99999.9, -0.0975
0.4075, 1, 2.39522e-09, 100000, 0.1379, -0.000238398, 99999.9, -0.0925
0.4125, 1, 8.05465e-09, 100000, 0.1379, -0.000238398, 99999.9, -0.0875
0.4175, 1, 2.56608e-08, 100000, 0.1379, -0.000238398, 99999.9, -0.0825
0.4225, 1, 7.76757e-08, 100000, 0.1379, -0.000238398, 99999.9, -0.0775
0.4275, 1, 2.25305e-07, 100000, 0.1379, -0.000238398, 99999.9, -0.0725
0.4325, 1, 6.26717e-07, 100000, 0.1379, -0.000238398, 99999.9, -0.0675
0.4375, 1, 1.66289e-06, 100000, 0.1379, -0.000238398, 99999.9, -0.0625
0.4425, 1, 3.25106e-06, 100000, 0.1379, -0.000238398, 99999.9, -0.0575
0.4475, 1, 4.79235e-06, 100000, 0.1379, -0.000238398, 99999.9, -0.0525
0.4525, 1, 5.91846e-06, 100000, 0.1379, -0.000238398, 99999.9, -0.0475
0.4575, 1, 6.61691e-06, 100000, 0.1379, -0.000238398, 99999.9, -0.0425
0.4625, 1, 6.98288e-06, 100000, 0.1379, -0.000238398, 99999.9, -0.0375
0.4675, 1, 7.12545e-06, 100000, 0.1379, -0.000238398, 99999.9, -0.0325
0.4725, 1, 7.15271e-06, 100000, 0.1379, -0.000238398, 99999.9, -0.0275
0.4775, 1, 7.13833e-06, 100000, 0.1379, -0.000238398, 99999.9, -0.0225
0.4825, 1, 7.06887e-06, 100000, 0.1379, -0.000238398, 99999.9, -0.0175
0.4875, 1, 6.71015e-06, 100000, 0.1379, -0.000238398, 99999.9, -0.0125
0.4925, 1, 3.78082e-06, 100000, 0.1379, -0.000238398, 99999.9, -0.00749999
0.4975, 1, -4.89232e-05, 100000, 0.1379, -0.000391718, 99999.9, -0.00249999
0.5025, 1, -0.00017166, 99999.9, 0.1379, -0.000427894, 99999.9, 0.00250001
0.5075, 0.999999, -0.000238399, 99999.9, 0.1379, -0.000430018, 99999.9, 0.00750001
0.5125, 0.999999, -0.000238398, 99999.9, 0.1379, -0.000429999, 99999.9, 0.0125
0.5175, 0.999999, -0.000238398, 99999.9, 0.1379, -0.000429979, 99999.9, 0.0175
0.5225, 0.999999, -0.000238398, 99999.9, 0.1379, -0.000429959, 99999.9, 0.0225
0.5275, 0.999999, -0.000238398, 99999.9, 0.1379, -0.000429938, 99999.9, 0.0275
0.5325, 0.999999, -0.000238398, 99999.9, 0.1379, -0.000429914, 99999.9, 0.0325
0.5375, 0.999999, -0.000238398, 99999.9, 0.1379, -0.000429885, 99999.9, 0.0375
0.5425, 0.999999, -0.000238398, 99999.9, 0.1379, -0.00042985, 99999.9, 0.0425
0.5475, 0.999999, -0.000238398, 99999.9, 0.1379, -0.000429815, 99999.9, 0.0475
0.5525, 0.999999, -0.000238398, 99999.9, 0.1379, -0.000429789, 99999.9, 0.0525
0.5575, 0.999999, -0.000238398, 99999.9, 0.1379, -0.000429776, 99999.9, 0.0575
0.5625, 0.999999, -0.000238398, 99999.9, 0.1379, -0.000429774, 99999.9, 0.0625
0.5675, 0.999999, -0.000238398, 99999.9, 0.1379, -0.000429783, 99999.9, 0.0675
0.5725, 0.999999, -0.000238398, 99999.9, 0.1379, -0.000429828, 99999.9, 0.0725
0.5775, 0.999999, -0.000238398, 99999.9, 0.1379, -0.000429897, 99999.9, 0.0775
0.5825, 0.999999, -0.000238398, 99999.9, 0.1379, -0.000429976, 99999.9, 0.0825
0.5875, 0.999999, -0.000238398, 99999.9, 0.1379, -0.000430048, 99999.9, 0.0875
0.5925, 0.999999, -0.000238398, 99999.9, 0.1379, -0.000430094, 99999.9, 0.0925
0.5975, 0.999999, -0.000238398, 99999.9, 0.1379, -0.000430111, 99999.9, 0.0975
0.6025, 0.999999, -0.000238398, 99999.9, 0.1379, -0.000430109, 99999.9, 0.1025
0.6075, 0.999999, -0.000238398, 99999.9, 0.1379, -0.000430058, 99999.9, 0.1075
0.6125, 0.999999, -0.000238398, 99999.9, 0.1379, -0.000429851, 99999.9, 0.1125
0.6175, 0.999999, -0.000238398, 99999.9, 0.1379, -0.000429347, 99999.9, 0.1175
0.6225, 0.999999, -0.000238398, 99999.9, 0.1379, -0.000428412, 99999.9, 0.1225
0.6275, 0.999999, -0.000238398, 99999.9, 0.1379, -0.000426477, 99999.9, 0.1275
0.6325, 0.999999, -0.000238398, 99999.9, 0.1379, -0.000421902, 99999.9, 0.1325
0.6375, 0.999999, -0.000238398, 99999.9, 0.1379, -0.000409398, 99999.9, 0.1375
0.6425, 0.999999, -0.000238398, 99999.9, 0.1379, -0.000368814, 99999.9, 0.1425
0.6475, 0.999999, -0.000238398, 99999.9, 0.1379, -0.000268888, 100000, 0.1475
0.6525, 0.999999, -0.000238398, 99999.9, 0.1379, -0.0001572, 100000, 0.1525
0.6575, 0.999999, -0.000238398, 99999.9, 0.1379, -7.6575e-05, 100000, 0.1575
0.6625, 0.999999, -0.000238398, 99999.9, 0.1379, -3.05242e-05, 100000, 0.1625
0.6675, 0.999999, -0.000238398, 99999.9, 0.1379, -9.69624e-06, 100000, 0.1675
0.6725, 0.999999, -0.000238398, 99999.9, 0.1379, -2.36124e-06, 100000, 0.1725
0.6775, 0.999999, -0.000238398, 99999.9, 0.1379, -4.14208e-07, 100000, 0.1775
0.6825, 0.999999, -0.000238398, 99999.9, 0.1379, -4.66255e-08, 100000, 0.1825
0.6875, 0.999999, -0.000238398, 99999.9, 0.1379, -2.53077e-09, 100000, 0.1875
0.6925, 0.999999, -0.000238398, 99999.9, 0.1379, 7.67131e-14, 100000, 0.1925
0.6975, 0.999999, -0.000238398, 99999.9, 0.1379, 0, 100000, 0.1975
0.7025, 0.999999, -0.000238398, 99999.9, 0.1379, 0, 100000, 0.2025
0.7075, 0.999999, -0.000238398, 99999.9, 0.1379, 0, 100000, 0.2075
0.7125, 0.999999, -0.000238398, 99999.9, 0.1379, 0, 100000, 0.2125
0.7175, 0.999999, -0.000238398, 99999.9, 0.1379, 0, 100000, 0.2175
0.7225, 0.999999, -0.000238398, 99999.9, 0.1379, 0, 100000, 0.2225
0.7275, 0.999999, -0.000238398, 99999.9, 0.1379, 0, 100000, 0.2275
0.7325, 0.999999, -0.000238398, 99999.9, 0.1379, 0, 100000, 0.2325
0.7375, 0.999999, -0.000238398, 99999.9, 0.1379, 0, 100000, 0.2375
0.7425, 0.999999, -0.000238398, 99999.9, 0.1379, 0, 100000, 0.2425
0.7475, 0.999999, -0.000238398, 99999.9, 0.1379, 0, 100000, 0.2475
0.7525, 0.999999, -0.000238398, 99999.9, 0.1379, 0, 100000, 0.2525
0.7575, 0.999999, -0.000238398, 99999.9, 0.1379, 0, 100000, 0.2575
0.7625, 0.999999, -0.000238398, 99999.9, 0.1379, 0, 100000, 0.2625
0.7675, 0.999999, -0.000238398, 99999.9, 0.1379, 0, 100000, 0.2675
0.7725, 0.999999, -0.000238398, 99999.9, 0.1379, 0, 100000, 0.2725
0.7775, 0.999999, -0.000238398, 99999.9, 0.1379, 0, 100000, 0.2775
0.7825, 0.999999, -0.000238398, 99999.9, 0.1379, 0, 100000, 0.2825
0.7875, 0.999999, -0.000238398, 99999.9, 0.1379, 0, 100000, 0.2875
0.7925, 0.999999, -0.000238398, 99999.9, 0.1379, 0, 100000, 0.2925
0.7975, 0.999999, -0.000238398, 99999.9, 0.1379, 0, 100000, 0.2975
0.8025, 0.999999, -0.000238398, 99999.9, 0.1379, 0, 100000, 0.3025
0.8075, 0.999999, -0.000238398, 99999.9, 0.1379, 0, 100000, 0.3075
0.8125, 0.999999, -0.000238398, 99999.9, 0.1379, 0, 100000, 0.3125
0.8175, 0.999999, -0.000238398, 99999.9, 0.1379, 0, 100000, 0.3175
0.8225, 0.999999, -0.000238398, 99999.9, 0.1379, 0, 100000, 0.3225
0.8275, 0.999999, -0.000238398, 99999.9, 0.1379, 0, 100000, 0.3275
0.8325, 0.999999, -0.000238398, 99999.9, 0.1379, 0, 100000, 0.3325
0.8375, 0.999999, -0.000238398, 99999.9, 0.1379, 0, 100000, 0.3375
0.8425, 0.999999, -0.000238398, 99999.9, 0.1379, 0, 100000, 0.3425
0.8475, 0.999999, -0.000238398, 99999.9, 0.1379, 0, 100000, 0.3475
0.8525, 0.999999, -0.000238398, 99999.9, 0.1379, 0, 100000, 0.3525
0.8575, 0.999999, -0.000238398, 99999.9, 0.1379, 0, 100000, 0.3575
0.8625, 0.999999, -0.000238398, 99999.9, 0.1379, 0, 100000, 0.3625
0.8675, 0.999999, -0.000238398, 99999.9, 0.1379, 0, 100000, 0.3675
0.8725, 0.999999, -0.000238398, 99999.9, 0.1379, 0, 100000, 0.3725
0.8775, 0.999999, -0.000238398, 99999.9, 0.1379, 0, 100000, 0.3775
0.8825, 0.999999, -0.000238398, 99999.9, 0.1379, 0, 100000, 0.3825
0.8875, 0.999999, -0.000238398, 99999.9, 0.1379, 0, 100000, 0.3875
0.8925, 0.999999, -0.000238398, 99999.9, 0.1379, 0, 100000, 0.3925
0.8975, 0.999999, -0.000238398, 99999.9, 0.1379, 0, 100000, 0.3975
0.9025, 0.999999, -0.000238398, 99999.9, 0.1379, 0, 100000, 0.4025
0.9075, 0.999999, -0.000238398, 99999.9, 0.1379, 0, 100000, 0.4075
0.9125, 0.999999, -0.000238398, 99999.9, 0.1379, 0, 100000, 0.4125
0.9175, 0.999999, -0.000238398, 99999.9, 0.1379, 0, 100000, 0.4175
0.9225, 0.999999, -0.000238398, 99999.9, 0.1379, 0, 100000, 0.4225
0.9275, 0.999999, -0.000238398, 99999.9, 0.1379, 0, 100000, 0.4275
0.9325, 0.999999, -0.000238398, 99999.9, 0.1379, 0, 100000, 0.4325
0.9375, 0.999999, -0.000238398, 99999.9, 0.1379, 0, 100000, 0.4375
0.9425, 0.999999, -0.000238398, 99999.9, 0.1379, 0, 100000, 0.4425
0.9475, 0.999999, -0.000238398, 99999.9, 0.1379, 0, 100000, 0.4475
0.9525, 0.999999, -0.000238398, 99999.9, 0.1379, 0, 100000, 0.4525
0.9575, 0.999999, -0.000238398, 99999.9, 0.1379, 0, 100000, 0.4575
0.9625, 0.999999, -0.000238398, 99999.9, 0.1379, 0, 100000, 0.4625
0.9675, 0.999999, -0.000238398, 99999.9, 0.1379, 0, 100000, 0.4675
0.9725, 0.999999, -0.000238398, 99999.9, 0.1379, 0, 100000, 0.4725
0.9775, 0.999999, -0.000238398, 99999.9, 0.1379, 0, 100000, 0.4775
0.9825, 0.999999, -0.000238398, 99999.9, 0.1379, 0, 100000, 0.4825
0.9875, 0.999999, -0.000238398, 99999.9, 0.1379, 0, 100000, 0.4875
0.9925, 0.999999, -0.000238398, 99999.9, 0.1379, 0, 100000, 0.4925
0.9975, 0.999999, -0.000238398, 99999.9, 0.1379, 0, 100000, 0.4975
