0.0025, 1.3329, 111.808, 149989, 0.1379, -0.000238514, 99999.9, -0.4975
0.0075, 1.33291, 111.806, 149990, 0.1379, -0.000238514, 99999.9, -0.492906
0.0125, 1.33291, 111.805, 149990, 0.1379, -0.000238514, 99999.9, -0.487906
0.0175, 1.33291, 111.804, 149991, 0.1379, -0.000238514, 99999.9, -0.482906
0.0225, 1.33292, 111.804, 149991, 0.1379, -0.000238514, 99999.9, -0.477906
0.0275, 1.33291, 111.805, 149990, 0.1379, -0.000238514, 99999.9, -0.472906
0.0325, 1.33291, 111.806, 149990, 0.1379, -0.000238514, 99999.9, -0.467906
0.0375, 1.33291, 111.807, 149989, 0.1379, -0.000238514, 99999.9, -0.462906
0.0425, 1.33291, 111.808, 149989, 0.1379, -0.000238514, 99999.9, -0.457906
0.0475, 1.33292, 111.808, 149988, 0.1379, -0.000238514, 99999.9, -0.452906
0.0525, 1.33293, 111.808, 149988, 0.1379, -0.000238514, 99999.9, -0.447906
0.0575, 1.33293, 111.808, 149989, 0.1379, -0.000238514, 99999.9, -0.442906
0.0625, 1.33294, 111.807, 149989, 0.1379, -0.000238514, 99999.9, -0.437906
0.0675, 1.33295, 111.807, 149989, 0.1379, -0.000238514, 99999.9, -0.432906
0.0725, 1.33295, 111.806, 149990, 0.1379, -0.000238514, 99999.9, -0.427906
0.0775, 1.33295, 111.805, 149990, 0.1379, -0.000238514, 99999.9, -0.422906
0.0825, 1.33295, 111.804, 149991, 0.1379, -0.000238514, 99999.9, -0.417906
0.0875, 1.33294, 111.803, 149991, 0.1379, -0.000238514, 99999.9, -0.412906
0.0925, 1.33291, 111.802, 149992, 0.1379, -0.000238514, 99999.9, -0.407906
0.0975, 1.33282, 111.8, 149993, 0.1379, -0.000238514, 99999.9, -0.402906
0.1025, 1.33255, 111.797, 149995, 0.1379, -0.000238514, 99999.9, -0.397906
0.1075, 1.33207, 111.794, 149996, 0.1379, -0.000238514, 99999.9, -0.392906
0.1125, 1.33151, 111.793, 149996, 0.1379, -0.000238514, 99999.9, -0.387906
0.1175, 1.33101, 111.793, 149996, 0.1379, -0.000238514, 99999.9, -0.382906
0.1225, 1.33064, 111.794, 149996, 0.1379, -0.000238514, 99999.9, -0.377906
0.1275, 1.3304, 111.795, 149995, 0.1379, -0.000238514, 99999.9, -0.372906
0.1325, 1.33027, 111.797, 149995, 0.1379, -0.000238514, 99999.9, -0.367906
0.1375, 1.33022, 111.798, 149994, 0.1379, -0.000238514, 99999.9, -0.362906
0.1425, 1.33023, 111.799, 149993, 0.1379, -0.000238514, 99999.9, -0.357906
0.1475, 1.3303, 111.801, 149992, 0.1379, -0.000238514, 99999.9, -0.352906
0.1525, 1.33061, 111.802, 149992, 0.1379, -0.000238514, 99999.9, -0.347906
0.1575, 1.33122, 111.801, 149992, 0.1379, -0.000238514, 99999.9, -0.342906
0.1625, 1.33187, 111.801, 149993, 0.1379, -0.000238514, 99999.9, -0.337906
0.1675, 1.33239, 111.801, 149993, 0.1379, -0.000238514, 99999.9, -0.332906
0.1725, 1.33278, 111.8, 149994, 0.1379, -0.000238514, 99999.9, -0.327906
0.1775, 1.33304, 111.799, 149994, 0.1379, -0.000238514, 99999.9, -0.322906
0.1825, 1.3332, 111.798, 149994, 0.1379, -0.000238514, 99999.9, -0.317906
0.1875, 1.33328, 111.796, 149995, 0.1379, -0.000238514, 99999.9, -0.312906
0.1925, 1.3333, 111.795, 149996, 0.1379, -0.000238514, 99999.9, -0.307906
0.1975, 1.3333, 111.793, 149996, 0.1379, -0.000238514, 99999.9, -0.302906
0.2025, 1.33324, 111.791, 149997, 0.1379, -0.000238514, 99999.9, -0.297906
0.2075, 1.33309, 111.791, 149997, 0.1379, -0.000238514, 99999.9, -0.292906
0.2125, 1.33293, 111.791, 149997, 0.1379, -0.000238514, 99999.9, -0.287906
0.2175, 1.33283, 111.792, 149997, 0.1379, -0.000238514, 99999.9, -0.282906
0.2225, 1.33278, 111.794, 149996, 0.1379, -0.000238514, 99999.9, -0.277906
0.2275, 1.33276, 111.797, 149995, 0.1379, -0.000238514, 99999.9, -0.272906
0.2325, 1.33278, 111.8, 149993, 0.1379, -0.000238514, 99999.9, -0.267906
0.2375, 1.33288, 111.803, 149992, 0.1379, -0.000238514, 99999.9, -0.262906
0.2425, 1.33308, 111.804, 149992, 0.1379, -0.000238514, 99999.9, -0.257906
0.2475, 1.33329, 111.803, 149992, 0.1379, -0.000238514, 99999.9, -0.252906
0.2525, 1.33344, 111.802, 149992, 0.1379, -0.000238514, 99999.9, -0.247906
0.2575, 1.33353, 111.8, 149993, 0.1379, -0.000238514, 99999.9, -0.242906
0.2625, 1.33358, 111.799, 149994, 0.1379, -0.000238514, 99999.9, -0.237906
0.2675, 1.3336, 111.798, 149994, 0.1379, -0.000238514, 99999.9, -0.232906
0.2725, 1.33359, 111.797, 149994, 0.1379, -0.000238514, 99999.9, -0.227906
0.2775, 1.33356, 111.797, 149994, 0.1379, -0.000238514, 99999.9, -0.222906
0.2825, 1.33345, 111.798, 149993, 0.1379, -0.000238514, 99999.9, -0.217906
0.2875, 1.33323, 111.798, 149994, 0.1379, -0.000238514, 99999.9, -0.212906
0.2925, 1.33301, 111.797, 149995, 0.1379, -0.000238514, 99999.9, -0.207906
0.2975, 1.33287, 111.794, 149997, 0.1379, -0.000238514, 99999.9, -0.202906
0.3025, 1.33281, 111.791, 150000, 0.1379, -0.000238514, 99999.9, -0.197906
0.3075, 1.3328, 111.789, 150001, 0.1379, -0.000238514, 99999.9, -0.192906
0.3125, 1.33286, 111.785, 150001, 0.1379, -0.000238514, 99999.9, -0.187906
0.3175, 1.33299, 111.778, 149995, 0.1379, -0.000238514, 99999.9, -0.182906
0.3225, 1.3331, 111.755, 149976, 0.1379, -0.000238514, 99999.9, -0.177906
0.3275, 1.33307, 111.652, 149917, 0.1379, -0.000238514, 99999.9, -0.172906
0.3325, 1.33208, 111.256, 149706, 0.1379, -0.000238514, 99999.9, -0.167903
0.3375, 1.32755, 109.896, 148992, 0.1379, -0.000238514, 99999.9, -0.162895
0.3425, 1.30677, 103.862, 145830, 0.1379, -0.000238514, 99999.9, -0.157862
0.3475, 1.24542, 85.3529, 136482, 0.1379, -0.000238514, 99999.9, -0.152777
0.3525, 1.15646, 56.3449, 122966, 0.1379, -0.000238514, 99999.9, -0.147672
0.3575, 1.08611, 31.7458, 112450, 0.1379, -0.000238514, 99999.9, -0.142593
0.3625, 1.04343, 16.1697, 106194, 0.1379, -0.000238514, 99999.9, -0.137546
0.3675, 1.02072, 7.74191, 102929, 0.1379, -0.000238514, 99999.9, -0.132522
0.3725, 1.00958, 3.58274, 101347, 0.1379, -0.000238514, 99999.9, -0.12751
0.3775, 1.00435, 1.62781, 100610, 0.1379, -0.000238514, 99999.9, -0.122505
0.3825, 1.00196, 0.731644, 100274, 0.1379, -0.000238514, 99999.9, -0.117502
0.3875, 1.00087, 0.326351, 100122, 0.1379, -0.000238514, 99999.9, -0.112501
0.3925, 1.00039, 0.14461, 100054, 0.1379, -0.000238514, 99999.9, -0.1075
0.3975, 1.00017, 0.063655, 100024, 0.1379, -0.000238514, 99999.9, -0.1025
0.4025, 1.00007, 0.0278219, 100010, 0.1379, -0.000238514, 99999.9, -0.0975
0.4075, 1.00003, 0.0120669, 100005, 0.1379, -0.000238514, 99999.9, -0.0925
0.4125, 1.00001, 0.00519064, 100002, 0.1379, -0.000238514, 99999.9, -0.0875
0.4175, 1.00001, 0.00221397, 100001, 0.1379, -0.000238514, 99999.9, -0.0825
0.4225, 1, 0.000936975, 100000, 0.1379, -0.000238514, 99999.9, -0.0775
0.4275, 1, 0.000394522, 100000, 0.1379, -0.000238514, 99999.9, -0.0725
0.4325, 1, 0.000166536, 100000, 0.1379, -0.000238514, 99999.9, -0.0675
0.4375, 1, 7.18048e-05, 100000, 0.1379, -0.000238514, 99999.9, -0.0625
0.4425, 1, 3.29185e-05, 100000, 0.1379, -0.000238514, 99999.9, -0.0575
0.4475, 1, 1.71608e-05, 100000, 0.1379, -0.000238514, 99999.9, -0.0525
0.4525, 1, 1.08622e-05, 100000, 0.1379, -0.000238514, 99999.9, -0.0475
0.4575, 1, 8.38112e-06, 100000, 0.1379, -0.000238514, 99999.9, -0.0425
0.4625, 1, 7.41935e-06, 100000, 0.1379, -0.000238514, 99999.9, -0.0375
0.4675, 1, 7.0551e-06, 100000, 0.1379, -0.000238514, 99999.9, -0.0325
0.4725, 1, 6.92374e-06, 100000, 0.1379, -0.000238514, 99999.9, -0.0275
0.4775, 1, 6.87286e-06, 100000, 0.1379, -0.000238514, 99999.9, -0.0225
0.4825, 1, 6.82264e-06, 100000, 0.1379, -0.000238514, 99999.9, -0.0175
0.4875, 1, 6.53923e-06, 100000, 0.1379, -0.000238514, 99999.9, -0.0125
0.4925, 1, 3.67006e-06, 100000, 0.1379, -0.000238514, 99999.9, -0.00749997
0.4975, 1, -4.90162e-05, 100000, 0.1379, -0.000391833, 99999.9, -0.00249997
0.5025, 1, -0.000171776, 99999.9, 0.1379, -0.000428012, 99999.9, 0.00250003
0.5075, 0.999999, -0.000238514, 99999.9, 0.1379, -0.000430159, 99999.9, 0.00750003
0.5125, 0.999999, -0.000238514, 99999.9, 0.1379, -0.000430161, 99999.9, 0.0125
0.5175, 0.999999, -0.000238514, 99999.9, 0.1379, -0.000430161, 99999.9, 0.0175
0.5225, 0.999999, -0.000238514, 99999.9, 0.1379, -0.000430161, 99999.9, 0.0225
0.5275, 0.999999, -0.000238514, 99999.9, 0.1379, -0.00043016, 99999.9, 0.0275
0.5325, 0.999999, -0.000238514, 99999.9, 0.1379, -0.00043016, 99999.9, 0.0325
0.5375, 0.999999, -0.000238514, 99999.9, 0.1379, -0.00043016, 99999.9, 0.0375
0.5425, 0.999999, -0.000238514, 99999.9, 0.1379, -0.00043016, 99999.9, 0.0425
0.5475, 0.999999, -0.000238514, 99999.9, 0.1379, -0.00043016, 99999.9, 0.0475
0.5525, 0.999999, -0.000238514, 99999.9, 0.1379, -0.00043016, 99999.9, 0.0525
0.5575, 0.999999, -0.000238514, 99999.9, 0.1379, -0.00043016, 99999.9, 0.0575
0.5625, 0.999999, -0.000238514, 99999.9, 0.1379, -0.00043016, 99999.9, 0.0625
0.5675, 0.999999, -0.000238514, 99999.9, 0.1379, -0.00043016, 99999.9, 0.0675
0.5725, 0.999999, -0.000238514, 99999.9, 0.1379, -0.00043016, 99999.9, 0.0725
0.5775, 0.999999, -0.000238514, 99999.9, 0.1379, -0.00043016, 99999.9, 0.0775
0.5825, 0.999999, -0.000238514, 99999.9, 0.1379, -0.00043016, 99999.9, 0.0825
0.5875, 0.999999, -0.000238514, 99999.9, 0.1379, -0.00043016, 99999.9, 0.0875
0.5925, 0.999999, -0.000238514, 99999.9, 0.1379, -0.00043016, 99999.9, 0.0925
0.5975, 0.999999, -0.000238514, 99999.9, 0.1379, -0.00043016, 99999.9, 0.0975
0.6025, 0.999999, -0.000238514, 99999.9, 0.1379, -0.00043016, 99999.9, 0.1025
0.6075, 0.999999, -0.000238514, 99999.9, 0.1379, -0.00043016, 99999.9, 0.1075
0.6125, 0.999999, -0.000238514, 99999.9, 0.1379, -0.00043016, 99999.9, 0.1125
0.6175, 0.999999, -0.000238514, 99999.9, 0.1379, -0.00043016, 99999.9, 0.1175
0.6225, 0.999999, -0.000238514, 99999.9, 0.1379, -0.00043016, 99999.9, 0.1225
0.6275, 0.999999, -0.000238514, 99999.9, 0.1379, -0.00043016, 99999.9, 0.1275
0.6325, 0.999999, -0.000238514, 99999.9, 0.1379, -0.00043016, 99999.9, 0.1325
0.6375, 0.999999, -0.000238514, 99999.9, 0.1379, -0.00043016, 99999.9, 0.1375
0.6425, 0.999999, -0.000238514, 99999.9, 0.1379, -0.00043016, 99999.9, 0.1425
0.6475, 0.999999, -0.000238514, 99999.9, 0.1379, -0.00043016, 99999.9, 0.1475
0.6525, 0.999999, -0.000238514, 99999.9, 0.1379, -0.00043016, 99999.9, 0.1525
0.6575, 0.999999, -0.000238514, 99999.9, 0.1379, -0.00043016, 99999.9, 0.1575
0.6625, 0.999999, -0.000238514, 99999.9, 0.1379, -0.00043016, 99999.9, 0.1625
0.6675, 0.999999, -0.000238514, 99999.9, 0.1379, -0.00043016, 99999.9, 0.1675
0.6725, 0.999999, -0.000238514, 99999.9, 0.1379, -0.00043016, 99999.9, 0.1725
0.6775, 0.999999, -0.000238514, 99999.9, 0.1379, -0.00043016, 99999.9, 0.1775
0.6825, 0.999999, -0.000238514, 99999.9, 0.1379, -0.00043016, 99999.9, 0.1825
0.6875, 0.999999, -0.000238514, 99999.9, 0.1379, -0.00043016, 99999.9, 0.1875
0.6925, 0.999999, -0.000238514, 99999.9, 0.1379, -0.00043016, 99999.9, 0.1925
0.6975, 0.999999, -0.000238514, 99999.9, 0.1379, -0.00043016, 99999.9, 0.1975
0.7025, 0.999999, -0.000238514, 99999.9, 0.1379, -0.000430161, 99999.9, 0.2025
0.7075, 0.999999, -0.000238514, 99999.9, 0.1379, -0.000430161, 99999.9, 0.2075
0.7125, 0.999999, -0.000238514, 99999.9, 0.1379, -0.000430161, 99999.9, 0.2125
0.7175, 0.999999, -0.000238514, 99999.9, 0.1379, -0.000430161, 99999.9, 0.2175
0.7225, 0.999999, -0.000238514, 99999.9, 0.1379, -0.000430161, 99999.9, 0.2225
0.7275, 0.999999, -0.000238514, 99999.9, 0.1379, -0.000430161, 99999.9, 0.2275
0.7325, 0.999999, -0.000238514, 99999.9, 0.1379, -0.000430161, 99999.9, 0.2325
0.7375, 0.999999, -0.000238514, 99999.9, 0.1379, -0.00043016, 99999.9, 0.2375
0.7425, 0.999999, -0.000238514, 99999.9, 0.1379, -0.00043016, 99999.9, 0.2425
0.7475, 0.999999, -0.000238514, 99999.9, 0.1379, -0.00043016, 99999.9, 0.2475
0.7525, 0.999999, -0.000238514, 99999.9, 0.1379, -0.00043016, 99999.9, 0.2525
0.7575, 0.999999, -0.000238514, 99999.9, 0.1379, -0.00043016, 99999.9, 0.2575
0.7625, 0.999999, -0.000238514, 99999.9, 0.1379, -0.00043016, 99999.9, 0.2625
0.7675, 0.999999, -0.000238514, 99999.9, 0.1379, -0.000430159, 99999.9, 0.2675
0.7725, 0.999999, -0.000238514, 99999.9, 0.1379, -0.000430159, 99999.9, 0.2725
0.7775, 0.999999, -0.000238514, 99999.9, 0.1379, -0.000430159, 99999.9, 0.2775
0.7825, 0.999999, -0.000238514, 99999.9, 0.1379, -0.000430159, 99999.9, 0.2825
0.7875, 0.999999, -0.000238514, 99999.9, 0.1379, -0.000430159, 99999.9, 0.2875
0.7925, 0.999999, -0.000238514, 99999.9, 0.1379, -0.000430159, 99999.9, 0.2925
0.7975, 0.999999, -0.000238514, 99999.9, 0.1379, -0.000430159, 99999.9, 0.2975
0.8025, 0.999999, -0.000238514, 99999.9, 0.1379, -0.00043016, 99999.9, 0.3025
0.8075, 0.999999, -0.000238514, 99999.9, 0.1379, -0.00043016, 99999.9, 0.3075
0.8125, 0.999999, -0.000238514, 99999.9, 0.1379, -0.00043016, 99999.9, 0.3125
0.8175, 0.999999, -0.000238514, 99999.9, 0.1379, -0.00043016, 99999.9, 0.3175
0.8225, 0.999999, -0.000238514, 99999.9, 0.1379, -0.00043016, 99999.9, 0.3225
0.8275, 0.999999, -0.000238514, 99999.9, 0.1379, -0.000430161, 99999.9, 0.3275
0.8325, 0.999999, -0.000238514, 99999.9, 0.1379, -0.000430161, 99999.9, 0.3325
0.8375, 0.999999, -0.000238514, 99999.9, 0.1379, -0.000430161, 99999.9, 0.3375
0.8425, 0.999999, -0.000238514, 99999.9, 0.1379, -0.000430162, 99999.9, 0.3425
0.8475, 0.999999, -0.000238514, 99999.9, 0.1379, -0.000430162, 99999.9, 0.3475
0.8525, 0.999999, -0.000238514, 99999.9, 0.1379, -0.000430162, 99999.9, 0.3525
0.8575, 0.999999, -0.000238514, 99999.9, 0.1379, -0.000430162, 99999.9, 0.3575
0.8625, 0.999999, -0.000238514, 99999.9, 0.1379, -0.000430162, 99999.9, 0.3625
0.8675, 0.999999, -0.000238514, 99999.9, 0.1379, -0.000430162, 99999.9, 0.3675
0.8725, 0.999999, -0.000238514, 99999.9, 0.1379, -0.000430162, 99999.9, 0.3725
0.8775, 0.999999, -0.000238514, 99999.9, 0.1379, -0.000430162, 99999.9, 0.3775
0.8825, 0.999999, -0.000238514, 99999.9, 0.1379, -0.000430162, 99999.9, 0.3825
0.8875, 0.999999, -0.000238514, 99999.9, 0.1379, -0.000430161, 99999.9, 0.3875
0.8925, 0.999999, -0.000238514, 99999.9, 0.1379, -0.00043016, 99999.9, 0.3925
0.8975, 0.999999, -0.000238514, 99999.9, 0.1379, -0.000430159, 99999.9, 0.3975
0.9025, 0.999999, -0.000238514, 99999.9, 0.1379, -0.000430157, 99999.9, 0.4025
0.9075, 0.999999, -0.000238514, 99999.9, 0.1379, -0.000430156, 99999.9, 0.4075
0.9125, 0.999999, -0.000238514, 99999.9, 0.1379, -0.000430155, 99999.9, 0.4125
0.9175, 0.999999, -0.000238514, 99999.9, 0.1379, -0.000430153, 99999.9, 0.4175
0.9225, 0.999999, -0.000238514, 99999.9, 0.1379, -0.000430152, 99999.9, 0.4225
0.9275, 0.999999, -0.000238514, 99999.9, 0.1379, -0.000430151, 99999.9, 0.4275
0.9325, 0.999999, -0.000238514, 99999.9, 0.1379, -0.00043015, 99999.9, 0.4325
0.9375, 0.999999, -0.000238514, 99999.9, 0.1379, -0.000430149, 99999.9, 0.4375
0.9425, 0.999999, -0.000238514, 99999.9, 0.1379, -0.000430149, 99999.9, 0.4425
0.9475, 0.999999, -0.000238514, 99999.9, 0.1379, -0.000430148, 99999.9, 0.4475
0.9525, 0.999999, -0.000238514, 99999.9, 0.1379, -0.000430148, 99999.9, 0.4525
0.9575, 0.999999, -0.000238514, 99999.9, 0.1379, -0.000430148, 99999.9, 0.4575
0.9625, 0.999999, -0.000238514, 99999.9, 0.1379, -0.000430148, 99999.9, 0.4625
0.9675, 0.999999, -0.000238514, 99999.9, 0.1379, -0.000430148, 99999.9, 0.4675
0.9725, 0.999999, -0.000238514, 99999.9, 0.1379, -0.000430149, 99999.9, 0.4725
0.9775, 0.999999, -0.000238514, 99999.9, 0.1379, -0.00043015, 99999.9, 0.4775
0.9825, 0.999999, -0.000238514, 99999.9, 0.1379, -0.000430151, 99999.9, 0.4825
0.9875, 0.999999, -0.000238514, 99999.9, 0.1379, -0.000430153, 99999.9, 0.4875
0.9925, 0.999999, -0.000238514, 99999.9, 0.1379, -0.000430155, 99999.9, 0.4925
0.9975, 0.999999, -0.000238514, 99999.9, 0.1379, -0.000430158, 99999.9, 0.4975
