0.0025, 1.33293, 111.799, 149993, 0.158835, 159.256, 126617, -0.539852
0.0075, 1.33294, 111.798, 149994, 0.158835, 159.256, 126617, -0.535192
0.0125, 1.33294, 111.796, 149995, 0.158835, 159.256, 126617, -0.530192
0.0175, 1.33295, 111.795, 149995, 0.158835, 159.256, 126617, -0.525192
0.0225, 1.33295, 111.794, 149996, 0.158835, 159.256, 126617, -0.520192
0.0275, 1.33295, 111.794, 149996, 0.158835, 159.256, 126617, -0.515192
0.0325, 1.33295, 111.794, 149996, 0.158835, 159.256, 126617, -0.510192
0.0375, 1.33295, 111.794, 149996, 0.158835, 159.256, 126617, -0.505192
0.0425, 1.33295, 111.794, 149996, 0.158835, 159.256, 126617, -0.500192
0.0475, 1.33295, 111.795, 149996, 0.158835, 159.256, 126617, -0.495192
0.0525, 1.33294, 111.796, 149995, 0.158835, 159.256, 126617, -0.490192
0.0575, 1.33294, 111.797, 149994, 0.158835, 159.256, 126617, -0.485192
0.0625, 1.33293, 111.799, 149994, 0.158835, 159.256, 126617, -0.480192
0.0675, 1.33293, 111.799, 149993, 0.158835, 159.256, 126617, -0.475192
0.0725, 1.33293, 111.8, 149993, 0.158835, 159.256, 126617, -0.470192
0.0775, 1.33293, 111.8, 149993, 0.158835, 159.256, 126617, -0.465192
0.0825, 1.33293, 111.8, 149993, 0.158835, 159.256, 126617, -0.460192
0.0875, 1.33293, 111.8, 149993, 0.158835, 159.256, 126617, -0.455192
0.0925, 1.33293, 111.8, 149993, 0.158835, 159.256, 126617, -0.450192
0.0975, 1.33294, 111.799, 149993, 0.158835, 159.256, 126617, -0.445192
0.1025, 1.33295, 111.798, 149994, 0.158835, 159.256, 126617, -0.440192
0.1075, 1.33296, 111.797, 149994, 0.158835, 159.256, 126617, -0.435192
0.1125, 1.33297, 111.796, 149995, 0.158835, 159.256, 126617, -0.430192
0.1175, 1.33298, 111.794, 149996, 0.158835, 159.256, 126617, -0.425192
0.1225, 1.33298, 111.793, 149997, 0.158835, 159.256, 126617, -0.420192
0.1275, 1.33298, 111.792, 149997, 0.158835, 159.256, 126617, -0.415192
0.1325, 1.33298, 111.791, 149998, 0.158835, 159.256, 126617, -0.410192
0.1375, 1.33298, 111.791, 149998, 0.158835, 159.256, 126617, -0.405192
0.1425, 1.33297, 111.791, 149998, 0.158835, 159.256, 126617, -0.400192
0.1475, 1.33295, 111.791, 149997, 0.158835, 159.256, 126617, -0.395192
0.1525, 1.3329, 111.793, 149997, 0.158835, 159.256, 126617, -0.390192
0.1575, 1.33275, 111.795, 149996, 0.158835, 159.256, 126617, -0.385192
0.1625, 1.33247, 111.796, 149995, 0.158835, 159.256, 126617, -0.380192
0.1675, 1.33211, 111.797, 149995, 0.158835, 159.256, 126617, -0.375192
0.1725, 1.33175, 111.797, 149994, 0.158835, 159.256, 126617, -0.370192
0.1775, 1.33144, 111.798, 149994, 0.158835, 159.256, 126617, -0.365192
0.1825, 1.33121, 111.798, 149994, 0.158835, 159.256, 126617, -0.360192
0.1875, 1.33104, 111.798, 149994, 0.158835, 159.256, 126617, -0.355192
0.1925, 1.33094, 111.798, 149994, 0.158835, 159.256, 126617, -0.350192
0.1975, 1.33089, 111.798, 149994, 0.158835, 159.256, 126617, -0.345192
0.2025, 1.33087, 111.798, 149994, 0.158835, 159.256, 126617, -0.340192
0.2075, 1.33088, 111.798, 149994, 0.158835, 159.256, 126617, -0.335192
0.2125, 1.33091, 111.797, 149994, 0.158835, 159.256, 126617, -0.330192
0.2175, 1.33106, 111.796, 149994, 0.158835, 159.256, 126617, -0.325192
0.2225, 1.33138, 111.795, 149995, 0.158835, 159.256, 126617, -0.320192
0.2275, 1.33176, 111.795, 149995, 0.158835, 159.256, 126617, -0.315192
0.2325, 1.33211, 111.794, 149996, 0.158835, 159.256, 126617, -0.310192
0.2375, 1.33239, 111.793, 149996, 0.158835, 159.256, 126617, -0.305192
0.2425, 1.3326, 111.793, 149996, 0.158835, 159.256, 126617, -0.300192
0.2475, 1.33275, 111.793, 149997, 0.158835, 159.256, 126617, -0.295192
0.2525, 1.33286, 111.793, 149997, 0.158835, 159.256, 126617, -0.290192
0.2575, 1.33292, 111.793, 149997, 0.158835, 159.256, 126617, -0.285192
0.2625, 1.33296, 111.794, 149996, 0.158835, 159.256, 126617, -0.280192
0.2675, 1.33298, 111.795, 149996, 0.158835, 159.256, 126617, -0.275192
0.2725, 1.33299, 111.796, 149996, 0.158835, 159.256, 126617, -0.270192
0.2775, 1.33299, 111.796, 149995, 0.158835, 159.256, 126617, -0.265192
0.2825, 1.333, 111.797, 149995, 0.158835, 159.256, 126617, -0.260192
0.2875, 1.333, 111.797, 149995, 0.158835, 159.256, 126617, -0.255192
0.2925, 1.33301, 111.797, 149995, 0.158835, 159.256, 126617, -0.250192
0.2975, 1.33304, 111.796, 149994, 0.158835, 159.256, 126617, -0.245192
0.3025, 1.33309, 111.796, 149994, 0.158835, 159.256, 126617, -0.240192
0.3075, 1.33317, 111.796, 149994, 0.158835, 159.256, 126617, -0.235192
0.3125, 1.33323, 111.796, 149994, 0.158835, 159.256, 126617, -0.230192
0.3175, 1.33328, 111.796, 149995, 0.158835, 159.256, 126617, -0.225192
0.3225, 1.33332, 111.796, 149995, 0.158835, 159.256, 126617, -0.220192
0.3275, 1.33333, 111.795, 149995, 0.158835, 159.256, 126617, -0.215192
0.3325, 1.33334, 111.795, 149996, 0.158835, 159.256, 126617, -0.210192
0.3375, 1.33334, 111.794, 149996, 0.158835, 159.256, 126617, -0.205192
0.3425, 1.33333, 111.792, 149998, 0.158835, 159.256, 126617, -0.200192
0.3475, 1.33329, 111.79, 149998, 0.158835, 159.256, 126617, -0.195192
0.3525, 1.33324, 111.789, 149999, 0.158835, 159.256, 126617, -0.190192
0.3575, 1.33321, 111.789, 149999, 0.158835, 159.256, 126617, -0.185192
0.3625, 1.33319, 111.789, 149999, 0.158835, 159.256, 126617, -0.180192
0.3675, 1.33318, 111.79, 149998, 0.158835, 159.256, 126617, -0.175192
0.3725, 1.33316, 111.794, 149996, 0.158835, 159.256, 126617, -0.170192
0.3775, 1.33313, 111.805, 149990, 0.158835, 159.256, 126617, -0.165192
0.3825, 1.33305, 111.835, 149974, 0.158835, 159.256, 126617, -0.160192
0.3875, 1.33285, 111.906, 149937, 0.158835, 159.256, 126617, -0.155192
0.3925, 1.33234, 112.071, 149849, 0.158835, 159.256, 126617, -0.150193
0.3975, 1.33108, 112.465, 149641, 0.158835, 159.256, 126617, -0.145194
0.4025, 1.32797, 113.416, 149140, 0.158835, 159.256, 126617, -0.140196
0.4075, 1.32076, 115.592, 147998, 0.158835, 159.256, 126617, -0.135202
0.4125, 1.30863, 119.245, 146096, 0.158835, 159.256, 126617, -0.130213
0.4175, 1.29249, 124.147, 143578, 0.158835, 159.256, 126617, -0.125227
0.4225, 1.27408, 129.805, 140721, 0.158835, 159.256, 126617, -0.120244
0.4275, 1.25588, 135.438, 137922, 0.158835, 159.256, 126617, -0.115261
0.4325, 1.23937, 140.581, 135410, 0.158835, 159.256, 126617, -0.110277
0.4375, 1.225, 145.091, 133238, 0.158835, 159.256, 126617, -0.105292
0.4425, 1.21299, 148.892, 131431, 0.158835, 159.256, 126617, -0.100303
0.4475, 1.20334, 151.962, 129988, 0.158835, 159.256, 126617, -0.0953132
0.4525, 1.19594, 154.334, 128882, 0.158835, 159.256, 126617, -0.0903207
0.4575, 1.19055, 156.084, 128071, 0.158835, 159.256, 126617, -0.0853263
0.4625, 1.18685, 157.314, 127505, 0.158835, 159.256, 126617, -0.0803303
0.4675, 1.1845, 158.134, 127127, 0.158835, 159.256, 126617, -0.0753329
0.4725, 1.18314, 158.653, 126889, 0.158835, 159.256, 126617, -0.0703346
0.4775, 1.18242, 158.961, 126749, 0.158835, 159.256, 126617, -0.0653356
0.4825, 1.18206, 159.132, 126671, 0.158835, 159.256, 126617, -0.0603362
0.4875, 1.18182, 159.215, 126631, 0.158835, 159.256, 126617, -0.0553364
0.4925, 1.18161, 159.25, 126613, 0.158835, 159.256, 126617, -0.0503366
0.4975, 1.18142, 159.261, 126610, 0.158835, 159.256, 126617, -0.0453366
0.5025, 1.18123, 159.252, 126614, 0.158835, 159.256, 126617, -0.0403366
0.5075, 1.18101, 159.238, 126619, 0.158835, 159.256, 126617, -0.0353365
0.5125, 1.18077, 159.229, 126620, 0.158835, 159.256, 126617, -0.0303365
0.5175, 1.18055, 159.227, 126619, 0.158835, 159.256, 126617, -0.0253365
0.5225, 1.18037, 159.232, 126618, 0.158835, 159.256, 126617, -0.0203365
0.5275, 1.18023, 159.24, 126618, 0.158835, 159.256, 126617, -0.0153365
0.5325, 1.18015, 159.248, 126618, 0.158835, 159.256, 126617, -0.0103365
0.5375, 1.18011, 159.254, 126618, 0.158835, 159.256, 126617, -0.00533657
0.5425, 1.1801, 159.256, 126617, 0.158835, 159.256, 126617, -0.000336571
0.5475, 1.1801, 159.256, 126617, 0.158835, 159.256, 126617, 0.00466343
0.5525, 1.1801, 159.256, 126617, 0.158834, 159.256, 126617, 0.00966343
0.5575, 1.1801, 159.256, 126617, 0.158833, 159.254, 126617, 0.0146634
0.5625, 1.1801, 159.256, 126617, 0.158831, 159.251, 126616, 0.0196635
0.5675, 1.1801, 159.256, 126617, 0.15883, 159.248, 126616, 0.0246635
0.5725, 1.1801, 159.256, 126617, 0.158828, 159.245, 126615, 0.0296635
0.5775, 1.1801, 159.256, 126617, 0.158827, 159.241, 126615, 0.0346635
0.5825, 1.1801, 159.256, 126617, 0.158826, 159.236, 126614, 0.0396635
0.5875, 1.1801, 159.256, 126617, 0.158824, 159.228, 126612, 0.0446635
0.5925, 1.1801, 159.256, 126617, 0.158823, 159.217, 126610, 0.0496636
0.5975, 1.1801, 159.256, 126617, 0.158821, 159.207, 126608, 0.0546636
0.6025, 1.1801, 159.256, 126617, 0.15882, 159.198, 126607, 0.0596636
0.6075, 1.1801, 159.256, 126617, 0.158819, 159.191, 126605, 0.0646636
0.6125, 1.1801, 159.256, 126617, 0.158818, 159.183, 126604, 0.0696637
0.6175, 1.1801, 159.256, 126617, 0.158817, 159.176, 126603, 0.0746637
0.6225, 1.1801, 159.256, 126617, 0.158816, 159.171, 126601, 0.0796637
0.6275, 1.1801, 159.256, 126617, 0.158815, 159.167, 126601, 0.0846637
0.6325, 1.1801, 159.256, 126617, 0.158815, 159.165, 126600, 0.0896637
0.6375, 1.1801, 159.256, 126617, 0.158814, 159.165, 126600, 0.0946637
0.6425, 1.1801, 159.256, 126617, 0.158814, 159.166, 126601, 0.0996637
0.6475, 1.1801, 159.256, 126617, 0.158815, 159.171, 126601, 0.104664
0.6525, 1.1801, 159.256, 126617, 0.158817, 159.187, 126604, 0.109664
0.6575, 1.1801, 159.256, 126617, 0.15882, 159.213, 126609, 0.114663
0.6625, 1.1801, 159.256, 126617, 0.158824, 159.247, 126615, 0.119663
0.6675, 1.1801, 159.256, 126617, 0.158829, 159.283, 126622, 0.124663
0.6725, 1.1801, 159.256, 126617, 0.158833, 159.318, 126628, 0.129663
0.6775, 1.1801, 159.256, 126617, 0.158837, 159.353, 126635, 0.134663
0.6825, 1.1801, 159.256, 126617, 0.158842, 159.392, 126642, 0.139663
0.6875, 1.1801, 159.256, 126617, 0.158848, 159.437, 126650, 0.144663
0.6925, 1.1801, 159.256, 126617, 0.158855, 159.49, 126660, 0.149663
0.6975, 1.1801, 159.256, 126617, 0.158862, 159.542, 126669, 0.154662
0.7025, 1.1801, 159.256, 126617, 0.158867, 159.585, 126677, 0.159662
0.7075, 1.1801, 159.256, 126617, 0.158872, 159.618, 126683, 0.164662
0.7125, 1.1801, 159.256, 126617, 0.158874, 159.638, 126687, 0.169662
0.7175, 1.1801, 159.256, 126617, 0.158876, 159.648, 126689, 0.174662
0.7225, 1.1801, 159.256, 126617, 0.158876, 159.651, 126689, 0.179662
0.7275, 1.1801, 159.256, 126617, 0.158875, 159.65, 126689, 0.184662
0.7325, 1.1801, 159.256, 126617, 0.158872, 159.635, 126686, 0.189662
0.7375, 1.1801, 159.256, 126617, 0.158864, 159.577, 126676, 0.194663
0.7425, 1.1801, 159.256, 126617, 0.158851, 159.488, 126659, 0.199663
0.7475, 1.1801, 159.256, 126617, 0.158838, 159.391, 126642, 0.204663
0.7525, 1.1801, 159.256, 126617, 0.158821, 159.271, 126620, 0.209664
0.7575, 1.1801, 159.256, 126617, 0.158795, 159.088, 126586, 0.214665
0.7625, 1.1801, 159.256, 126617, 0.158753, 158.792, 126532, 0.219666
0.7675, 1.1801, 159.256, 126617, 0.158693, 158.36, 126453, 0.224667
0.7725, 1.1801, 159.256, 126617, 0.158617, 157.814, 126353, 0.229669
0.7775, 1.1801, 159.256, 126617, 0.158533, 157.214, 126243, 0.234671
0.7825, 1.1801, 159.256, 126617, 0.158447, 156.595, 126130, 0.239673
0.7875, 1.1801, 159.256, 126617, 0.158349, 155.886, 126000, 0.244676
0.7925, 1.1801, 159.256, 126617, 0.158214, 154.901, 125821, 0.24968
0.7975, 1.1801, 159.256, 126617, 0.15802, 153.49, 125564, 0.254685
0.8025, 1.1801, 159.256, 126617, 0.157778, 151.71, 125240, 0.259691
0.8075, 1.1801, 159.256, 126617, 0.157493, 149.627, 124862, 0.2647
0.8125, 1.1801, 159.256, 126617, 0.157059, 146.496, 124295, 0.269716
0.8175, 1.1801, 159.256, 126617, 0.156136, 139.771, 123087, 0.274763
0.8225, 1.1801, 159.256, 126617, 0.153275, 118.857, 119383, 0.279876
0.8275, 1.1801, 159.256, 126617, 0.147904, 78.3523, 112468, 0.284988
0.8325, 1.1801, 159.256, 126617, 0.143605, 45.0486, 107026, 0.290057
0.8375, 1.1801, 159.256, 126617, 0.141128, 25.6036, 103946, 0.295095
0.8425, 1.1801, 159.256, 126617, 0.139819, 15.2595, 102337, 0.300115
0.8475, 1.1801, 159.256, 126617, 0.13911, 9.63249, 101470, 0.305126
0.8525, 1.1801, 159.256, 126617, 0.138699, 6.36364, 100969, 0.310134
0.8575, 1.1801, 159.256, 126617, 0.138444, 4.33624, 100660, 0.315138
0.8625, 1.1801, 159.256, 126617, 0.138278, 3.01444, 100458, 0.320141
0.8675, 1.1801, 159.256, 126617, 0.138166, 2.12275, 100323, 0.325143
0.8725, 1.1801, 159.256, 126617, 0.138089, 1.50748, 100229, 0.330145
0.8775, 1.1801, 159.256, 126617, 0.138035, 1.07656, 100163, 0.335146
0.8825, 1.1801, 159.256, 126617, 0.137997, 0.771731, 100117, 0.340146
0.8875, 1.1801, 159.256, 126617, 0.13797, 0.554612, 100084, 0.345147
0.8925, 1.1801, 159.256, 126617, 0.13795, 0.399236, 100061, 0.350147
0.8975, 1.1801, 159.256, 126617, 0.137936, 0.287679, 100044, 0.355148
0.9025, 1.1801, 159.256, 126617, 0.137926, 0.207402, 100031, 0.360148
0.9075, 1.1801, 159.256, 126617, 0.137919, 0.149544, 100023, 0.365148
0.9125, 1.1801, 159.256, 126617, 0.137914, 0.107803, 100016, 0.370148
0.9175, 1.1801, 159.256, 126617, 0.13791, 0.0776704, 100012, 0.375148
0.9225, 1.1801, 159.256, 126617, 0.137907, 0.0559121, 100008, 0.380148
0.9275, 1.1801, 159.256, 126617, 0.137905, 0.0402001, 100006, 0.385148
0.9325, 1.1801, 159.256, 126617, 0.137904, 0.0288567, 100004, 0.390148
0.9375, 1.1801, 159.256, 126617, 0.137903, 0.0206705, 100003, 0.395148
0.9425, 1.1801, 159.256, 126617, 0.137902, 0.0147663, 100002, 0.400148
0.9475, 1.1801, 159.256, 126617, 0.137901, 0.0105109, 100002, 0.405148
0.9525, 1.1801, 159.256, 126617, 0.137901, 0.00744654, 100001, 0.410148
0.9575, 1.1801, 159.256, 126617, 0.137901, 0.00524148, 100001, 0.415148
0.9625, 1.1801, 159.256, 126617, 0.1379, 0.0036558, 100001, 0.420148
0.9675, 1.1801, 159.256, 126617, 0.1379, 0.00251586, 100000, 0.425148
0.9725, 1.1801, 159.256, 126617, 0.1379, 0.00169619, 100000, 0.430148
0.9775, 1.1801, 159.256, 126617, 0.1379, 0.00110629, 100000, 0.435148
0.9825, 1.1801, 159.256, 126617, 0.1379, 0.000681126, 100000, 0.440148
0.9875, 1.1801, 159.256, 126617, 0.1379, 0.000374463, 100000, 0.445148
0.9925, 1.1801, 159.256, 126617, 0.1379, 0.000149468, 100000, 0.450148
0.9975, 1.1801, 159.256, 126617, 0.1379, -2.31462e-05, 100000, 0.455148
