0.0025, 1.33283, 111.832, 149976, 0.1379, -0.000238511, 99999.9, -0.4975
0.0075, 1.33284, 111.827, 149979, 0.1379, -0.000238511, 99999.9, -0.492906
0.0125, 1.33285, 111.823, 149981, 0.1379, -0.000238511, 99999.9, -0.487906
0.0175, 1.33286, 111.821, 149982, 0.1379, -0.000238511, 99999.9, -0.482906
0.0225, 1.33287, 111.82, 149982, 0.1379, -0.000238511, 99999.9, -0.477906
0.0275, 1.33288, 111.82, 149982, 0.1379, -0.000238511, 99999.9, -0.472906
0.0325, 1.33289, 111.82, 149982, 0.1379, -0.000238511, 99999.9, -0.467906
0.0375, 1.3329, 111.82, 149982, 0.1379, -0.000238511, 99999.9, -0.462906
0.0425, 1.3329, 111.819, 149983, 0.1379, -0.000238511, 99999.9, -0.457906
0.0475, 1.33291, 111.819, 149983, 0.1379, -0.000238511, 99999.9, -0.452906
0.0525, 1.33292, 111.817, 149984, 0.1379, -0.000238511, 99999.9, -0.447906
0.0575, 1.33292, 111.814, 149985, 0.1379, -0.000238511, 99999.9, -0.442906
0.0625, 1.33293, 111.81, 149988, 0.1379, -0.000238511, 99999.9, -0.437906
0.0675, 1.33292, 111.807, 149990, 0.1379, -0.000238511, 99999.9, -0.432906
0.0725, 1.33289, 111.804, 149992, 0.1379, -0.000238511, 99999.9, -0.427906
0.0775, 1.33277, 111.802, 149993, 0.1379, -0.000238511, 99999.9, -0.422906
0.0825, 1.33243, 111.801, 149992, 0.1379, -0.000238511, 99999.9, -0.417906
0.0875, 1.33179, 111.803, 149991, 0.1379, -0.000238511, 99999.9, -0.412906
0.0925, 1.33106, 111.805, 149990, 0.1379, -0.000238511, 99999.9, -0.407906
0.0975, 1.33046, 111.807, 149989, 0.1379, -0.000238511, 99999.9, -0.402906
0.1025, 1.33005, 111.808, 149988, 0.1379, -0.000238511, 99999.9, -0.397906
0.1075, 1.32982, 111.809, 149988, 0.1379, -0.000238511, 99999.9, -0.392906
0.1125, 1.32974, 111.81, 149988, 0.1379, -0.000238511, 99999.9, -0.387906
0.1175, 1.32975, 111.809, 149988, 0.1379, -0.000238511, 99999.9, -0.382906
0.1225, 1.32987, 111.807, 149989, 0.1379, -0.000238511, 99999.9, -0.377906
0.1275, 1.33033, 111.805, 149990, 0.1379, -0.000238511, 99999.9, -0.372906
0.1325, 1.33113, 111.805, 149991, 0.1379, -0.000238511, 99999.9, -0.367906
0.1375, 1.33193, 111.805, 149991, 0.1379, -0.000238511, 99999.9, -0.362906
0.1425, 1.33255, 111.806, 149991, 0.1379, -0.000238511, 99999.9, -0.357906
0.1475, 1.33298, 111.806, 149991, 0.1379, -0.000238511, 99999.9, -0.352906
0.1525, 1.33326, 111.805, 149991, 0.1379, -0.000238511, 99999.9, -0.347906
0.1575, 1.33342, 111.803, 149991, 0.1379, -0.000238511, 99999.9, -0.342906
0.1625, 1.3335, 111.8, 149992, 0.1379, -0.000238511, 99999.9, -0.337906
0.1675, 1.33353, 111.797, 149993, 0.1379, -0.000238511, 99999.9, -0.332906
0.1725, 1.33353, 111.794, 149996, 0.1379, -0.000238511, 99999.9, -0.327906
0.1775, 1.33348, 111.79, 149997, 0.1379, -0.000238511, 99999.9, -0.322906
0.1825, 1.33327, 111.789, 149998, 0.1379, -0.000238511, 99999.9, -0.317906
0.1875, 1.33291, 111.79, 149997, 0.1379, -0.000238511, 99999.9, -0.312906
0.1925, 1.33261, 111.794, 149996, 0.1379, -0.000238511, 99999.9, -0.307906
0.1975, 1.33245, 111.8, 149996, 0.1379, -0.000238511, 99999.9, -0.302906
0.2025, 1.3324, 111.804, 149995, 0.1379, -0.000238511, 99999.9, -0.297906
0.2075, 1.33247, 111.809, 149994, 0.1379, -0.000238511, 99999.9, -0.292906
0.2125, 1.33272, 111.807, 149995, 0.1379, -0.000238511, 99999.9, -0.287906
0.2175, 1.33303, 111.795, 149987, 0.1379, -0.000238511, 99999.9, -0.282906
0.2225, 1.33323, 111.761, 149965, 0.1379, -0.000238511, 99999.9, -0.277906
0.2275, 1.3332, 111.628, 149900, 0.1379, -0.000238511, 99999.9, -0.272905
0.2325, 1.33191, 111.152, 149654, 0.1379, -0.000238511, 99999.9, -0.267903
0.2375, 1.32613, 109.508, 148790, 0.1379, -0.000238511, 99999.9, -0.262893
0.2425, 1.30082, 102.187, 144963, 0.1379, -0.000238511, 99999.9, -0.257853
0.2475, 1.23264, 81.3426, 134541, 0.1379, -0.000238511, 99999.9, -0.252762
0.2525, 1.14369, 51.9625, 121035, 0.1379, -0.000238511, 99999.9, -0.247658
0.2575, 1.07745, 28.6287, 111174, 0.1379, -0.000238511, 99999.9, -0.242584
0.2625, 1.03828, 14.2714, 105452, 0.1379, -0.000238511, 99999.9, -0.237541
0.2675, 1.0179, 6.69179, 102528, 0.1379, -0.000238511, 99999.9, -0.232519
0.2725, 1.00809, 3.02648, 101137, 0.1379, -0.000238511, 99999.9, -0.227508
0.2775, 1.00358, 1.33803, 100502, 0.1379, -0.000238511, 99999.9, -0.222504
0.2825, 1.00155, 0.5816, 100218, 0.1379, -0.000238511, 99999.9, -0.217502
0.2875, 1.00067, 0.249003, 100093, 0.1379, -0.000238511, 99999.9, -0.212501
0.2925, 1.00028, 0.105005, 100039, 0.1379, -0.000238511, 99999.9, -0.2075
0.2975, 1.00012, 0.0435812, 100016, 0.1379, -0.000238511, 99999.9, -0.2025
0.3025, 1.00005, 0.0177839, 100007, 0.1379, -0.000238511, 99999.9, -0.1975
0.3075, 1.00002, 0.00712761, 100003, 0.1379, -0.000238511, 99999.9, -0.1925
0.3125, 1.00001, 0.00280343, 100001, 0.1379, -0.000238511, 99999.9, -0.1875
0.3175, 1, 0.001082, 100000, 0.1379, -0.000238511, 99999.9, -0.1825
0.3225, 1, 0.000410666, 100000, 0.1379, -0.000238511, 99999.9, -0.1775
0.3275, 1, 0.000154665, 100000, 0.1379, -0.000238511, 99999.9, -0.1725
0.3325, 1, 5.94536e-05, 100000, 0.1379, -0.000238511, 99999.9, -0.1675
0.3375, 1, 2.50177e-05, 100000, 0.1379, -0.000238511, 99999.9, -0.1625
0.3425, 1, 1.29126e-05, 100000, 0.1379, -0.000238511, 99999.9, -0.1575
0.3475, 1, 8.77347e-06, 100000, 0.1379, -0.000238511, 99999.9, -0.1525
0.3525, 1, 7.40935e-06, 100000, 0.1379, -0.000238511, 99999.9, -0.1475
0.3575, 1, 7.01029e-06, 100000, 0.1379, -0.000238511, 99999.9, -0.1425
0.3625, 1, 6.92822e-06, 100000, 0.1379, -0.000238511, 99999.9, -0.1375
0.3675, 1, 6.93427e-06, 100000, 0.1379, -0.000238511, 99999.9, -0.1325
0.3725, 1, 6.94967e-06, 100000, 0.1379, -0.000238511, 99999.9, -0.1275
0.3775, 1, 6.9449e-06, 100000, 0.1379, -0.000238511, 99999.9, -0.1225
0.3825, 1, 6.91958e-06, 100000, 0.1379, -0.000238511, 99999.9, -0.1175
0.3875, 1, 6.88521e-06, 100000, 0.1379, -0.000238511, 99999.9, -0.1125
0.3925, 1, 6.85945e-06, 100000, 0.1379, -0.000238511, 99999.9, -0.1075
0.3975, 1, 6.84399e-06, 100000, 0.1379, -0.000238511, 99999.9, -0.1025
0.4025, 1, 6.83579e-06, 100000, 0.1379, -0.000238511, 99999.9, -0.0975
0.4075, 1, 6.8323e-06, 100000, 0.1379, -0.000238511, 99999.9, -0.0925
0.4125, 1, 6.83143e-06, 100000, 0.1379, -0.000238511, 99999.9, -0.0875
0.4175, 1, 6.83174e-06, 100000, 0.1379, -0.000238511, 99999.9, -0.0825
0.4225, 1, 6.8342e-06, 100000, 0.1379, -0.000238511, 99999.9, -0.0775
0.4275, 1, 6.83848e-06, 100000, 0.1379, -0.000238511, 99999.9, -0.0725
0.4325, 1, 6.84203e-06, 100000, 0.1379, -0.000238511, 99999.9, -0.0675
0.4375, 1, 6.844e-06, 100000, 0.1379, -0.000238511, 99999.9, -0.0625
0.4425, 1, 6.8448e-06, 100000, 0.1379, -0.000238511, 99999.9, -0.0575
0.4475, 1, 6.84498e-06, 100000, 0.1379, -0.000238511, 99999.9, -0.0525
0.4525, 1, 6.84479e-06, 100000, 0.1379, -0.000238511, 99999.9, -0.0475
0.4575, 1, 6.84389e-06, 100000, 0.1379, -0.000238511, 99999.9, -0.0425
0.4625, 1, 6.84262e-06, 100000, 0.1379, -0.000238511, 99999.9, -0.0375
0.4675, 1, 6.84159e-06, 100000, 0.1379, -0.000238511, 99999.9, -0.0325
0.4725, 1, 6.84052e-06, 100000, 0.1379, -0.000238511, 99999.9, -0.0275
0.4775, 1, 6.8375e-06, 100000, 0.1379, -0.000238511, 99999.9, -0.0225
0.4825, 1, 6.81349e-06, 100000, 0.1379, -0.000238511, 99999.9, -0.0175
0.4875, 1, 6.54178e-06, 100000, 0.1379, -0.000238511, 99999.9, -0.0125
0.4925, 1, 3.67466e-06, 100000, 0.1379, -0.000238511, 99999.9, -0.00749998
0.4975, 1, -4.90128e-05, 100000, 0.1379, -0.00039183, 99999.9, -0.00249998
0.5025, 1, -0.000171773, 99999.9, 0.1379, -0.000428009, 99999.9, 0.00250002
0.5075, 0.999999, -0.000238511, 99999.9, 0.1379, -0.000430157, 99999.9, 0.00750002
0.5125, 0.999999, -0.000238511, 99999.9, 0.1379, -0.00043016, 99999.9, 0.0125
0.5175, 0.999999, -0.000238511, 99999.9, 0.1379, -0.00043016, 99999.9, 0.0175
0.5225, 0.999999, -0.000238511, 99999.9, 0.1379, -0.000430159, 99999.9, 0.0225
0.5275, 0.999999, -0.000238511, 99999.9, 0.1379, -0.000430159, 99999.9, 0.0275
0.5325, 0.999999, -0.000238511, 99999.9, 0.1379, -0.000430159, 99999.9, 0.0325
0.5375, 0.999999, -0.000238511, 99999.9, 0.1379, -0.000430159, 99999.9, 0.0375
0.5425, 0.999999, -0.000238511, 99999.9, 0.1379, -0.000430159, 99999.9, 0.0425
0.5475, 0.999999, -0.000238511, 99999.9, 0.1379, -0.000430159, 99999.9, 0.0475
0.5525, 0.999999, -0.000238511, 99999.9, 0.1379, -0.00043016, 99999.9, 0.0525
0.5575, 0.999999, -0.000238511, 99999.9, 0.1379, -0.00043016, 99999.9, 0.0575
0.5625, 0.999999, -0.000238511, 99999.9, 0.1379, -0.00043016, 99999.9, 0.0625
0.5675, 0.999999, -0.000238511, 99999.9, 0.1379, -0.00043016, 99999.9, 0.0675
0.5725, 0.999999, -0.000238511, 99999.9, 0.1379, -0.00043016, 99999.9, 0.0725
0.5775, 0.999999, -0.000238511, 99999.9, 0.1379, -0.00043016, 99999.9, 0.0775
0.5825, 0.999999, -0.000238511, 99999.9, 0.1379, -0.000430161, 99999.9, 0.0825
0.5875, 0.999999, -0.000238511, 99999.9, 0.1379, -0.000430161, 99999.9, 0.0875
0.5925, 0.999999, -0.000238511, 99999.9, 0.1379, -0.000430161, 99999.9, 0.0925
0.5975, 0.999999, -0.000238511, 99999.9, 0.1379, -0.000430162, 99999.9, 0.0975
0.6025, 0.999999, -0.000238511, 99999.9, 0.1379, -0.000430162, 99999.9, 0.1025
0.6075, 0.999999, -0.000238511, 99999.9, 0.1379, -0.000430162, 99999.9, 0.1075
0.6125, 0.999999, -0.000238511, 99999.9, 0.1379, -0.000430162, 99999.9, 0.1125
0.6175, 0.999999, -0.000238511, 99999.9, 0.1379, -0.000430162, 99999.9, 0.1175
0.6225, 0.999999, -0.000238511, 99999.9, 0.1379, -0.000430162, 99999.9, 0.1225
0.6275, 0.999999, -0.000238511, 99999.9, 0.1379, -0.000430162, 99999.9, 0.1275
0.6325, 0.999999, -0.000238511, 99999.9, 0.1379, -0.000430162, 99999.9, 0.1325
0.6375, 0.999999, -0.000238511, 99999.9, 0.1379, -0.000430161, 99999.9, 0.1375
0.6425, 0.999999, -0.000238511, 99999.9, 0.1379, -0.00043016, 99999.9, 0.1425
0.6475, 0.999999, -0.000238511, 99999.9, 0.1379, -0.000430159, 99999.9, 0.1475
0.6525, 0.999999, -0.000238511, 99999.9, 0.1379, -0.000430158, 99999.9, 0.1525
0.6575, 0.999999, -0.000238511, 99999.9, 0.1379, -0.000430157, 99999.9, 0.1575
0.6625, 0.999999, -0.000238511, 99999.9, 0.1379, -0.000430155, 99999.9, 0.1625
0.6675, 0.999999, -0.000238511, 99999.9, 0.1379, -0.000430154, 99999.9, 0.1675
0.6725, 0.999999, -0.000238511, 99999.9, 0.1379, -0.000430153, 99999.9, 0.1725
0.6775, 0.999999, -0.000238511, 99999.9, 0.1379, -0.000430151, 99999.9, 0.1775
0.6825, 0.999999, -0.000238511, 99999.9, 0.1379, -0.00043015, 99999.9, 0.1825
0.6875, 0.999999, -0.000238511, 99999.9, 0.1379, -0.000430149, 99999.9, 0.1875
0.6925, 0.999999, -0.000238511, 99999.9, 0.1379, -0.000430149, 99999.9, 0.1925
0.6975, 0.999999, -0.000238511, 99999.9, 0.1379, -0.000430148, 99999.9, 0.1975
0.7025, 0.999999, -0.000238511, 99999.9, 0.1379, -0.000430148, 99999.9, 0.2025
0.7075, 0.999999, -0.000238511, 99999.9, 0.1379, -0.000430148, 99999.9, 0.2075
0.7125, 0.999999, -0.000238511, 99999.9, 0.1379, -0.000430148, 99999.9, 0.2125
0.7175, 0.999999, -0.000238511, 99999.9, 0.1379, -0.000430148, 99999.9, 0.2175
0.7225, 0.999999, -0.000238511, 99999.9, 0.1379, -0.000430149, 99999.9, 0.2225
0.7275, 0.999999, -0.000238511, 99999.9, 0.1379, -0.00043015, 99999.9, 0.2275
0.7325, 0.999999, -0.000238511, 99999.9, 0.1379, -0.000430151, 99999.9, 0.2325
0.7375, 0.999999, -0.000238511, 99999.9, 0.1379, -0.000430152, 99999.9, 0.2375
0.7425, 0.999999, -0.000238511, 99999.9, 0.1379, -0.000430154, 99999.9, 0.2425
0.7475, 0.999999, -0.000238511, 99999.9, 0.1379, -0.000430156, 99999.9, 0.2475
0.7525, 0.999999, -0.000238511, 99999.9, 0.1379, -0.000430159, 99999.9, 0.2525
0.7575, 0.999999, -0.000238511, 99999.9, 0.1379, -0.000430164, 99999.9, 0.2575
0.7625, 0.999999, -0.000238511, 99999.9, 0.1379, -0.000430168, 99999.9, 0.2625
0.7675, 0.999999, -0.000238511, 99999.9, 0.1379, -0.000430173, 99999.9, 0.2675
0.7725, 0.999999, -0.000238511, 99999.9, 0.1379, -0.000430178, 99999.9, 0.2725
0.7775, 0.999999, -0.000238511, 99999.9, 0.1379, -0.000430182, 99999.9, 0.2775
0.7825, 0.999999, -0.000238511, 99999.9, 0.1379, -0.000430184, 99999.9, 0.2825
0.7875, 0.999999, -0.000238511, 99999.9, 0.1379, -0.000430186, 99999.9, 0.2875
0.7925, 0.999999, -0.000238511, 99999.9, 0.1379, -0.000430186, 99999.9, 0.2925
0.7975, 0.999999, -0.000238511, 99999.9, 0.1379, -0.000430187, 99999.9, 0.2975
0.8025, 0.999999, -0.000238511, 99999.9, 0.1379, -0.000430186, 99999.9, 0.3025
0.8075, 0.999999, -0.000238511, 99999.9, 0.1379, -0.000430184, 99999.9, 0.3075
0.8125, 0.999999, -0.000238511, 99999.9, 0.1379, -0.000430176, 99999.9, 0.3125
0.8175, 0.999999, -0.000238511, 99999.9, 0.1379, -0.000430165, 99999.9, 0.3175
0.8225, 0.999999, -0.000238511, 99999.9, 0.1379, -0.000430151, 99999.9, 0.3225
0.8275, 0.999999, -0.000238511, 99999.9, 0.1379, -0.000430133, 99999.9, 0.3275
0.8325, 0.999999, -0.000238511, 99999.9, 0.1379, -0.000430111, 99999.9, 0.3325
0.8375, 0.999999, -0.000238511, 99999.9, 0.1379, -0.000430088, 99999.9, 0.3375
0.8425, 0.999999, -0.000238511, 99999.9, 0.1379, -0.000430064, 99999.9, 0.3425
0.8475, 0.999999, -0.000238511, 99999.9, 0.1379, -0.000430042, 99999.9, 0.3475
0.8525, 0.999999, -0.000238511, 99999.9, 0.1379, -0.000430021, 99999.9, 0.3525
0.8575, 0.999999, -0.000238511, 99999.9, 0.1379, -0.00043, 99999.9, 0.3575
0.8625, 0.999999, -0.000238511, 99999.9, 0.1379, -0.000429979, 99999.9, 0.3625
0.8675, 0.999999, -0.000238511, 99999.9, 0.1379, -0.000429954, 99999.9, 0.3675
0.8725, 0.999999, -0.000238511, 99999.9, 0.1379, -0.000429925, 99999.9, 0.3725
0.8775, 0.999999, -0.000238511, 99999.9, 0.1379, -0.000429891, 99999.9, 0.3775
0.8825, 0.999999, -0.000238511, 99999.9, 0.1379, -0.000429859, 99999.9, 0.3825
0.8875, 0.999999, -0.000238511, 99999.9, 0.1379, -0.000429833, 99999.9, 0.3875
0.8925, 0.999999, -0.000238511, 99999.9, 0.1379, -0.000429814, 99999.9, 0.3925
0.8975, 0.999999, -0.000238511, 99999.9, 0.1379, -0.000429804, 99999.9, 0.3975
0.9025, 0.999999, -0.000238511, 99999.9, 0.1379, -0.000429801, 99999.9, 0.4025
0.9075, 0.999999, -0.000238511, 99999.9, 0.1379, -0.000429801, 99999.9, 0.4075
0.9125, 0.999999, -0.000238511, 99999.9, 0.1379, -0.000429814, 99999.9, 0.4125
0.9175, 0.999999, -0.000238511, 99999.9, 0.1379, -0.000429866, 99999.9, 0.4175
0.9225, 0.999999, -0.000238511, 99999.9, 0.1379, -0.000429937, 99999.9, 0.4225
0.9275, 0.999999, -0.000238511, 99999.9, 0.1379, -0.000429995, 99999.9, 0.4275
0.9325, 0.999999, -0.000238511, 99999.9, 0.1379, -0.000430033, 99999.9, 0.4325
0.9375, 0.999999, -0.000238511, 99999.9, 0.1379, -0.000430053, 99999.9, 0.4375
0.9425, 0.999999, -0.000238511, 99999.9, 0.1379, -0.000430059, 99999.9, 0.4425
0.9475, 0.999999, -0.000238511, 99999.9, 0.1379, -0.000430058, 99999.9, 0.4475
0.9525, 0.999999, -0.000238511, 99999.9, 0.1379, -0.000430034, 99999.9, 0.4525
0.9575, 0.999999, -0.000238511, 99999.9, 0.1379, -0.000429931, 99999.9, 0.4575
0.9625, 0.999999, -0.000238511, 99999.9, 0.1379, -0.00042957, 99999.9, 0.4625
0.9675, 0.999999, -0.000238511, 99999.9, 0.1379, -0.00042842, 99999.9, 0.4675
0.9725, 0.999999, -0.000238511, 99999.9, 0.1379, -0.000424882, 99999.9, 0.4725
0.9775, 0.999999, -0.000238511, 99999.9, 0.1379, -0.000413622, 99999.9, 0.4775
0.9825, 0.999999, -0.000238511, 99999.9, 0.1379, -0.000376797, 99999.9, 0.4825
0.9875, 0.999999, -0.000238511, 99999.9, 0.1379, -0.000301284, 100000, 0.4875
0.9925, 0.999999, -0.000238511, 99999.9, 0.1379, -0.000217474, 100000, 0.4925
0.9975, 0.999999, -0.000238511, 99999.9, 0.1379, -0.000143261, 100000, 0.4975
