0.0025, 1.3329, 111.807, 149989, 0.137903, 0.0227828, 100003, -0.4975
0.0075, 1.33291, 111.807, 149989, 0.137903, 0.0227828, 100003, -0.492907
0.0125, 1.33291, 111.806, 149989, 0.137903, 0.0227828, 100003, -0.487907
0.0175, 1.33291, 111.805, 149990, 0.137903, 0.0227828, 100003, -0.482907
0.0225, 1.33291, 111.804, 149991, 0.137903, 0.0227828, 100003, -0.477907
0.0275, 1.33292, 111.803, 149991, 0.137903, 0.0227828, 100003, -0.472907
0.0325, 1.33293, 111.801, 149992, 0.137903, 0.0227828, 100003, -0.467907
0.0375, 1.33293, 111.799, 149993, 0.137903, 0.0227828, 100003, -0.462907
0.0425, 1.33294, 111.797, 149994, 0.137903, 0.0227828, 100003, -0.457907
0.0475, 1.33294, 111.796, 149995, 0.137903, 0.0227828, 100003, -0.452907
0.0525, 1.33295, 111.795, 149996, 0.137903, 0.0227828, 100003, -0.447907
0.0575, 1.33296, 111.794, 149996, 0.137903, 0.0227828, 100003, -0.442907
0.0625, 1.33296, 111.794, 149996, 0.137903, 0.0227828, 100003, -0.437907
0.0675, 1.33297, 111.795, 149996, 0.137903, 0.0227828, 100003, -0.432907
0.0725, 1.33297, 111.796, 149995, 0.137903, 0.0227828, 100003, -0.427907
0.0775, 1.33297, 111.797, 149994, 0.137903, 0.0227828, 100003, -0.422907
0.0825, 1.33296, 111.799, 149993, 0.137903, 0.0227828, 100003, -0.417907
0.0875, 1.33296, 111.8, 149993, 0.137903, 0.0227828, 100003, -0.412907
0.0925, 1.33296, 111.801, 149992, 0.137903, 0.0227828, 100003, -0.407907
0.0975, 1.33296, 111.801, 149992, 0.137903, 0.0227828, 100003, -0.402907
0.1025, 1.33296, 111.801, 149992, 0.137903, 0.0227828, 100003, -0.397907
0.1075, 1.33294, 111.801, 149992, 0.137903, 0.0227828, 100003, -0.392907
0.1125, 1.33291, 111.8, 149993, 0.137903, 0.0227828, 100003, -0.387907
0.1175, 1.33281, 111.798, 149994, 0.137903, 0.0227828, 100003, -0.382907
0.1225, 1.33255, 111.797, 149994, 0.137903, 0.0227828, 100003, -0.377907
0.1275, 1.33213, 111.795, 149995, 0.137903, 0.0227828, 100003, -0.372907
0.1325, 1.33166, 111.794, 149996, 0.137903, 0.0227828, 100003, -0.367907
0.1375, 1.33125, 111.793, 149996, 0.137903, 0.0227828, 100003, -0.362907
0.1425, 1.33093, 111.792, 149997, 0.137903, 0.0227828, 100003, -0.357907
0.1475, 1.33071, 111.792, 149997, 0.137903, 0.0227828, 100003, -0.352907
0.1525, 1.33058, 111.793, 149997, 0.137903, 0.0227828, 100003, -0.347907
0.1575, 1.33052, 111.794, 149996, 0.137903, 0.0227828, 100003, -0.342907
0.1625, 1.33051, 111.795, 149996, 0.137903, 0.0227828, 100003, -0.337907
0.1675, 1.33052, 111.797, 149995, 0.137903, 0.0227828, 100003, -0.332907
0.1725, 1.33064, 111.799, 149993, 0.137903, 0.0227828, 100003, -0.327907
0.1775, 1.331, 111.801, 149993, 0.137903, 0.0227828, 100003, -0.322907
0.1825, 1.33153, 111.801, 149992, 0.137903, 0.0227828, 100003, -0.317907
0.1875, 1.33204, 111.801, 149992, 0.137903, 0.0227828, 100003, -0.312907
0.1925, 1.33244, 111.801, 149993, 0.137903, 0.0227828, 100003, -0.307907
0.1975, 1.33274, 111.8, 149993, 0.137903, 0.0227828, 100003, -0.302907
0.2025, 1.33293, 111.799, 149993, 0.137903, 0.0227828, 100003, -0.297907
0.2075, 1.33305, 111.799, 149993, 0.137903, 0.0227828, 100003, -0.292907
0.2125, 1.3331, 111.798, 149994, 0.137903, 0.0227828, 100003, -0.287907
0.2175, 1.33312, 111.798, 149994, 0.137903, 0.0227828, 100003, -0.282907
0.2225, 1.33312, 111.797, 149994, 0.137903, 0.0227828, 100003, -0.277907
0.2275, 1.33308, 111.796, 149995, 0.137903, 0.0227828, 100003, -0.272907
0.2325, 1.33302, 111.794, 149996, 0.137903, 0.0227828, 100003, -0.267907
0.2375, 1.33297, 111.792, 149997, 0.137903, 0.0227828, 100003, -0.262907
0.2425, 1.33294, 111.79, 149998, 0.137903, 0.0227828, 100003, -0.257907
0.2475, 1.33292, 111.789, 149998, 0.137903, 0.0227828, 100003, -0.252907
0.2525, 1.33293, 111.789, 149999, 0.137903, 0.0227828, 100003, -0.247907
0.2575, 1.33296, 111.789, 149999, 0.137903, 0.0227828, 100003, -0.242907
0.2625, 1.33307, 111.791, 149998, 0.137903, 0.0227828, 100003, -0.237907
0.2675, 1.33321, 111.794, 149997, 0.137903, 0.0227828, 100003, -0.232907
0.2725, 1.33333, 111.796, 149995, 0.137903, 0.0227828, 100003, -0.227907
0.2775, 1.33341, 111.798, 149994, 0.137903, 0.0227828, 100003, -0.222907
0.2825, 1.33346, 111.799, 149994, 0.137903, 0.0227828, 100003, -0.217907
0.2875, 1.33348, 111.799, 149994, 0.137903, 0.0227828, 100003, -0.212907
0.2925, 1.33348, 111.799, 149994, 0.137903, 0.0227828, 100003, -0.207907
0.2975, 1.33347, 111.799, 149994, 0.137903, 0.0227828, 100003, -0.202907
0.3025, 1.3334, 111.798, 149994, 0.137903, 0.0227828, 100003, -0.197907
0.3075, 1.33326, 111.797, 149994, 0.137903, 0.0227828, 100003, -0.192907
0.3125, 1.33312, 111.797, 149994, 0.137903, 0.0227828, 100003, -0.187907
0.3175, 1.33303, 111.797, 149994, 0.137903, 0.0227828, 100003, -0.182907
0.3225, 1.33298, 111.797, 149994, 0.137903, 0.0227828, 100003, -0.177907
0.3275, 1.33297, 111.798, 149994, 0.137903, 0.0227828, 100003, -0.172907
0.3325, 1.33297, 111.798, 149994, 0.137903, 0.0227828, 100003, -0.167907
0.3375, 1.33302, 111.797, 149995, 0.137903, 0.0227828, 100003, -0.162907
0.3425, 1.33315, 111.796, 149996, 0.137903, 0.0227828, 100003, -0.157907
0.3475, 1.33333, 111.794, 149997, 0.137903, 0.0227828, 100003, -0.152907
0.3525, 1.33347, 111.793, 149997, 0.137903, 0.0227828, 100003, -0.147907
0.3575, 1.33355, 111.792, 149998, 0.137903, 0.0227828, 100003, -0.142907
0.3625, 1.3336, 111.791, 149998, 0.137903, 0.0227828, 100003, -0.137907
0.3675, 1.33361, 111.791, 149997, 0.137903, 0.0227828, 100003, -0.132907
0.3725, 1.33361, 111.791, 149997, 0.137903, 0.0227828, 100003, -0.127907
0.3775, 1.33359, 111.793, 149996, 0.137903, 0.0227828, 100003, -0.122907
0.3825, 1.33349, 111.795, 149995, 0.137903, 0.0227828, 100003, -0.117907
0.3875, 1.3333, 111.798, 149994, 0.137903, 0.0227828, 100003, -0.112907
0.3925, 1.33306, 111.8, 149994, 0.137903, 0.0227828, 100003, -0.107907
0.3975, 1.33289, 111.801, 149995, 0.137903, 0.0227828, 100003, -0.102907
0.4025, 1.33281, 111.8, 149996, 0.137903, 0.0227828, 100003, -0.0979066
0.4075, 1.3328, 111.794, 149994, 0.137903, 0.0227828, 100003, -0.0929065
0.4125, 1.33285, 111.779, 149985, 0.137903, 0.0227828, 100003, -0.0879064
0.4175, 1.33291, 111.723, 149955, 0.137903, 0.0227828, 100003, -0.0829061
0.4225, 1.33261, 111.516, 149846, 0.137903, 0.0227828, 100003, -0.077905
0.4275, 1.33048, 110.811, 149471, 0.137903, 0.0227828, 100003, -0.0729012
0.4325, 1.32117, 108.015, 148018, 0.137903, 0.0227828, 100003, -0.0678847
0.4375, 1.28399, 97.0462, 142333, 0.137903, 0.0227828, 100003, -0.0628286
0.4425, 1.20388, 72.0914, 130140, 0.137903, 0.0227828, 100003, -0.0577269
0.4475, 1.11983, 43.7218, 117467, 0.137903, 0.0227828, 100003, -0.0526314
0.4525, 1.06314, 23.4099, 109066, 0.137903, 0.0227828, 100003, -0.0475683
0.4575, 1.03099, 11.5637, 104400, 0.137903, 0.0227828, 100003, -0.0425332
0.4625, 1.01459, 5.45431, 102057, 0.137903, 0.0227828, 100003, -0.0375156
0.4675, 1.00672, 2.5121, 100943, 0.137903, 0.0227828, 100003, -0.0325073
0.4725, 1.00306, 1.14313, 100428, 0.137903, 0.0227828, 100003, -0.0275034
0.4775, 1.00138, 0.516931, 100194, 0.137903, 0.0227828, 100003, -0.0225016
0.4825, 1.00062, 0.233137, 100087, 0.137903, 0.0227828, 100003, -0.0175009
0.4875, 1.00028, 0.10517, 100039, 0.137903, 0.0227828, 100003, -0.0125005
0.4925, 1.00011, 0.0479523, 100016, 0.137903, 0.0227828, 100003, -0.00750033
0.4975, 1.00004, 0.0261303, 100006, 0.137903, 0.0226128, 100003, -0.00250027
0.5025, 1.00002, 0.0223745, 100003, 0.137903, 0.0217859, 100003, 0.00249974
0.5075, 1.00002, 0.0227828, 100003, 0.137902, 0.0155554, 100002, 0.00749976
0.5125, 1.00002, 0.0227828, 100003, 0.137901, 0.0110655, 100002, 0.0124998
0.5175, 1.00002, 0.0227828, 100003, 0.137901, 0.00783236, 100001, 0.0174998
0.5225, 1.00002, 0.0227828, 100003, 0.137901, 0.0055071, 100001, 0.0224998
0.5275, 1.00002, 0.0227828, 100003, 0.1379, 0.00383733, 100001, 0.0274998
0.5325, 1.00002, 0.0227828, 100003, 0.1379, 0.00264033, 100000, 0.0324998
0.5375, 1.00002, 0.0227828, 100003, 0.1379, 0.00178341, 100000, 0.0374998
0.5425, 1.00002, 0.0227828, 100003, 0.1379, 0.00116989, 100000, 0.0424998
0.5475, 1.00002, 0.0227828, 100003, 0.1379, 0.000729933, 100000, 0.0474998
0.5525, 1.00002, 0.0227828, 100003, 0.1379, 0.000413626, 100000, 0.0524998
0.5575, 1.00002, 0.0227828, 100003, 0.1379, 0.000185014, 100000, 0.0574998
0.5625, 1.00002, 0.0227828, 100003, 0.1379, 1.8232e-05, 100000, 0.0624998
0.5675, 1.00002, 0.0227828, 100003, 0.1379, -0.000104506, 100000, 0.0674998
0.5725, 1.00002, 0.0227828, 100003, 0.1379, -0.000195091, 100000, 0.0724998
0.5775, 1.00002, 0.0227828, 100003, 0.1379, -0.000261866, 100000, 0.0774998
0.5825, 1.00002, 0.0227828, 100003, 0.1379, -0.000311049, 100000, 0.0824998
0.5875, 1.00002, 0.0227828, 100003, 0.1379, -0.000347212, 99999.9, 0.0874998
0.5925, 1.00002, 0.0227828, 100003, 0.1379, -0.000373528, 99999.9, 0.0924998
0.5975, 1.00002, 0.0227828, 100003, 0.1379, -0.000392197, 99999.9, 0.0974998
0.6025, 1.00002, 0.0227828, 100003, 0.1379, -0.000404985, 99999.9, 0.1025
0.6075, 1.00002, 0.0227828, 100003, 0.1379, -0.000413509, 99999.9, 0.1075
0.6125, 1.00002, 0.0227828, 100003, 0.1379, -0.000419169, 99999.9, 0.1125
0.6175, 1.00002, 0.0227828, 100003, 0.1379, -0.000422987, 99999.9, 0.1175
0.6225, 1.00002, 0.0227828, 100003, 0.1379, -0.000425602, 99999.9, 0.1225
0.6275, 1.00002, 0.0227828, 100003, 0.1379, -0.000427389, 99999.9, 0.1275
0.6325, 1.00002, 0.0227828, 100003, 0.1379, -0.000428585, 99999.9, 0.1325
0.6375, 1.00002, 0.0227828, 100003, 0.1379, -0.000429354, 99999.9, 0.1375
0.6425, 1.00002, 0.0227828, 100003, 0.1379, -0.00042982, 99999.9, 0.1425
0.6475, 1.00002, 0.0227828, 100003, 0.1379, -0.000430081, 99999.9, 0.1475
0.6525, 1.00002, 0.0227828, 100003, 0.1379, -0.00043021, 99999.9, 0.1525
0.6575, 1.00002, 0.0227828, 100003, 0.1379, -0.000430265, 99999.9, 0.1575
0.6625, 1.00002, 0.0227828, 100003, 0.1379, -0.000430282, 99999.9, 0.1625
0.6675, 1.00002, 0.0227828, 100003, 0.1379, -0.000430284, 99999.9, 0.1675
0.6725, 1.00002, 0.0227828, 100003, 0.1379, -0.000430275, 99999.9, 0.1725
0.6775, 1.00002, 0.0227828, 100003, 0.1379, -0.000430253, 99999.9, 0.1775
0.6825, 1.00002, 0.0227828, 100003, 0.1379, -0.000430234, 99999.9, 0.1825
0.6875, 1.00002, 0.0227828, 100003, 0.1379, -0.000430218, 99999.9, 0.1875
0.6925, 1.00002, 0.0227828, 100003, 0.1379, -0.000430204, 99999.9, 0.1925
0.6975, 1.00002, 0.0227828, 100003, 0.1379, -0.000430192, 99999.9, 0.1975
0.7025, 1.00002, 0.0227828, 100003, 0.1379, -0.000430184, 99999.9, 0.2025
0.7075, 1.00002, 0.0227828, 100003, 0.1379, -0.000430177, 99999.9, 0.2075
0.7125, 1.00002, 0.0227828, 100003, 0.1379, -0.000430172, 99999.9, 0.2125
0.7175, 1.00002, 0.0227828, 100003, 0.1379, -0.000430169, 99999.9, 0.2175
0.7225, 1.00002, 0.0227828, 100003, 0.1379, -0.000430166, 99999.9, 0.2225
0.7275, 1.00002, 0.0227828, 100003, 0.1379, -0.000430164, 99999.9, 0.2275
0.7325, 1.00002, 0.0227828, 100003, 0.1379, -0.000430163, 99999.9, 0.2325
0.7375, 1.00002, 0.0227828, 100003, 0.1379, -0.000430162, 99999.9, 0.2375
0.7425, 1.00002, 0.0227828, 100003, 0.1379, -0.000430161, 99999.9, 0.2425
0.7475, 1.00002, 0.0227828, 100003, 0.1379, -0.000430161, 99999.9, 0.2475
0.7525, 1.00002, 0.0227828, 100003, 0.1379, -0.000430161, 99999.9, 0.2525
0.7575, 1.00002, 0.0227828, 100003, 0.1379, -0.00043016, 99999.9, 0.2575
0.7625, 1.00002, 0.0227828, 100003, 0.1379, -0.00043016, 99999.9, 0.2625
0.7675, 1.00002, 0.0227828, 100003, 0.1379, -0.00043016, 99999.9, 0.2675
0.7725, 1.00002, 0.0227828, 100003, 0.1379, -0.00043016, 99999.9, 0.2725
0.7775, 1.00002, 0.0227828, 100003, 0.1379, -0.00043016, 99999.9, 0.2775
0.7825, 1.00002, 0.0227828, 100003, 0.1379, -0.00043016, 99999.9, 0.2825
0.7875, 1.00002, 0.0227828, 100003, 0.1379, -0.00043016, 99999.9, 0.2875
0.7925, 1.00002, 0.0227828, 100003, 0.1379, -0.00043016, 99999.9, 0.2925
0.7975, 1.00002, 0.0227828, 100003, 0.1379, -0.00043016, 99999.9, 0.2975
0.8025, 1.00002, 0.0227828, 100003, 0.1379, -0.00043016, 99999.9, 0.3025
0.8075, 1.00002, 0.0227828, 100003, 0.1379, -0.00043016, 99999.9, 0.3075
0.8125, 1.00002, 0.0227828, 100003, 0.1379, -0.00043016, 99999.9, 0.3125
0.8175, 1.00002, 0.0227828, 100003, 0.1379, -0.00043016, 99999.9, 0.3175
0.8225, 1.00002, 0.0227828, 100003, 0.1379, -0.00043016, 99999.9, 0.3225
0.8275, 1.00002, 0.0227828, 100003, 0.1379, -0.00043016, 99999.9, 0.3275
0.8325, 1.00002, 0.0227828, 100003, 0.1379, -0.00043016, 99999.9, 0.3325
0.8375, 1.00002, 0.0227828, 100003, 0.1379, -0.00043016, 99999.9, 0.3375
0.8425, 1.00002, 0.0227828, 100003, 0.1379, -0.00043016, 99999.9, 0.3425
0.8475, 1.00002, 0.0227828, 100003, 0.1379, -0.00043016, 99999.9, 0.3475
0.8525, 1.00002, 0.0227828, 100003, 0.1379, -0.00043016, 99999.9, 0.3525
0.8575, 1.00002, 0.0227828, 100003, 0.1379, -0.00043016, 99999.9, 0.3575
0.8625, 1.00002, 0.0227828, 100003, 0.1379, -0.00043016, 99999.9, 0.3625
0.8675, 1.00002, 0.0227828, 100003, 0.1379, -0.00043016, 99999.9, 0.3675
0.8725, 1.00002, 0.0227828, 100003, 0.1379, -0.00043016, 99999.9, 0.3725
0.8775, 1.00002, 0.0227828, 100003, 0.1379, -0.00043016, 99999.9, 0.3775
0.8825, 1.00002, 0.0227828, 100003, 0.1379, -0.00043016, 99999.9, 0.3825
0.8875, 1.00002, 0.0227828, 100003, 0.1379, -0.00043016, 99999.9, 0.3875
0.8925, 1.00002, 0.0227828, 100003, 0.1379, -0.00043016, 99999.9, 0.3925
0.8975, 1.00002, 0.0227828, 100003, 0.1379, -0.00043016, 99999.9, 0.3975
0.9025, 1.00002, 0.0227828, 100003, 0.1379, -0.00043016, 99999.9, 0.4025
0.9075, 1.00002, 0.0227828, 100003, 0.1379, -0.00043016, 99999.9, 0.4075
0.9125, 1.00002, 0.0227828, 100003, 0.1379, -0.00043016, 99999.9, 0.4125
0.9175, 1.00002, 0.0227828, 100003, 0.1379, -0.00043016, 99999.9, 0.4175
0.9225, 1.00002, 0.0227828, 100003, 0.1379, -0.00043016, 99999.9, 0.4225
0.9275, 1.00002, 0.0227828, 100003, 0.1379, -0.000430161, 99999.9, 0.4275
0.9325, 1.00002, 0.0227828, 100003, 0.1379, -0.000430161, 99999.9, 0.4325
0.9375, 1.00002, 0.0227828, 100003, 0.1379, -0.000430161, 99999.9, 0.4375
0.9425, 1.00002, 0.0227828, 100003, 0.1379, -0.000430161, 99999.9, 0.4425
0.9475, 1.00002, 0.0227828, 100003, 0.1379, -0.000430161, 99999.9, 0.4475
0.9525, 1.00002, 0.0227828, 100003, 0.1379, -0.000430161, 99999.9, 0.4525
0.9575, 1.00002, 0.0227828, 100003, 0.1379, -0.000430161, 99999.9, 0.4575
0.9625, 1.00002, 0.0227828, 100003, 0.1379, -0.000430161, 99999.9, 0.4625
0.9675, 1.00002, 0.0227828, 100003, 0.1379, -0.00043016, 99999.9, 0.4675
0.9725, 1.00002, 0.0227828, 100003, 0.1379, -0.00043016, 99999.9, 0.4725
0.9775, 1.00002, 0.0227828, 100003, 0.1379, -0.00043016, 99999.9, 0.4775
0.9825, 1.00002, 0.0227828, 100003, 0.1379, -0.00043016, 99999.9, 0.4825
0.9875, 1.00002, 0.0227828, 100003, 0.1379, -0.00043016, 99999.9, 0.4875
0.9925, 1.00002, 0.0227828, 100003, 0.1379, -0.00043016, 99999.9, 0.4925
0.9975, 1.00002, 0.0227828, 100003, 0.1379, -0.000430159, 99999.9, 0.4975
