0.0025, 1.33275, 111.854, 149964, 0.1379, -0.000238511, 99999.9, -0.4975
0.0075, 1.33278, 111.847, 149968, 0.1379, -0.000238511, 99999.9, -0.492907
0.0125, 1.33281, 111.838, 149973, 0.1379, -0.000238511, 99999.9, -0.487906
0.0175, 1.33284, 111.831, 149976, 0.1379, -0.000238511, 99999.9, -0.482906
0.0225, 1.33286, 111.826, 149979, 0.1379, -0.000238511, 99999.9, -0.477906
0.0275, 1.33288, 111.823, 149981, 0.1379, -0.000238511, 99999.9, -0.472906
0.0325, 1.3329, 111.821, 149982, 0.1379, -0.000238511, 99999.9, -0.467906
0.0375, 1.33291, 111.82, 149982, 0.1379, -0.000238511, 99999.9, -0.462906
0.0425, 1.33291, 111.82, 149982, 0.1379, -0.000238511, 99999.9, -0.457906
0.0475, 1.33291, 111.82, 149982, 0.1379, -0.000238511, 99999.9, -0.452906
0.0525, 1.33291, 111.82, 149982, 0.1379, -0.000238511, 99999.9, -0.447906
0.0575, 1.3329, 111.82, 149982, 0.1379, -0.000238511, 99999.9, -0.442906
0.0625, 1.33288, 111.82, 149982, 0.1379, -0.000238511, 99999.9, -0.437906
0.0675, 1.33283, 111.818, 149984, 0.1379, -0.000238511, 99999.9, -0.432906
0.0725, 1.33271, 111.814, 149986, 0.1379, -0.000238511, 99999.9, -0.427906
0.0775, 1.33236, 111.81, 149987, 0.1379, -0.000238511, 99999.9, -0.422906
0.0825, 1.33169, 111.807, 149989, 0.1379, -0.000238511, 99999.9, -0.417906
0.0875, 1.33093, 111.804, 149990, 0.1379, -0.000238511, 99999.9, -0.412906
0.0925, 1.3303, 111.803, 149991, 0.1379, -0.000238511, 99999.9, -0.407906
0.0975, 1.32988, 111.803, 149992, 0.1379, -0.000238511, 99999.9, -0.402906
0.1025, 1.32967, 111.803, 149992, 0.1379, -0.000238511, 99999.9, -0.397906
0.1075, 1.32959, 111.804, 149991, 0.1379, -0.000238511, 99999.9, -0.392906
0.1125, 1.3296, 111.806, 149990, 0.1379, -0.000238511, 99999.9, -0.387906
0.1175, 1.32982, 111.809, 149988, 0.1379, -0.000238511, 99999.9, -0.382906
0.1225, 1.33045, 111.812, 149987, 0.1379, -0.000238511, 99999.9, -0.377906
0.1275, 1.33136, 111.811, 149987, 0.1379, -0.000238511, 99999.9, -0.372906
0.1325, 1.33217, 111.809, 149988, 0.1379, -0.000238511, 99999.9, -0.367906
0.1375, 1.33275, 111.807, 149988, 0.1379, -0.000238511, 99999.9, -0.362906
0.1425, 1.33315, 111.804, 149989, 0.1379, -0.000238511, 99999.9, -0.357906
0.1475, 1.33339, 111.802, 149990, 0.1379, -0.000238511, 99999.9, -0.352906
0.1525, 1.33351, 111.802, 149990, 0.1379, -0.000238511, 99999.9, -0.347906
0.1575, 1.33356, 111.804, 149990, 0.1379, -0.000238511, 99999.9, -0.342906
0.1625, 1.33357, 111.806, 149991, 0.1379, -0.000238511, 99999.9, -0.337906
0.1675, 1.33355, 111.807, 149991, 0.1379, -0.000238511, 99999.9, -0.332906
0.1725, 1.33345, 111.809, 149991, 0.1379, -0.000238511, 99999.9, -0.327906
0.1775, 1.3332, 111.807, 149994, 0.1379, -0.000238511, 99999.9, -0.322906
0.1825, 1.33286, 111.804, 149998, 0.1379, -0.000238511, 99999.9, -0.317906
0.1875, 1.33253, 111.798, 150000, 0.1379, -0.000238511, 99999.9, -0.312906
0.1925, 1.33225, 111.78, 149997, 0.1379, -0.000238511, 99999.9, -0.307906
0.1975, 1.332, 111.735, 149970, 0.1379, -0.000238511, 99999.9, -0.302906
0.2025, 1.3317, 111.567, 149874, 0.1379, -0.000238511, 99999.9, -0.297905
0.2075, 1.33043, 110.973, 149554, 0.1379, -0.000238511, 99999.9, -0.292902
0.2125, 1.32398, 108.738, 148391, 0.1379, -0.000238511, 99999.9, -0.287888
0.2175, 1.29221, 99.3541, 143500, 0.1379, -0.000238511, 99999.9, -0.282839
0.2225, 1.21518, 75.7625, 131856, 0.1379, -0.000238511, 99999.9, -0.27774
0.2275, 1.12797, 46.6041, 118699, 0.1379, -0.000238511, 99999.9, -0.27264
0.2325, 1.0673, 24.9447, 109681, 0.1379, -0.000238511, 99999.9, -0.267572
0.2375, 1.03261, 12.1714, 104635, 0.1379, -0.000238511, 99999.9, -0.262535
0.2425, 1.01499, 5.60676, 102115, 0.1379, -0.000238511, 99999.9, -0.257516
0.2475, 1.00666, 2.49286, 100936, 0.1379, -0.000238511, 99999.9, -0.252507
0.2525, 1.00289, 1.08163, 100405, 0.1379, -0.000238511, 99999.9, -0.247503
0.2575, 1.00123, 0.459996, 100172, 0.1379, -0.000238511, 99999.9, -0.242501
0.2625, 1.00051, 0.191953, 100072, 0.1379, -0.000238511, 99999.9, -0.237501
0.2675, 1.00021, 0.0785635, 100029, 0.1379, -0.000238511, 99999.9, -0.2325
0.2725, 1.00008, 0.0315065, 100012, 0.1379, -0.000238511, 99999.9, -0.2275
0.2775, 1.00003, 0.0123659, 100005, 0.1379, -0.000238511, 99999.9, -0.2225
0.2825, 1.00001, 0.00474462, 100002, 0.1379, -0.000238511, 99999.9, -0.2175
0.2875, 1, 0.00177772, 100001, 0.1379, -0.000238511, 99999.9, -0.2125
0.2925, 1, 0.000649822, 100000, 0.1379, -0.000238511, 99999.9, -0.2075
0.2975, 1, 0.000231539, 100000, 0.1379, -0.000238511, 99999.9, -0.2025
0.3025, 1, 8.03566e-05, 100000, 0.1379, -0.000238511, 99999.9, -0.1975
0.3075, 1, 2.71458e-05, 100000, 0.1379, -0.000238511, 99999.9, -0.1925
0.3125, 1, 8.92532e-06, 100000, 0.1379, -0.000238511, 99999.9, -0.1875
0.3175, 1, 2.88087e-06, 100000, 0.1379, -0.000238511, 99999.9, -0.1825
0.3225, 1, 1.00442e-06, 100000, 0.1379, -0.000238511, 99999.9, -0.1775
0.3275, 1, 5.68295e-07, 100000, 0.1379, -0.000238511, 99999.9, -0.1725
0.3325, 1, 6.86091e-07, 100000, 0.1379, -0.000238511, 99999.9, -0.1675
0.3375, 1, 1.32522e-06, 100000, 0.1379, -0.000238511, 99999.9, -0.1625
0.3425, 1, 2.43822e-06, 100000, 0.1379, -0.000238511, 99999.9, -0.1575
0.3475, 1, 3.65957e-06, 100000, 0.1379, -0.000238511, 99999.9, -0.1525
0.3525, 1, 4.71865e-06, 100000, 0.1379, -0.000238511, 99999.9, -0.1475
0.3575, 1, 5.5319e-06, 100000, 0.1379, -0.000238511, 99999.9, -0.1425
0.3625, 1, 6.11666e-06, 100000, 0.1379, -0.000238511, 99999.9, -0.1375
0.3675, 1, 6.50905e-06, 100000, 0.1379, -0.000238511, 99999.9, -0.1325
0.3725, 1, 6.75232e-06, 100000, 0.1379, -0.000238511, 99999.9, -0.1275
0.3775, 1, 6.88864e-06, 100000, 0.1379, -0.000238511, 99999.9, -0.1225
0.3825, 1, 6.9541e-06, 100000, 0.1379, -0.000238511, 99999.9, -0.1175
0.3875, 1, 6.9775e-06, 100000, 0.1379, -0.000238511, 99999.9, -0.1125
0.3925, 1, 6.98093e-06, 100000, 0.1379, -0.000238511, 99999.9, -0.1075
0.3975, 1, 6.97015e-06, 100000, 0.1379, -0.000238511, 99999.9, -0.1025
0.4025, 1, 6.93462e-06, 100000, 0.1379, -0.000238511, 99999.9, -0.0975
0.4075, 1, 6.89201e-06, 100000, 0.1379, -0.000238511, 99999.9, -0.0925
0.4125, 1, 6.8614e-06, 100000, 0.1379, -0.000238511, 99999.9, -0.0875
0.4175, 1, 6.84328e-06, 100000, 0.1379, -0.000238511, 99999.9, -0.0825
0.4225, 1, 6.83381e-06, 100000, 0.1379, -0.000238511, 99999.9, -0.0775
0.4275, 1, 6.82985e-06, 100000, 0.1379, -0.000238511, 99999.9, -0.0725
0.4325, 1, 6.8289e-06, 100000, 0.1379, -0.000238511, 99999.9, -0.0675
0.4375, 1, 6.8293e-06, 100000, 0.1379, -0.000238511, 99999.9, -0.0625
0.4425, 1, 6.8322e-06, 100000, 0.1379, -0.000238511, 99999.9, -0.0575
0.4475, 1, 6.8372e-06, 100000, 0.1379, -0.000238511, 99999.9, -0.0525
0.4525, 1, 6.8415e-06, 100000, 0.1379, -0.000238511, 99999.9, -0.0475
0.4575, 1, 6.84413e-06, 100000, 0.1379, -0.000238511, 99999.9, -0.0425
0.4625, 1, 6.84553e-06, 100000, 0.1379, -0.000238511, 99999.9, -0.0375
0.4675, 1, 6.84605e-06, 100000, 0.1379, -0.000238511, 99999.9, -0.0325
0.4725, 1, 6.84575e-06, 100000, 0.1379, -0.000238511, 99999.9, -0.0275
0.4775, 1, 6.84255e-06, 100000, 0.1379, -0.000238511, 99999.9, -0.0225
0.4825, 1, 6.81667e-06, 100000, 0.1379, -0.000238511, 99999.9, -0.0175
0.4875, 1, 6.54243e-06, 100000, 0.1379, -0.000238511, 99999.9, -0.0125
0.4925, 1, 3.67405e-06, 100000, 0.1379, -0.000238511, 99999.9, -0.00749998
0.4975, 1, -4.9013e-05, 100000, 0.1379, -0.00039183, 99999.9, -0.00249998
0.5025, 1, -0.000171773, 99999.9, 0.1379, -0.000428009, 99999.9, 0.00250002
0.5075, 0.999999, -0.000238511, 99999.9, 0.1379, -0.000430158, 99999.9, 0.00750002
0.5125, 0.999999, -0.000238511, 99999.9, 0.1379, -0.00043016, 99999.9, 0.0125
0.5175, 0.999999, -0.000238511, 99999.9, 0.1379, -0.000430161, 99999.9, 0.0175
0.5225, 0.999999, -0.000238511, 99999.9, 0.1379, -0.000430161, 99999.9, 0.0225
0.5275, 0.999999, -0.000238511, 99999.9, 0.1379, -0.000430161, 99999.9, 0.0275
0.5325, 0.999999, -0.000238511, 99999.9, 0.1379, -0.000430162, 99999.9, 0.0325
0.5375, 0.999999, -0.000238511, 99999.9, 0.1379, -0.000430162, 99999.9, 0.0375
0.5425, 0.999999, -0.000238511, 99999.9, 0.1379, -0.000430162, 99999.9, 0.0425
0.5475, 0.999999, -0.000238511, 99999.9, 0.1379, -0.000430162, 99999.9, 0.0475
0.5525, 0.999999, -0.000238511, 99999.9, 0.1379, -0.000430162, 99999.9, 0.0525
0.5575, 0.999999, -0.000238511, 99999.9, 0.1379, -0.000430162, 99999.9, 0.0575
0.5625, 0.999999, -0.000238511, 99999.9, 0.1379, -0.000430162, 99999.9, 0.0625
0.5675, 0.999999, -0.000238511, 99999.9, 0.1379, -0.000430162, 99999.9, 0.0675
0.5725, 0.999999, -0.000238511, 99999.9, 0.1379, -0.000430161, 99999.9, 0.0725
0.5775, 0.999999, -0.000238511, 99999.9, 0.1379, -0.00043016, 99999.9, 0.0775
0.5825, 0.999999, -0.000238511, 99999.9, 0.1379, -0.000430159, 99999.9, 0.0825
0.5875, 0.999999, -0.000238511, 99999.9, 0.1379, -0.000430158, 99999.9, 0.0875
0.5925, 0.999999, -0.000238511, 99999.9, 0.1379, -0.000430157, 99999.9, 0.0925
0.5975, 0.999999, -0.000238511, 99999.9, 0.1379, -0.000430156, 99999.9, 0.0975
0.6025, 0.999999, -0.000238511, 99999.9, 0.1379, -0.000430154, 99999.9, 0.1025
0.6075, 0.999999, -0.000238511, 99999.9, 0.1379, -0.000430153, 99999.9, 0.1075
0.6125, 0.999999, -0.000238511, 99999.9, 0.1379, -0.000430152, 99999.9, 0.1125
0.6175, 0.999999, -0.000238511, 99999.9, 0.1379, -0.000430151, 99999.9, 0.1175
0.6225, 0.999999, -0.000238511, 99999.9, 0.1379, -0.00043015, 99999.9, 0.1225
0.6275, 0.999999, -0.000238511, 99999.9, 0.1379, -0.000430149, 99999.9, 0.1275
0.6325, 0.999999, -0.000238511, 99999.9, 0.1379, -0.000430148, 99999.9, 0.1325
0.6375, 0.999999, -0.000238511, 99999.9, 0.1379, -0.000430148, 99999.9, 0.1375
0.6425, 0.999999, -0.000238511, 99999.9, 0.1379, -0.000430148, 99999.9, 0.1425
0.6475, 0.999999, -0.000238511, 99999.9, 0.1379, -0.000430148, 99999.9, 0.1475
0.6525, 0.999999, -0.000238511, 99999.9, 0.1379, -0.000430148, 99999.9, 0.1525
0.6575, 0.999999, -0.000238511, 99999.9, 0.1379, -0.000430149, 99999.9, 0.1575
0.6625, 0.999999, -0.000238511, 99999.9, 0.1379, -0.00043015, 99999.9, 0.1625
0.6675, 0.999999, -0.000238511, 99999.9, 0.1379, -0.000430151, 99999.9, 0.1675
0.6725, 0.999999, -0.000238511, 99999.9, 0.1379, -0.000430152, 99999.9, 0.1725
0.6775, 0.999999, -0.000238511, 99999.9, 0.1379, -0.000430154, 99999.9, 0.1775
0.6825, 0.999999, -0.000238511, 99999.9, 0.1379, -0.000430156, 99999.9, 0.1825
0.6875, 0.999999, -0.000238511, 99999.9, 0.1379, -0.000430159, 99999.9, 0.1875
0.6925, 0.999999, -0.000238511, 99999.9, 0.1379, -0.000430162, 99999.9, 0.1925
0.6975, 0.999999, -0.000238511, 99999.9, 0.1379, -0.000430167, 99999.9, 0.1975
0.7025, 0.999999, -0.000238511, 99999.9, 0.1379, -0.000430172, 99999.9, 0.2025
0.7075, 0.999999, -0.000238511, 99999.9, 0.1379, -0.000430177, 99999.9, 0.2075
0.7125, 0.999999, -0.000238511, 99999.9, 0.1379, -0.000430181, 99999.9, 0.2125
0.7175, 0.999999, -0.000238511, 99999.9, 0.1379, -0.000430184, 99999.9, 0.2175
0.7225, 0.999999, -0.000238511, 99999.9, 0.1379, -0.000430186, 99999.9, 0.2225
0.7275, 0.999999, -0.000238511, 99999.9, 0.1379, -0.000430187, 99999.9, 0.2275
0.7325, 0.999999, -0.000238511, 99999.9, 0.1379, -0.000430187, 99999.9, 0.2325
0.7375, 0.999999, -0.000238511, 99999.9, 0.1379, -0.000430187, 99999.9, 0.2375
0.7425, 0.999999, -0.000238511, 99999.9, 0.1379, -0.000430184, 99999.9, 0.2425
0.7475, 0.999999, -0.000238511, 99999.9, 0.1379, -0.000430178, 99999.9, 0.2475
0.7525, 0.999999, -0.000238511, 99999.9, 0.1379, -0.000430167, 99999.9, 0.2525
0.7575, 0.999999, -0.000238511, 99999.9, 0.1379, -0.000430154, 99999.9, 0.2575
0.7625, 0.999999, -0.000238511, 99999.9, 0.1379, -0.000430137, 99999.9, 0.2625
0.7675, 0.999999, -0.000238511, 99999.9, 0.1379, -0.000430117, 99999.9, 0.2675
0.7725, 0.999999, -0.000238511, 99999.9, 0.1379, -0.000430093, 99999.9, 0.2725
0.7775, 0.999999, -0.000238511, 99999.9, 0.1379, -0.000430069, 99999.9, 0.2775
0.7825, 0.999999, -0.000238511, 99999.9, 0.1379, -0.000430046, 99999.9, 0.2825
0.7875, 0.999999, -0.000238511, 99999.9, 0.1379, -0.000430024, 99999.9, 0.2875
0.7925, 0.999999, -0.000238511, 99999.9, 0.1379, -0.000430003, 99999.9, 0.2925
0.7975, 0.999999, -0.000238511, 99999.9, 0.1379, -0.000429983, 99999.9, 0.2975
0.8025, 0.999999, -0.000238511, 99999.9, 0.1379, -0.00042996, 99999.9, 0.3025
0.8075, 0.999999, -0.000238511, 99999.9, 0.1379, -0.000429934, 99999.9, 0.3075
0.8125, 0.999999, -0.000238511, 99999.9, 0.1379, -0.000429901, 99999.9, 0.3125
0.8175, 0.999999, -0.000238511, 99999.9, 0.1379, -0.000429868, 99999.9, 0.3175
0.8225, 0.999999, -0.000238511, 99999.9, 0.1379, -0.000429838, 99999.9, 0.3225
0.8275, 0.999999, -0.000238511, 99999.9, 0.1379, -0.000429816, 99999.9, 0.3275
0.8325, 0.999999, -0.000238511, 99999.9, 0.1379, -0.000429803, 99999.9, 0.3325
0.8375, 0.999999, -0.000238511, 99999.9, 0.1379, -0.000429797, 99999.9, 0.3375
0.8425, 0.999999, -0.000238511, 99999.9, 0.1379, -0.000429797, 99999.9, 0.3425
0.8475, 0.999999, -0.000238511, 99999.9, 0.1379, -0.000429805, 99999.9, 0.3475
0.8525, 0.999999, -0.000238511, 99999.9, 0.1379, -0.000429845, 99999.9, 0.3525
0.8575, 0.999999, -0.000238511, 99999.9, 0.1379, -0.000429921, 99999.9, 0.3575
0.8625, 0.999999, -0.000238511, 99999.9, 0.1379, -0.000429986, 99999.9, 0.3625
0.8675, 0.999999, -0.000238511, 99999.9, 0.1379, -0.000430031, 99999.9, 0.3675
0.8725, 0.999999, -0.000238511, 99999.9, 0.1379, -0.000430056, 99999.9, 0.3725
0.8775, 0.999999, -0.000238511, 99999.9, 0.1379, -0.000430066, 99999.9, 0.3775
0.8825, 0.999999, -0.000238511, 99999.9, 0.1379, -0.000430066, 99999.9, 0.3825
0.8875, 0.999999, -0.000238511, 99999.9, 0.1379, -0.000430051, 99999.9, 0.3875
0.8925, 0.999999, -0.000238511, 99999.9, 0.1379, -0.000429972, 99999.9, 0.3925
0.8975, 0.999999, -0.000238511, 99999.9, 0.1379, -0.000429698, 99999.9, 0.3975
0.9025, 0.999999, -0.000238511, 99999.9, 0.1379, -0.000428833, 99999.9, 0.4025
0.9075, 0.999999, -0.000238511, 99999.9, 0.1379, -0.000426214, 99999.9, 0.4075
0.9125, 0.999999, -0.000238511, 99999.9, 0.1379, -0.000418245, 99999.9, 0.4125
0.9175, 0.999999, -0.000238511, 99999.9, 0.1379, -0.000392223, 99999.9, 0.4175
0.9225, 0.999999, -0.000238511, 99999.9, 0.1379, -0.000324495, 100000, 0.4225
0.9275, 0.999999, -0.000238511, 99999.9, 0.1379, -0.000236982, 100000, 0.4275
0.9325, 0.999999, -0.000238511, 99999.9, 0.1379, -0.000159416, 100000, 0.4325
0.9375, 0.999999, -0.000238511, 99999.9, 0.1379, -9.94071e-05, 100000, 0.4375
0.9425, 0.999999, -0.000238511, 99999.9, 0.1379, -5.73913e-05, 100000, 0.4425
0.9475, 0.999999, -0.000238511, 99999.9, 0.1379, -3.06349e-05, 100000, 0.4475
0.9525, 0.999999, -0.000238511, 99999.9, 0.1379, -1.50941e-05, 100000, 0.4525
0.9575, 0.999999, -0.000238511, 99999.9, 0.1379, -6.85087e-06, 100000, 0.4575
0.9625, 0.999999, -0.000238511, 99999.9, 0.1379, -2.85735e-06, 100000, 0.4625
0.9675, 0.999999, -0.000238511, 99999.9, 0.1379, -1.09188e-06, 100000, 0.4675
0.9725, 0.999999, -0.000238511, 99999.9, 0.1379, -3.80919e-07, 100000, 0.4725
0.9775, 0.999999, -0.000238511, 99999.9, 0.1379, -1.20804e-07, 100000, 0.4775
0.9825, 0.999999, -0.000238511, 99999.9, 0.1379, -3.4648e-08, 100000, 0.4825
0.9875, 0.999999, -0.000238511, 99999.9, 0.1379, -8.93148e-09, 100000, 0.4875
0.9925, 0.999999, -0.000238511, 99999.9, 0.1379, -2.05269e-09, 100000, 0.4925
0.9975, 0.999999, -0.000238511, 99999.9, 0.1379, -4.11566e-10, 100000, 0.4975
