0.0025, 1.33294, 111.796, 149995, 0.158329, 155.576, 125945, -0.506427
0.0075, 1.33294, 111.796, 149995, 0.158329, 155.576, 125945, -0.501768
0.0125, 1.33294, 111.796, 149995, 0.158329, 155.576, 125945, -0.496768
0.0175, 1.33294, 111.796, 149995, 0.158329, 155.576, 125945, -0.491768
0.0225, 1.33294, 111.797, 149995, 0.158329, 155.576, 125945, -0.486768
0.0275, 1.33294, 111.798, 149994, 0.158329, 155.576, 125945, -0.481768
0.0325, 1.33293, 111.799, 149993, 0.158329, 155.576, 125945, -0.476768
0.0375, 1.33293, 111.8, 149993, 0.158329, 155.576, 125945, -0.471768
0.0425, 1.33293, 111.8, 149993, 0.158329, 155.576, 125945, -0.466768
0.0475, 1.33293, 111.8, 149993, 0.158329, 155.576, 125945, -0.461768
0.0525, 1.33293, 111.8, 149993, 0.158329, 155.576, 125945, -0.456768
0.0575, 1.33293, 111.8, 149993, 0.158329, 155.576, 125945, -0.451768
0.0625, 1.33293, 111.8, 149993, 0.158329, 155.576, 125945, -0.446768
0.0675, 1.33294, 111.798, 149994, 0.158329, 155.576, 125945, -0.441768
0.0725, 1.33294, 111.797, 149995, 0.158329, 155.576, 125945, -0.436768
0.0775, 1.33295, 111.795, 149995, 0.158329, 155.576, 125945, -0.431768
0.0825, 1.33296, 111.794, 149996, 0.158329, 155.576, 125945, -0.426768
0.0875, 1.33297, 111.793, 149996, 0.158329, 155.576, 125945, -0.421768
0.0925, 1.33298, 111.793, 149997, 0.158329, 155.576, 125945, -0.416768
0.0975, 1.33298, 111.793, 149997, 0.158329, 155.576, 125945, -0.411768
0.1025, 1.33298, 111.793, 149997, 0.158329, 155.576, 125945, -0.406768
0.1075, 1.33298, 111.794, 149996, 0.158329, 155.576, 125945, -0.401768
0.1125, 1.33298, 111.795, 149995, 0.158329, 155.576, 125945, -0.396768
0.1175, 1.33297, 111.797, 149994, 0.158329, 155.576, 125945, -0.391768
0.1225, 1.33296, 111.799, 149993, 0.158329, 155.576, 125945, -0.386768
0.1275, 1.33293, 111.8, 149992, 0.158329, 155.576, 125945, -0.381768
0.1325, 1.33286, 111.801, 149992, 0.158329, 155.576, 125945, -0.376768
0.1375, 1.3327, 111.801, 149992, 0.158329, 155.576, 125945, -0.371768
0.1425, 1.33238, 111.801, 149993, 0.158329, 155.576, 125945, -0.366768
0.1475, 1.33198, 111.8, 149993, 0.158329, 155.576, 125945, -0.361768
0.1525, 1.33157, 111.8, 149993, 0.158329, 155.576, 125945, -0.356768
0.1575, 1.33124, 111.8, 149993, 0.158329, 155.576, 125945, -0.351768
0.1625, 1.33099, 111.799, 149994, 0.158329, 155.576, 125945, -0.346768
0.1675, 1.33083, 111.798, 149994, 0.158329, 155.576, 125945, -0.341768
0.1725, 1.33074, 111.796, 149995, 0.158329, 155.576, 125945, -0.336768
0.1775, 1.33071, 111.795, 149996, 0.158329, 155.576, 125945, -0.331768
0.1825, 1.3307, 111.793, 149996, 0.158329, 155.576, 125945, -0.326768
0.1875, 1.33072, 111.792, 149997, 0.158329, 155.576, 125945, -0.321768
0.1925, 1.33084, 111.79, 149998, 0.158329, 155.576, 125945, -0.316768
0.1975, 1.33116, 111.789, 149998, 0.158329, 155.576, 125945, -0.311768
0.2025, 1.33161, 111.79, 149998, 0.158329, 155.576, 125945, -0.306768
0.2075, 1.33204, 111.791, 149997, 0.158329, 155.576, 125945, -0.301768
0.2125, 1.33239, 111.792, 149996, 0.158329, 155.576, 125945, -0.296768
0.2175, 1.33264, 111.794, 149996, 0.158329, 155.576, 125945, -0.291768
0.2225, 1.33281, 111.795, 149995, 0.158329, 155.576, 125945, -0.286768
0.2275, 1.33292, 111.797, 149994, 0.158329, 155.576, 125945, -0.281768
0.2325, 1.33299, 111.798, 149994, 0.158329, 155.576, 125945, -0.276768
0.2375, 1.33302, 111.798, 149994, 0.158329, 155.576, 125945, -0.271768
0.2425, 1.33303, 111.798, 149994, 0.158329, 155.576, 125945, -0.266768
0.2475, 1.33302, 111.798, 149994, 0.158329, 155.576, 125945, -0.261768
0.2525, 1.333, 111.798, 149994, 0.158329, 155.576, 125945, -0.256768
0.2575, 1.33298, 111.798, 149994, 0.158329, 155.576, 125945, -0.251768
0.2625, 1.33297, 111.798, 149994, 0.158329, 155.576, 125945, -0.246768
0.2675, 1.33297, 111.798, 149994, 0.158329, 155.576, 125945, -0.241768
0.2725, 1.33297, 111.798, 149994, 0.158329, 155.576, 125945, -0.236768
0.2775, 1.33301, 111.797, 149994, 0.158329, 155.576, 125945, -0.231768
0.2825, 1.33309, 111.797, 149995, 0.158329, 155.576, 125945, -0.226768
0.2875, 1.33321, 111.796, 149995, 0.158329, 155.576, 125945, -0.221768
0.2925, 1.33331, 111.794, 149996, 0.158329, 155.576, 125945, -0.216768
0.2975, 1.33337, 111.793, 149996, 0.158329, 155.576, 125945, -0.211768
0.3025, 1.3334, 111.792, 149997, 0.158329, 155.576, 125945, -0.206768
0.3075, 1.33342, 111.792, 149997, 0.158329, 155.576, 125945, -0.201768
0.3125, 1.33342, 111.792, 149997, 0.158329, 155.576, 125945, -0.196768
0.3175, 1.3334, 111.792, 149997, 0.158329, 155.576, 125945, -0.191768
0.3225, 1.33334, 111.793, 149996, 0.158329, 155.576, 125945, -0.186768
0.3275, 1.33325, 111.794, 149996, 0.158329, 155.576, 125945, -0.181768
0.3325, 1.33316, 111.796, 149995, 0.158329, 155.576, 125945, -0.176768
0.3375, 1.33311, 111.796, 149995, 0.158329, 155.576, 125945, -0.171768
0.3425, 1.33308, 111.797, 149995, 0.158329, 155.576, 125945, -0.166768
0.3475, 1.33307, 111.797, 149995, 0.158329, 155.576, 125945, -0.161768
0.3525, 1.33308, 111.797, 149995, 0.158329, 155.576, 125945, -0.156768
0.3575, 1.33311, 111.797, 149995, 0.158329, 155.576, 125945, -0.151768
0.3625, 1.3332, 111.796, 149995, 0.158329, 155.576, 125945, -0.146768
0.3675, 1.33331, 111.797, 149995, 0.158329, 155.576, 125945, -0.141768
0.3725, 1.33341, 111.797, 149995, 0.158329, 155.576, 125945, -0.136768
0.3775, 1.33346, 111.797, 149995, 0.158329, 155.576, 125945, -0.131768
0.3825, 1.33349, 111.797, 149995, 0.158329, 155.576, 125945, -0.126768
0.3875, 1.3335, 111.797, 149995, 0.158329, 155.576, 125945, -0.121768
0.3925, 1.3335, 111.796, 149995, 0.158329, 155.576, 125945, -0.116768
0.3975, 1.33347, 111.794, 149996, 0.158329, 155.576, 125945, -0.111768
0.4025, 1.33337, 111.791, 149997, 0.158329, 155.576, 125945, -0.106768
0.4075, 1.33324, 111.789, 149998, 0.158329, 155.576, 125945, -0.101768
0.4125, 1.33314, 111.788, 149999, 0.158329, 155.576, 125945, -0.0967683
0.4175, 1.33308, 111.788, 149999, 0.158329, 155.576, 125945, -0.0917683
0.4225, 1.33306, 111.788, 149999, 0.158329, 155.576, 125945, -0.0867683
0.4275, 1.33306, 111.789, 149999, 0.158329, 155.576, 125945, -0.0817683
0.4325, 1.33311, 111.789, 149999, 0.158329, 155.576, 125945, -0.0767683
0.4375, 1.33319, 111.794, 149995, 0.158329, 155.576, 125945, -0.0717684
0.4425, 1.33322, 111.812, 149986, 0.158329, 155.576, 125945, -0.0667684
0.4475, 1.33316, 111.853, 149965, 0.158329, 155.576, 125945, -0.0617685
0.4525, 1.33291, 111.955, 149911, 0.158329, 155.576, 125945, -0.0567688
0.4575, 1.33207, 112.226, 149768, 0.158329, 155.576, 125945, -0.0517694
0.4625, 1.32969, 112.948, 149386, 0.158329, 155.576, 125945, -0.0467713
0.4675, 1.32335, 114.854, 148385, 0.158329, 155.576, 125945, -0.0417761
0.4725, 1.30793, 119.489, 145959, 0.158329, 155.576, 125945, -0.0367887
0.4775, 1.28359, 126.845, 142138, 0.158329, 155.576, 125945, -0.0318102
0.4825, 1.25612, 135.355, 137929, 0.158329, 155.576, 125945, -0.0268364
0.4875, 1.23123, 143.647, 134261, 0.158329, 155.576, 125945, -0.0218624
0.4925, 1.2114, 150.455, 131382, 0.158329, 155.576, 125945, -0.0168841
0.4975, 1.19646, 154.548, 129163, 0.158329, 155.576, 125945, -0.0118974
0.5025, 1.18533, 155.837, 127447, 0.158329, 155.576, 125945, -0.0069014
0.5075, 1.17821, 155.646, 126351, 0.158329, 155.575, 125944, -0.00190046
0.5125, 1.17557, 155.487, 125965, 0.158317, 155.487, 125928, 0.00310006
0.5175, 1.17545, 155.576, 125945, 0.158208, 154.699, 125785, 0.00810228
0.5225, 1.17545, 155.576, 125945, 0.158102, 153.927, 125644, 0.0131057
0.5275, 1.17545, 155.576, 125945, 0.157915, 152.574, 125398, 0.0181136
0.5325, 1.17545, 155.576, 125945, 0.157539, 149.845, 124902, 0.0231227
0.5375, 1.17545, 155.576, 125945, 0.157105, 146.682, 124330, 0.0281342
0.5425, 1.17545, 155.576, 125945, 0.156571, 142.785, 123628, 0.0331471
0.5475, 1.17545, 155.576, 125945, 0.155997, 138.567, 122871, 0.0381599
0.5525, 1.17545, 155.576, 125945, 0.155432, 134.409, 122129, 0.0431736
0.5575, 1.17545, 155.576, 125945, 0.154776, 129.586, 121273, 0.0481948
0.5625, 1.17545, 155.576, 125945, 0.153674, 121.459, 119841, 0.053233
0.5675, 1.17545, 155.576, 125945, 0.151768, 107.271, 117373, 0.0582885
0.5725, 1.17545, 155.576, 125945, 0.149228, 88.1493, 114111, 0.0633469
0.5775, 1.17545, 155.576, 125945, 0.146744, 69.2315, 110957, 0.0683989
0.5825, 1.17545, 155.576, 125945, 0.144612, 52.7893, 108272, 0.0734423
0.5875, 1.17545, 155.576, 125945, 0.142882, 39.3346, 106113, 0.0784766
0.5925, 1.17545, 155.576, 125945, 0.141546, 28.8718, 104459, 0.0835027
0.5975, 1.17545, 155.576, 125945, 0.140548, 21.01, 103229, 0.0885221
0.6025, 1.17545, 155.576, 125945, 0.139815, 15.2196, 102331, 0.0935363
0.6075, 1.17545, 155.576, 125945, 0.139283, 11.0016, 101681, 0.0985466
0.6125, 1.17545, 155.576, 125945, 0.138898, 7.94648, 101212, 0.103554
0.6175, 1.17545, 155.576, 125945, 0.13862, 5.73936, 100874, 0.108559
0.6225, 1.17545, 155.576, 125945, 0.13842, 4.14632, 100631, 0.113563
0.6275, 1.17545, 155.576, 125945, 0.138276, 2.99651, 100456, 0.118566
0.6325, 1.17545, 155.576, 125945, 0.138172, 2.1663, 100329, 0.123568
0.6375, 1.17545, 155.576, 125945, 0.138096, 1.56653, 100238, 0.12857
0.6425, 1.17545, 155.576, 125945, 0.138042, 1.13302, 100172, 0.133571
0.6475, 1.17545, 155.576, 125945, 0.138003, 0.81953, 100124, 0.138571
0.6525, 1.17545, 155.576, 125945, 0.137974, 0.592753, 100090, 0.143572
0.6575, 1.17545, 155.576, 125945, 0.137954, 0.428661, 100065, 0.148572
0.6625, 1.17545, 155.576, 125945, 0.137939, 0.309909, 100047, 0.153573
0.6675, 1.17545, 155.576, 125945, 0.137928, 0.223964, 100034, 0.158573
0.6725, 1.17545, 155.576, 125945, 0.13792, 0.161765, 100025, 0.163573
0.6775, 1.17545, 155.576, 125945, 0.137915, 0.116758, 100018, 0.168573
0.6825, 1.17545, 155.576, 125945, 0.137911, 0.0841987, 100013, 0.173573
0.6875, 1.17545, 155.576, 125945, 0.137908, 0.0606516, 100009, 0.178573
0.6925, 1.17545, 155.576, 125945, 0.137905, 0.0436292, 100007, 0.183573
0.6975, 1.17545, 155.576, 125945, 0.137904, 0.0313297, 100005, 0.188573
0.7025, 1.17545, 155.576, 125945, 0.137903, 0.0224482, 100003, 0.193573
0.7075, 1.17545, 155.576, 125945, 0.137902, 0.0160395, 100002, 0.198573
0.7125, 1.17545, 155.576, 125945, 0.137901, 0.0114194, 100002, 0.203573
0.7175, 1.17545, 155.576, 125945, 0.137901, 0.0080922, 100001, 0.208573
0.7225, 1.17545, 155.576, 125945, 0.137901, 0.00569899, 100001, 0.213573
0.7275, 1.17545, 155.576, 125945, 0.1379, 0.00397969, 100001, 0.218573
0.7325, 1.17545, 155.576, 125945, 0.1379, 0.00274579, 100000, 0.223573
0.7375, 1.17545, 155.576, 125945, 0.1379, 0.0018607, 100000, 0.228573
0.7425, 1.17545, 155.576, 125945, 0.1379, 0.00122557, 100000, 0.233573
0.7475, 1.17545, 155.576, 125945, 0.1379, 0.000769076, 100000, 0.238573
0.7525, 1.17545, 155.576, 125945, 0.1379, 0.000439996, 100000, 0.243573
0.7575, 1.17545, 155.576, 125945, 0.1379, 0.000201774, 100000, 0.248573
0.7625, 1.17545, 155.576, 125945, 0.1379, 2.84774e-05, 100000, 0.253573
0.7675, 1.17545, 155.576, 125945, 0.1379, -9.81885e-05, 100000, 0.258573
0.7725, 1.17545, 155.576, 125945, 0.1379, -0.000191089, 100000, 0.263573
0.7775, 1.17545, 155.576, 125945, 0.1379, -0.00025928, 100000, 0.268573
0.7825, 1.17545, 155.576, 125945, 0.1379, -0.000309193, 100000, 0.273573
0.7875, 1.17545, 155.576, 125945, 0.1379, -0.000345472, 99999.9, 0.278573
0.7925, 1.17545, 155.576, 125945, 0.1379, -0.000371562, 99999.9, 0.283573
0.7975, 1.17545, 155.576, 125945, 0.1379, -0.00039008, 99999.9, 0.288573
0.8025, 1.17545, 155.576, 125945, 0.1379, -0.000403048, 99999.9, 0.293573
0.8075, 1.17545, 155.576, 125945, 0.1379, -0.000412022, 99999.9, 0.298573
0.8125, 1.17545, 155.576, 125945, 0.1379, -0.000418176, 99999.9, 0.303573
0.8175, 1.17545, 155.576, 125945, 0.1379, -0.000422366, 99999.9, 0.308573
0.8225, 1.17545, 155.576, 125945, 0.1379, -0.000425199, 99999.9, 0.313573
0.8275, 1.17545, 155.576, 125945, 0.1379, -0.000427097, 99999.9, 0.318573
0.8325, 1.17545, 155.576, 125945, 0.1379, -0.000428348, 99999.9, 0.323573
0.8375, 1.17545, 155.576, 125945, 0.1379, -0.000429153, 99999.9, 0.328573
0.8425, 1.17545, 155.576, 125945, 0.1379, -0.000429654, 99999.9, 0.333573
0.8475, 1.17545, 155.576, 125945, 0.1379, -0.000429951, 99999.9, 0.338573
0.8525, 1.17545, 155.576, 125945, 0.1379, -0.000430118, 99999.9, 0.343573
0.8575, 1.17545, 155.576, 125945, 0.1379, -0.000430204, 99999.9, 0.348573
0.8625, 1.17545, 155.576, 125945, 0.1379, -0.000430243, 99999.9, 0.353573
0.8675, 1.17545, 155.576, 125945, 0.1379, -0.000430257, 99999.9, 0.358573
0.8725, 1.17545, 155.576, 125945, 0.1379, -0.000430259, 99999.9, 0.363573
0.8775, 1.17545, 155.576, 125945, 0.1379, -0.000430254, 99999.9, 0.368573
0.8825, 1.17545, 155.576, 125945, 0.1379, -0.000430235, 99999.9, 0.373573
0.8875, 1.17545, 155.576, 125945, 0.1379, -0.000430216, 99999.9, 0.378573
0.8925, 1.17545, 155.576, 125945, 0.1379, -0.000430203, 99999.9, 0.383573
0.8975, 1.17545, 155.576, 125945, 0.1379, -0.000430192, 99999.9, 0.388573
0.9025, 1.17545, 155.576, 125945, 0.1379, -0.000430184, 99999.9, 0.393573
0.9075, 1.17545, 155.576, 125945, 0.1379, -0.000430177, 99999.9, 0.398573
0.9125, 1.17545, 155.576, 125945, 0.1379, -0.000430172, 99999.9, 0.403573
0.9175, 1.17545, 155.576, 125945, 0.1379, -0.000430169, 99999.9, 0.408573
0.9225, 1.17545, 155.576, 125945, 0.1379, -0.000430166, 99999.9, 0.413573
0.9275, 1.17545, 155.576, 125945, 0.1379, -0.000430164, 99999.9, 0.418573
0.9325, 1.17545, 155.576, 125945, 0.1379, -0.000430163, 99999.9, 0.423573
0.9375, 1.17545, 155.576, 125945, 0.1379, -0.000430162, 99999.9, 0.428573
0.9425, 1.17545, 155.576, 125945, 0.1379, -0.000430161, 99999.9, 0.433573
0.9475, 1.17545, 155.576, 125945, 0.1379, -0.000430161, 99999.9, 0.438573
0.9525, 1.17545, 155.576, 125945, 0.1379, -0.000430161, 99999.9, 0.443573
0.9575, 1.17545, 155.576, 125945, 0.1379, -0.000430161, 99999.9, 0.448573
0.9625, 1.17545, 155.576, 125945, 0.1379, -0.00043016, 99999.9, 0.453573
0.9675, 1.17545, 155.576, 125945, 0.1379, -0.00043016, 99999.9, 0.458573
0.9725, 1.17545, 155.576, 125945, 0.1379, -0.00043016, 99999.9, 0.463573
0.9775, 1.17545, 155.576, 125945, 0.1379, -0.00043016, 99999.9, 0.468573
0.9825, 1.17545, 155.576, 125945, 0.1379, -0.00043016, 99999.9, 0.473573
0.9875, 1.17545, 155.576, 125945, 0.1379, -0.00043016, 99999.9, 0.478573
0.9925, 1.17545, 155.576, 125945, 0.1379, -0.00043016, 99999.9, 0.483573
0.9975, 1.17545, 155.576, 125945, 0.1379, -0.00043016, 99999.9, 0.488573
