0.0025, 1.33291, 111.806, 149990, 0.138045, 1.15377, 100175, -0.497512
0.0075, 1.33291, 111.804, 149991, 0.138045, 1.15377, 100175, -0.492918
0.0125, 1.33292, 111.803, 149991, 0.138045, 1.15377, 100175, -0.487918
0.0175, 1.33293, 111.801, 149993, 0.138045, 1.15377, 100175, -0.482918
0.0225, 1.33293, 111.799, 149994, 0.138045, 1.15377, 100175, -0.477918
0.0275, 1.33294, 111.797, 149994, 0.138045, 1.15377, 100175, -0.472918
0.0325, 1.33294, 111.796, 149995, 0.138045, 1.15377, 100175, -0.467918
0.0375, 1.33294, 111.795, 149995, 0.138045, 1.15377, 100175, -0.462918
0.0425, 1.33295, 111.795, 149996, 0.138045, 1.15377, 100175, -0.457918
0.0475, 1.33295, 111.795, 149996, 0.138045, 1.15377, 100175, -0.452918
0.0525, 1.33295, 111.795, 149995, 0.138045, 1.15377, 100175, -0.447918
0.0575, 1.33295, 111.796, 149995, 0.138045, 1.15377, 100175, -0.442918
0.0625, 1.33294, 111.798, 149994, 0.138045, 1.15377, 100175, -0.437918
0.0675, 1.33294, 111.799, 149993, 0.138045, 1.15377, 100175, -0.432918
0.0725, 1.33295, 111.8, 149993, 0.138045, 1.15377, 100175, -0.427918
0.0775, 1.33295, 111.801, 149992, 0.138045, 1.15377, 100175, -0.422918
0.0825, 1.33295, 111.801, 149992, 0.138045, 1.15377, 100175, -0.417918
0.0875, 1.33296, 111.801, 149992, 0.138045, 1.15377, 100175, -0.412918
0.0925, 1.33296, 111.801, 149992, 0.138045, 1.15377, 100175, -0.407918
0.0975, 1.33296, 111.8, 149993, 0.138045, 1.15377, 100175, -0.402918
0.1025, 1.33297, 111.799, 149993, 0.138045, 1.15377, 100175, -0.397918
0.1075, 1.33297, 111.797, 149994, 0.138045, 1.15377, 100175, -0.392918
0.1125, 1.33296, 111.796, 149995, 0.138045, 1.15377, 100175, -0.387918
0.1175, 1.33293, 111.794, 149996, 0.138045, 1.15377, 100175, -0.382918
0.1225, 1.33284, 111.793, 149997, 0.138045, 1.15377, 100175, -0.377918
0.1275, 1.3326, 111.792, 149997, 0.138045, 1.15377, 100175, -0.372918
0.1325, 1.33219, 111.792, 149997, 0.138045, 1.15377, 100175, -0.367918
0.1375, 1.33173, 111.793, 149996, 0.138045, 1.15377, 100175, -0.362918
0.1425, 1.33132, 111.794, 149996, 0.138045, 1.15377, 100175, -0.357918
0.1475, 1.33099, 111.795, 149995, 0.138045, 1.15377, 100175, -0.352918
0.1525, 1.33076, 111.797, 149994, 0.138045, 1.15377, 100175, -0.347918
0.1575, 1.33063, 111.799, 149993, 0.138045, 1.15377, 100175, -0.342918
0.1625, 1.33056, 111.8, 149993, 0.138045, 1.15377, 100175, -0.337918
0.1675, 1.33055, 111.801, 149993, 0.138045, 1.15377, 100175, -0.332918
0.1725, 1.33056, 111.801, 149992, 0.138045, 1.15377, 100175, -0.327918
0.1775, 1.33065, 111.801, 149992, 0.138045, 1.15377, 100175, -0.322918
0.1825, 1.33094, 111.8, 149993, 0.138045, 1.15377, 100175, -0.317918
0.1875, 1.33144, 111.8, 149993, 0.138045, 1.15377, 100175, -0.312918
0.1925, 1.33195, 111.799, 149993, 0.138045, 1.15377, 100175, -0.307918
0.1975, 1.33235, 111.799, 149994, 0.138045, 1.15377, 100175, -0.302918
0.2025, 1.33266, 111.798, 149994, 0.138045, 1.15377, 100175, -0.297918
0.2075, 1.33287, 111.797, 149995, 0.138045, 1.15377, 100175, -0.292918
0.2125, 1.333, 111.796, 149995, 0.138045, 1.15377, 100175, -0.287918
0.2175, 1.33308, 111.794, 149996, 0.138045, 1.15377, 100175, -0.282918
0.2225, 1.3331, 111.792, 149997, 0.138045, 1.15377, 100175, -0.277918
0.2275, 1.33311, 111.791, 149998, 0.138045, 1.15377, 100175, -0.272918
0.2325, 1.3331, 111.79, 149999, 0.138045, 1.15377, 100175, -0.267918
0.2375, 1.33305, 111.789, 149998, 0.138045, 1.15377, 100175, -0.262918
0.2425, 1.33299, 111.79, 149998, 0.138045, 1.15377, 100175, -0.257918
0.2475, 1.33295, 111.791, 149997, 0.138045, 1.15377, 100175, -0.252918
0.2525, 1.33294, 111.793, 149996, 0.138045, 1.15377, 100175, -0.247918
0.2575, 1.33293, 111.795, 149995, 0.138045, 1.15377, 100175, -0.242918
0.2625, 1.33295, 111.797, 149994, 0.138045, 1.15377, 100175, -0.237918
0.2675, 1.33302, 111.798, 149993, 0.138045, 1.15377, 100175, -0.232918
0.2725, 1.33316, 111.799, 149994, 0.138045, 1.15377, 100175, -0.227918
0.2775, 1.33329, 111.799, 149994, 0.138045, 1.15377, 100175, -0.222918
0.2825, 1.33338, 111.798, 149994, 0.138045, 1.15377, 100175, -0.217918
0.2875, 1.33343, 111.798, 149994, 0.138045, 1.15377, 100175, -0.212918
0.2925, 1.33346, 111.798, 149994, 0.138045, 1.15377, 100175, -0.207918
0.2975, 1.33346, 111.798, 149994, 0.138045, 1.15377, 100175, -0.202918
0.3025, 1.33345, 111.798, 149994, 0.138045, 1.15377, 100175, -0.197918
0.3075, 1.3334, 111.798, 149994, 0.138045, 1.15377, 100175, -0.192918
0.3125, 1.33328, 111.798, 149994, 0.138045, 1.15377, 100175, -0.187918
0.3175, 1.33316, 111.798, 149995, 0.138045, 1.15377, 100175, -0.182918
0.3225, 1.33307, 111.797, 149995, 0.138045, 1.15377, 100175, -0.177918
0.3275, 1.33303, 111.795, 149995, 0.138045, 1.15377, 100175, -0.172918
0.3325, 1.33302, 111.793, 149996, 0.138045, 1.15377, 100175, -0.167918
0.3375, 1.33302, 111.792, 149997, 0.138045, 1.15377, 100175, -0.162918
0.3425, 1.33305, 111.791, 149997, 0.138045, 1.15377, 100175, -0.157918
0.3475, 1.33316, 111.791, 149998, 0.138045, 1.15377, 100175, -0.152918
0.3525, 1.3333, 111.791, 149997, 0.138045, 1.15377, 100175, -0.147918
0.3575, 1.33343, 111.792, 149997, 0.138045, 1.15377, 100175, -0.142918
0.3625, 1.33351, 111.794, 149996, 0.138045, 1.15377, 100175, -0.137918
0.3675, 1.33355, 111.796, 149995, 0.138045, 1.15377, 100175, -0.132918
0.3725, 1.33357, 111.798, 149995, 0.138045, 1.15377, 100175, -0.127918
0.3775, 1.33357, 111.799, 149994, 0.138045, 1.15377, 100175, -0.122918
0.3825, 1.33356, 111.798, 149994, 0.138045, 1.15377, 100175, -0.117918
0.3875, 1.33348, 111.797, 149995, 0.138045, 1.15377, 100175, -0.112918
0.3925, 1.33329, 111.796, 149995, 0.138045, 1.15377, 100175, -0.107918
0.3975, 1.33309, 111.795, 149995, 0.138045, 1.15377, 100175, -0.102918
0.4025, 1.33296, 111.796, 149995, 0.138045, 1.15377, 100175, -0.0979181
0.4075, 1.33291, 111.796, 149995, 0.138045, 1.15377, 100175, -0.0929181
0.4125, 1.3329, 111.797, 149995, 0.138045, 1.15377, 100175, -0.0879181
0.4175, 1.33295, 111.799, 149995, 0.138045, 1.15377, 100175, -0.0829181
0.4225, 1.33311, 111.8, 149996, 0.138045, 1.15377, 100175, -0.0779181
0.4275, 1.33328, 111.796, 149995, 0.138045, 1.15377, 100175, -0.0729181
0.4325, 1.33341, 111.791, 149992, 0.138045, 1.15377, 100175, -0.0679181
0.4375, 1.33348, 111.771, 149982, 0.138045, 1.15377, 100175, -0.062918
0.4425, 1.33341, 111.702, 149953, 0.138045, 1.15377, 100175, -0.0579176
0.4475, 1.33264, 111.46, 149830, 0.138045, 1.15377, 100175, -0.0529163
0.4525, 1.32967, 110.65, 149399, 0.138045, 1.15377, 100175, -0.0479119
0.4575, 1.31823, 107.283, 147628, 0.138045, 1.15377, 100175, -0.0428923
0.4625, 1.27585, 94.6727, 141116, 0.138045, 1.15377, 100175, -0.0378294
0.4675, 1.19233, 68.3361, 128394, 0.138045, 1.15377, 100175, -0.0327251
0.4725, 1.11104, 40.6319, 116155, 0.138045, 1.15377, 100175, -0.0276336
0.4775, 1.05792, 21.5067, 108303, 0.138045, 1.15377, 100175, -0.0225747
0.4825, 1.02823, 10.5734, 104003, 0.138045, 1.15377, 100175, -0.0175425
0.4875, 1.01307, 5.00078, 101842, 0.138045, 1.15377, 100175, -0.0125265
0.4925, 1.00555, 2.3469, 100780, 0.138045, 1.15377, 100175, -0.00751893
0.4975, 1.00212, 1.30551, 100297, 0.138045, 1.15281, 100175, -0.002516
0.5025, 1.00126, 1.13012, 100176, 0.13804, 1.11415, 100169, 0.00248454
0.5075, 1.00125, 1.15377, 100175, 0.138001, 0.808356, 100123, 0.0074854
0.5125, 1.00125, 1.15377, 100175, 0.137973, 0.585978, 100089, 0.012486
0.5175, 1.00125, 1.15377, 100175, 0.137953, 0.424444, 100064, 0.0174865
0.5225, 1.00125, 1.15377, 100175, 0.137939, 0.307212, 100047, 0.0224868
0.5275, 1.00125, 1.15377, 100175, 0.137928, 0.222193, 100034, 0.027487
0.5325, 1.00125, 1.15377, 100175, 0.13792, 0.160572, 100024, 0.0324872
0.5375, 1.00125, 1.15377, 100175, 0.137915, 0.115936, 100018, 0.0374873
0.5425, 1.00125, 1.15377, 100175, 0.13791, 0.0836213, 100013, 0.0424874
0.5475, 1.00125, 1.15377, 100175, 0.137908, 0.0602391, 100009, 0.0474875
0.5525, 1.00125, 1.15377, 100175, 0.137905, 0.0433306, 100007, 0.0524875
0.5575, 1.00125, 1.15377, 100175, 0.137904, 0.0311112, 100005, 0.0574876
0.5625, 1.00125, 1.15377, 100175, 0.137903, 0.0222869, 100003, 0.0624876
0.5675, 1.00125, 1.15377, 100175, 0.137902, 0.0159193, 100002, 0.0674876
0.5725, 1.00125, 1.15377, 100175, 0.137901, 0.0113288, 100002, 0.0724876
0.5775, 1.00125, 1.15377, 100175, 0.137901, 0.00802288, 100001, 0.0774876
0.5825, 1.00125, 1.15377, 100175, 0.137901, 0.00564522, 100001, 0.0824877
0.5875, 1.00125, 1.15377, 100175, 0.1379, 0.00393771, 100001, 0.0874877
0.5925, 1.00125, 1.15377, 100175, 0.1379, 0.00271323, 100000, 0.0924877
0.5975, 1.00125, 1.15377, 100175, 0.1379, 0.00183604, 100000, 0.0974877
0.6025, 1.00125, 1.15377, 100175, 0.1379, 0.00120772, 100000, 0.102488
0.6075, 1.00125, 1.15377, 100175, 0.1379, 0.000757079, 100000, 0.107488
0.6125, 1.00125, 1.15377, 100175, 0.1379, 0.000432803, 100000, 0.112488
0.6175, 1.00125, 1.15377, 100175, 0.1379, 0.000198156, 100000, 0.117488
0.6225, 1.00125, 1.15377, 100175, 0.1379, 2.71904e-05, 100000, 0.122488
0.6275, 1.00125, 1.15377, 100175, 0.1379, -9.81651e-05, 100000, 0.127488
0.6325, 1.00125, 1.15377, 100175, 0.1379, -0.000190465, 100000, 0.132488
0.6375, 1.00125, 1.15377, 100175, 0.1379, -0.00025855, 100000, 0.137488
0.6425, 1.00125, 1.15377, 100175, 0.1379, -0.000308728, 100000, 0.142488
0.6475, 1.00125, 1.15377, 100175, 0.1379, -0.0003455, 99999.9, 0.147488
0.6525, 1.00125, 1.15377, 100175, 0.1379, -0.000372094, 99999.9, 0.152488
0.6575, 1.00125, 1.15377, 100175, 0.1379, -0.000390925, 99999.9, 0.157488
0.6625, 1.00125, 1.15377, 100175, 0.1379, -0.00040394, 99999.9, 0.162488
0.6675, 1.00125, 1.15377, 100175, 0.1379, -0.000412763, 99999.9, 0.167488
0.6725, 1.00125, 1.15377, 100175, 0.1379, -0.000418696, 99999.9, 0.172488
0.6775, 1.00125, 1.15377, 100175, 0.1379, -0.0004227, 99999.9, 0.177488
0.6825, 1.00125, 1.15377, 100175, 0.1379, -0.000425419, 99999.9, 0.182488
0.6875, 1.00125, 1.15377, 100175, 0.1379, -0.00042726, 99999.9, 0.187488
0.6925, 1.00125, 1.15377, 100175, 0.1379, -0.000428487, 99999.9, 0.192488
0.6975, 1.00125, 1.15377, 100175, 0.1379, -0.000429278, 99999.9, 0.197488
0.7025, 1.00125, 1.15377, 100175, 0.1379, -0.000429761, 99999.9, 0.202488
0.7075, 1.00125, 1.15377, 100175, 0.1379, -0.000430038, 99999.9, 0.207488
0.7125, 1.00125, 1.15377, 100175, 0.1379, -0.000430182, 99999.9, 0.212488
0.7175, 1.00125, 1.15377, 100175, 0.1379, -0.000430248, 99999.9, 0.217488
0.7225, 1.00125, 1.15377, 100175, 0.1379, -0.000430272, 99999.9, 0.222488
0.7275, 1.00125, 1.15377, 100175, 0.1379, -0.000430277, 99999.9, 0.227488
0.7325, 1.00125, 1.15377, 100175, 0.1379, -0.000430274, 99999.9, 0.232488
0.7375, 1.00125, 1.15377, 100175, 0.1379, -0.000430255, 99999.9, 0.237488
0.7425, 1.00125, 1.15377, 100175, 0.1379, -0.000430234, 99999.9, 0.242488
0.7475, 1.00125, 1.15377, 100175, 0.1379, -0.000430218, 99999.9, 0.247488
0.7525, 1.00125, 1.15377, 100175, 0.1379, -0.000430204, 99999.9, 0.252488
0.7575, 1.00125, 1.15377, 100175, 0.1379, -0.000430193, 99999.9, 0.257488
0.7625, 1.00125, 1.15377, 100175, 0.1379, -0.000430184, 99999.9, 0.262488
0.7675, 1.00125, 1.15377, 100175, 0.1379, -0.000430177, 99999.9, 0.267488
0.7725, 1.00125, 1.15377, 100175, 0.1379, -0.000430172, 99999.9, 0.272488
0.7775, 1.00125, 1.15377, 100175, 0.1379, -0.000430169, 99999.9, 0.277488
0.7825, 1.00125, 1.15377, 100175, 0.1379, -0.000430166, 99999.9, 0.282488
0.7875, 1.00125, 1.15377, 100175, 0.1379, -0.000430164, 99999.9, 0.287488
0.7925, 1.00125, 1.15377, 100175, 0.1379, -0.000430163, 99999.9, 0.292488
0.7975, 1.00125, 1.15377, 100175, 0.1379, -0.000430162, 99999.9, 0.297488
0.8025, 1.00125, 1.15377, 100175, 0.1379, -0.000430161, 99999.9, 0.302488
0.8075, 1.00125, 1.15377, 100175, 0.1379, -0.000430161, 99999.9, 0.307488
0.8125, 1.00125, 1.15377, 100175, 0.1379, -0.000430161, 99999.9, 0.312488
0.8175, 1.00125, 1.15377, 100175, 0.1379, -0.00043016, 99999.9, 0.317488
0.8225, 1.00125, 1.15377, 100175, 0.1379, -0.00043016, 99999.9, 0.322488
0.8275, 1.00125, 1.15377, 100175, 0.1379, -0.00043016, 99999.9, 0.327488
0.8325, 1.00125, 1.15377, 100175, 0.1379, -0.00043016, 99999.9, 0.332488
0.8375, 1.00125, 1.15377, 100175, 0.1379, -0.00043016, 99999.9, 0.337488
0.8425, 1.00125, 1.15377, 100175, 0.1379, -0.00043016, 99999.9, 0.342488
0.8475, 1.00125, 1.15377, 100175, 0.1379, -0.00043016, 99999.9, 0.347488
0.8525, 1.00125, 1.15377, 100175, 0.1379, -0.00043016, 99999.9, 0.352488
0.8575, 1.00125, 1.15377, 100175, 0.1379, -0.00043016, 99999.9, 0.357488
0.8625, 1.00125, 1.15377, 100175, 0.1379, -0.00043016, 99999.9, 0.362488
0.8675, 1.00125, 1.15377, 100175, 0.1379, -0.00043016, 99999.9, 0.367488
0.8725, 1.00125, 1.15377, 100175, 0.1379, -0.00043016, 99999.9, 0.372488
0.8775, 1.00125, 1.15377, 100175, 0.1379, -0.00043016, 99999.9, 0.377488
0.8825, 1.00125, 1.15377, 100175, 0.1379, -0.00043016, 99999.9, 0.382488
0.8875, 1.00125, 1.15377, 100175, 0.1379, -0.00043016, 99999.9, 0.387488
0.8925, 1.00125, 1.15377, 100175, 0.1379, -0.00043016, 99999.9, 0.392488
0.8975, 1.00125, 1.15377, 100175, 0.1379, -0.00043016, 99999.9, 0.397488
0.9025, 1.00125, 1.15377, 100175, 0.1379, -0.00043016, 99999.9, 0.402488
0.9075, 1.00125, 1.15377, 100175, 0.1379, -0.00043016, 99999.9, 0.407488
0.9125, 1.00125, 1.15377, 100175, 0.1379, -0.00043016, 99999.9, 0.412488
0.9175, 1.00125, 1.15377, 100175, 0.1379, -0.00043016, 99999.9, 0.417488
0.9225, 1.00125, 1.15377, 100175, 0.1379, -0.00043016, 99999.9, 0.422488
0.9275, 1.00125, 1.15377, 100175, 0.1379, -0.00043016, 99999.9, 0.427488
0.9325, 1.00125, 1.15377, 100175, 0.1379, -0.00043016, 99999.9, 0.432488
0.9375, 1.00125, 1.15377, 100175, 0.1379, -0.00043016, 99999.9, 0.437488
0.9425, 1.00125, 1.15377, 100175, 0.1379, -0.00043016, 99999.9, 0.442488
0.9475, 1.00125, 1.15377, 100175, 0.1379, -0.00043016, 99999.9, 0.447488
0.9525, 1.00125, 1.15377, 100175, 0.1379, -0.00043016, 99999.9, 0.452488
0.9575, 1.00125, 1.15377, 100175, 0.1379, -0.00043016, 99999.9, 0.457488
0.9625, 1.00125, 1.15377, 100175, 0.1379, -0.00043016, 99999.9, 0.462488
0.9675, 1.00125, 1.15377, 100175, 0.1379, -0.00043016, 99999.9, 0.467488
0.9725, 1.00125, 1.15377, 100175, 0.1379, -0.00043016, 99999.9, 0.472488
0.9775, 1.00125, 1.15377, 100175, 0.1379, -0.00043016, 99999.9, 0.477488
0.9825, 1.00125, 1.15377, 100175, 0.1379, -0.00043016, 99999.9, 0.482488
0.9875, 1.00125, 1.15377, 100175, 0.1379, -0.000430161, 99999.9, 0.487488
0.9925, 1.00125, 1.15377, 100175, 0.1379, -0.000430161, 99999.9, 0.492488
0.9975, 1.00125, 1.15377, 100175, 0.1379, -0.000430161, 99999.9, 0.497488
