0.0025, 1.33243, 111.951, 149913, 0.1379, -0.0002385, 99999.9, -0.4975
0.0075, 1.33256, 111.914, 149933, 0.1379, -0.0002385, 99999.9, -0.492907
0.0125, 1.33267, 111.881, 149950, 0.1379, -0.0002385, 99999.9, -0.487907
0.0175, 1.33273, 111.867, 149957, 0.1379, -0.0002385, 99999.9, -0.482907
0.0225, 1.33276, 111.861, 149961, 0.1379, -0.0002385, 99999.9, -0.477907
0.0275, 1.33278, 111.858, 149962, 0.1379, -0.0002385, 99999.9, -0.472907
0.0325, 1.3328, 111.855, 149964, 0.1379, -0.0002385, 99999.9, -0.467907
0.0375, 1.33282, 111.851, 149966, 0.1379, -0.0002385, 99999.9, -0.462907
0.0425, 1.33284, 111.844, 149970, 0.1379, -0.0002385, 99999.9, -0.457907
0.0475, 1.33285, 111.835, 149974, 0.1379, -0.0002385, 99999.9, -0.452906
0.0525, 1.33284, 111.828, 149979, 0.1379, -0.0002385, 99999.9, -0.447906
0.0575, 1.33281, 111.822, 149983, 0.1379, -0.0002385, 99999.9, -0.442906
0.0625, 1.33272, 111.82, 149984, 0.1379, -0.0002385, 99999.9, -0.437906
0.0675, 1.33236, 111.82, 149984, 0.1379, -0.0002385, 99999.9, -0.432906
0.0725, 1.33158, 111.82, 149982, 0.1379, -0.0002385, 99999.9, -0.427906
0.0775, 1.33062, 111.82, 149981, 0.1379, -0.0002385, 99999.9, -0.422906
0.0825, 1.32984, 111.82, 149981, 0.1379, -0.0002385, 99999.9, -0.417906
0.0875, 1.32935, 111.819, 149981, 0.1379, -0.0002385, 99999.9, -0.412906
0.0925, 1.32915, 111.819, 149982, 0.1379, -0.0002385, 99999.9, -0.407906
0.0975, 1.32911, 111.818, 149982, 0.1379, -0.0002385, 99999.9, -0.402906
0.1025, 1.32925, 111.816, 149984, 0.1379, -0.0002385, 99999.9, -0.397906
0.1075, 1.32983, 111.813, 149987, 0.1379, -0.0002385, 99999.9, -0.392906
0.1125, 1.33088, 111.81, 149989, 0.1379, -0.0002385, 99999.9, -0.387906
0.1175, 1.33192, 111.808, 149992, 0.1379, -0.0002385, 99999.9, -0.382906
0.1225, 1.33269, 111.809, 149995, 0.1379, -0.0002385, 99999.9, -0.377906
0.1275, 1.33321, 111.808, 149996, 0.1379, -0.0002385, 99999.9, -0.372906
0.1325, 1.33351, 111.805, 149996, 0.1379, -0.0002385, 99999.9, -0.367906
0.1375, 1.33364, 111.803, 149992, 0.1379, -0.0002385, 99999.9, -0.362906
0.1425, 1.33368, 111.793, 149982, 0.1379, -0.0002385, 99999.9, -0.357906
0.1475, 1.33355, 111.749, 149956, 0.1379, -0.0002385, 99999.9, -0.352906
0.1525, 1.33275, 111.576, 149862, 0.1379, -0.0002385, 99999.9, -0.347905
0.1575, 1.3301, 110.955, 149532, 0.1379, -0.0002385, 99999.9, -0.342902
0.1625, 1.32175, 108.536, 148280, 0.1379, -0.0002385, 99999.9, -0.337887
0.1675, 1.288, 98.4964, 143062, 0.1379, -0.0002385, 99999.9, -0.332835
0.1725, 1.20927, 73.9777, 131012, 0.1379, -0.0002385, 99999.9, -0.327733
0.1775, 1.12206, 44.5831, 117829, 0.1379, -0.0002385, 99999.9, -0.322633
0.1825, 1.06267, 23.2741, 109009, 0.1379, -0.0002385, 99999.9, -0.317567
0.1875, 1.02948, 11.0134, 104186, 0.1379, -0.0002385, 99999.9, -0.312531
0.1925, 1.01306, 4.88562, 101841, 0.1379, -0.0002385, 99999.9, -0.307513
0.1975, 1.00554, 2.07377, 100778, 0.1379, -0.0002385, 99999.9, -0.302506
0.2025, 1.00227, 0.85022, 100318, 0.1379, -0.0002385, 99999.9, -0.297502
0.2075, 1.0009, 0.337755, 100126, 0.1379, -0.0002385, 99999.9, -0.292501
0.2125, 1.00035, 0.130036, 100049, 0.1379, -0.0002385, 99999.9, -0.2875
0.2175, 1.00013, 0.0484728, 100018, 0.1379, -0.0002385, 99999.9, -0.2825
0.2225, 1.00005, 0.0174711, 100007, 0.1379, -0.0002385, 99999.9, -0.2775
0.2275, 1.00002, 0.00608038, 100002, 0.1379, -0.0002385, 99999.9, -0.2725
0.2325, 1.00001, 0.00204063, 100001, 0.1379, -0.0002385, 99999.9, -0.2675
0.2375, 1, 0.000659639, 100000, 0.1379, -0.0002385, 99999.9, -0.2625
0.2425, 1, 0.000205158, 100000, 0.1379, -0.0002385, 99999.9, -0.2575
0.2475, 1, 6.13303e-05, 100000, 0.1379, -0.0002385, 99999.9, -0.2525
0.2525, 1, 1.76061e-05, 100000, 0.1379, -0.0002385, 99999.9, -0.2475
0.2575, 1, 4.84917e-06, 100000, 0.1379, -0.0002385, 99999.9, -0.2425
0.2625, 1, 1.28029e-06, 100000, 0.1379, -0.0002385, 99999.9, -0.2375
0.2675, 1, 3.23752e-07, 100000, 0.1379, -0.0002385, 99999.9, -0.2325
0.2725, 1, 7.83439e-08, 100000, 0.1379, -0.0002385, 99999.9, -0.2275
0.2775, 1, 1.81259e-08, 100000, 0.1379, -0.0002385, 99999.9, -0.2225
0.2825, 1, 4.00589e-09, 100000, 0.1379, -0.0002385, 99999.9, -0.2175
0.2875, 1, 8.44871e-10, 100000, 0.1379, -0.0002385, 99999.9, -0.2125
0.2925, 1, 1.69852e-10, 100000, 0.1379, -0.0002385, 99999.9, -0.2075
0.2975, 1, 3.24662e-11, 100000, 0.1379, -0.0002385, 99999.9, -0.2025
0.3025, 1, 5.96641e-12, 100000, 0.1379, -0.0002385, 99999.9, -0.1975
0.3075, 1, 1.38581e-12, 100000, 0.1379, -0.0002385, 99999.9, -0.1925
0.3125, 1, 1.22713e-12, 100000, 0.1379, -0.0002385, 99999.9, -0.1875
0.3175, 1, 3.08899e-12, 100000, 0.1379, -0.0002385, 99999.9, -0.1825
0.3225, 1, 9.92286e-12, 100000, 0.1379, -0.0002385, 99999.9, -0.1775
0.3275, 1, 3.10274e-11, 100000, 0.1379, -0.0002385, 99999.9, -0.1725
0.3325, 1, 9.36642e-11, 100000, 0.1379, -0.0002385, 99999.9, -0.1675
0.3375, 1, 2.75354e-10, 100000, 0.1379, -0.0002385, 99999.9, -0.1625
0.3425, 1, 7.89925e-10, 100000, 0.1379, -0.0002385, 99999.9, -0.1575
0.3475, 1, 2.21464e-09, 100000, 0.1379, -0.0002385, 99999.9, -0.1525
0.3525, 1, 6.07667e-09, 100000, 0.1379, -0.0002385, 99999.9, -0.1475
0.3575, 1, 1.63405e-08, 100000, 0.1379, -0.0002385, 99999.9, -0.1425
0.3625, 1, 4.31418e-08, 100000, 0.1379, -0.0002385, 99999.9, -0.1375
0.3675, 1, 1.12009e-07, 100000, 0.1379, -0.0002385, 99999.9, -0.1325
0.3725, 1, 2.8594e-07, 100000, 0.1379, -0.0002385, 99999.9, -0.1275
0.3775, 1, 7.34749e-07, 100000, 0.1379, -0.0002385, 99999.9, -0.1225
0.3825, 1, 1.67471e-06, 100000, 0.1379, -0.0002385, 99999.9, -0.1175
0.3875, 1, 2.98756e-06, 100000, 0.1379, -0.0002385, 99999.9, -0.1125
0.3925, 1, 4.28288e-06, 100000, 0.1379, -0.0002385, 99999.9, -0.1075
0.3975, 1, 5.31445e-06, 100000, 0.1379, -0.0002385, 99999.9, -0.1025
0.4025, 1, 6.04856e-06, 100000, 0.1379, -0.0002385, 99999.9, -0.0975
0.4075, 1, 6.52788e-06, 100000, 0.1379, -0.0002385, 99999.9, -0.0925
0.4125, 1, 6.81145e-06, 100000, 0.1379, -0.0002385, 99999.9, -0.0875
0.4175, 1, 6.959e-06, 100000, 0.1379, -0.0002385, 99999.9, -0.0825
0.4225, 1, 7.0218e-06, 100000, 0.1379, -0.0002385, 99999.9, -0.0775
0.4275, 1, 7.03857e-06, 100000, 0.1379, -0.0002385, 99999.9, -0.0725
0.4325, 1, 7.03583e-06, 100000, 0.1379, -0.0002385, 99999.9, -0.0675
0.4375, 1, 7.00468e-06, 100000, 0.1379, -0.0002385, 99999.9, -0.0625
0.4425, 1, 6.94779e-06, 100000, 0.1379, -0.0002385, 99999.9, -0.0575
0.4475, 1, 6.89605e-06, 100000, 0.1379, -0.0002385, 99999.9, -0.0525
0.4525, 1, 6.86101e-06, 100000, 0.1379, -0.0002385, 99999.9, -0.0475
0.4575, 1, 6.83865e-06, 100000, 0.1379, -0.0002385, 99999.9, -0.0425
0.4625, 1, 6.82603e-06, 100000, 0.1379, -0.0002385, 99999.9, -0.0375
0.4675, 1, 6.82114e-06, 100000, 0.1379, -0.0002385, 99999.9, -0.0325
0.4725, 1, 6.82084e-06, 100000, 0.1379, -0.0002385, 99999.9, -0.0275
0.4775, 1, 6.82202e-06, 100000, 0.1379, -0.0002385, 99999.9, -0.0225
0.4825, 1, 6.80628e-06, 100000, 0.1379, -0.0002385, 99999.9, -0.0175
0.4875, 1, 6.54499e-06, 100000, 0.1379, -0.0002385, 99999.9, -0.0125
0.4925, 1, 3.68491e-06, 100000, 0.1379, -0.0002385, 99999.9, -0.00749999
0.4975, 1, -4.90007e-05, 100000, 0.1379, -0.000391819, 99999.9, -0.00249999
0.5025, 1, -0.000171762, 99999.9, 0.1379, -0.000427998, 99999.9, 0.00250001
0.5075, 0.999999, -0.0002385, 99999.9, 0.1379, -0.000430146, 99999.9, 0.00750001
0.5125, 0.999999, -0.0002385, 99999.9, 0.1379, -0.000430148, 99999.9, 0.0125
0.5175, 0.999999, -0.0002385, 99999.9, 0.1379, -0.000430148, 99999.9, 0.0175
0.5225, 0.999999, -0.0002385, 99999.9, 0.1379, -0.000430148, 99999.9, 0.0225
0.5275, 0.999999, -0.0002385, 99999.9, 0.1379, -0.000430148, 99999.9, 0.0275
0.5325, 0.999999, -0.0002385, 99999.9, 0.1379, -0.000430149, 99999.9, 0.0325
0.5375, 0.999999, -0.0002385, 99999.9, 0.1379, -0.00043015, 99999.9, 0.0375
0.5425, 0.999999, -0.0002385, 99999.9, 0.1379, -0.000430151, 99999.9, 0.0425
0.5475, 0.999999, -0.0002385, 99999.9, 0.1379, -0.000430152, 99999.9, 0.0475
0.5525, 0.999999, -0.0002385, 99999.9, 0.1379, -0.000430153, 99999.9, 0.0525
0.5575, 0.999999, -0.0002385, 99999.9, 0.1379, -0.000430155, 99999.9, 0.0575
0.5625, 0.999999, -0.0002385, 99999.9, 0.1379, -0.000430158, 99999.9, 0.0625
0.5675, 0.999999, -0.0002385, 99999.9, 0.1379, -0.000430162, 99999.9, 0.0675
0.5725, 0.999999, -0.0002385, 99999.9, 0.1379, -0.000430166, 99999.9, 0.0725
0.5775, 0.999999, -0.0002385, 99999.9, 0.1379, -0.00043017, 99999.9, 0.0775
0.5825, 0.999999, -0.0002385, 99999.9, 0.1379, -0.000430175, 99999.9, 0.0825
0.5875, 0.999999, -0.0002385, 99999.9, 0.1379, -0.00043018, 99999.9, 0.0875
0.5925, 0.999999, -0.0002385, 99999.9, 0.1379, -0.000430184, 99999.9, 0.0925
0.5975, 0.999999, -0.0002385, 99999.9, 0.1379, -0.000430186, 99999.9, 0.0975
0.6025, 0.999999, -0.0002385, 99999.9, 0.1379, -0.000430187, 99999.9, 0.1025
0.6075, 0.999999, -0.0002385, 99999.9, 0.1379, -0.000430188, 99999.9, 0.1075
0.6125, 0.999999, -0.0002385, 99999.9, 0.1379, -0.000430187, 99999.9, 0.1125
0.6175, 0.999999, -0.0002385, 99999.9, 0.1379, -0.000430184, 99999.9, 0.1175
0.6225, 0.999999, -0.0002385, 99999.9, 0.1379, -0.000430178, 99999.9, 0.1225
0.6275, 0.999999, -0.0002385, 99999.9, 0.1379, -0.000430169, 99999.9, 0.1275
0.6325, 0.999999, -0.0002385, 99999.9, 0.1379, -0.000430157, 99999.9, 0.1325
0.6375, 0.999999, -0.0002385, 99999.9, 0.1379, -0.000430142, 99999.9, 0.1375
0.6425, 0.999999, -0.0002385, 99999.9, 0.1379, -0.000430122, 99999.9, 0.1425
0.6475, 0.999999, -0.0002385, 99999.9, 0.1379, -0.000430099, 99999.9, 0.1475
0.6525, 0.999999, -0.0002385, 99999.9, 0.1379, -0.000430074, 99999.9, 0.1525
0.6575, 0.999999, -0.0002385, 99999.9, 0.1379, -0.00043005, 99999.9, 0.1575
0.6625, 0.999999, -0.0002385, 99999.9, 0.1379, -0.000430027, 99999.9, 0.1625
0.6675, 0.999999, -0.0002385, 99999.9, 0.1379, -0.000430005, 99999.9, 0.1675
0.6725, 0.999999, -0.0002385, 99999.9, 0.1379, -0.000429985, 99999.9, 0.1725
0.6775, 0.999999, -0.0002385, 99999.9, 0.1379, -0.000429965, 99999.9, 0.1775
0.6825, 0.999999, -0.0002385, 99999.9, 0.1379, -0.000429942, 99999.9, 0.1825
0.6875, 0.999999, -0.0002385, 99999.9, 0.1379, -0.000429915, 99999.9, 0.1875
0.6925, 0.999999, -0.0002385, 99999.9, 0.1379, -0.000429881, 99999.9, 0.1925
0.6975, 0.999999, -0.0002385, 99999.9, 0.1379, -0.000429847, 99999.9, 0.1975
0.7025, 0.999999, -0.0002385, 99999.9, 0.1379, -0.000429819, 99999.9, 0.2025
0.7075, 0.999999, -0.0002385, 99999.9, 0.1379, -0.0004298, 99999.9, 0.2075
0.7125, 0.999999, -0.0002385, 99999.9, 0.1379, -0.00042979, 99999.9, 0.2125
0.7175, 0.999999, -0.0002385, 99999.9, 0.1379, -0.000429788, 99999.9, 0.2175
0.7225, 0.999999, -0.0002385, 99999.9, 0.1379, -0.000429792, 99999.9, 0.2225
0.7275, 0.999999, -0.0002385, 99999.9, 0.1379, -0.000429821, 99999.9, 0.2275
0.7325, 0.999999, -0.0002385, 99999.9, 0.1379, -0.000429897, 99999.9, 0.2325
0.7375, 0.999999, -0.0002385, 99999.9, 0.1379, -0.000429974, 99999.9, 0.2375
0.7425, 0.999999, -0.0002385, 99999.9, 0.1379, -0.000430032, 99999.9, 0.2425
0.7475, 0.999999, -0.0002385, 99999.9, 0.1379, -0.000430066, 99999.9, 0.2475
0.7525, 0.999999, -0.0002385, 99999.9, 0.1379, -0.00043008, 99999.9, 0.2525
0.7575, 0.999999, -0.0002385, 99999.9, 0.1379, -0.000430083, 99999.9, 0.2575
0.7625, 0.999999, -0.0002385, 99999.9, 0.1379, -0.00043007, 99999.9, 0.2625
0.7675, 0.999999, -0.0002385, 99999.9, 0.1379, -0.000430001, 99999.9, 0.2675
0.7725, 0.999999, -0.0002385, 99999.9, 0.1379, -0.000429764, 99999.9, 0.2725
0.7775, 0.999999, -0.0002385, 99999.9, 0.1379, -0.00042907, 99999.9, 0.2775
0.7825, 0.999999, -0.0002385, 99999.9, 0.1379, -0.000427153, 99999.9, 0.2825
0.7875, 0.999999, -0.0002385, 99999.9, 0.1379, -0.000421912, 99999.9, 0.2875
0.7925, 0.999999, -0.0002385, 99999.9, 0.1379, -0.000406329, 99999.9, 0.2925
0.7975, 0.999999, -0.0002385, 99999.9, 0.1379, -0.000356717, 99999.9, 0.2975
0.8025, 0.999999, -0.0002385, 99999.9, 0.1379, -0.000265649, 100000, 0.3025
0.8075, 0.999999, -0.0002385, 99999.9, 0.1379, -0.000174507, 100000, 0.3075
0.8125, 0.999999, -0.0002385, 99999.9, 0.1379, -0.000103839, 100000, 0.3125
0.8175, 0.999999, -0.0002385, 99999.9, 0.1379, -5.57854e-05, 100000, 0.3175
0.8225, 0.999999, -0.0002385, 99999.9, 0.1379, -2.69492e-05, 100000, 0.3225
0.8275, 0.999999, -0.0002385, 99999.9, 0.1379, -1.16517e-05, 100000, 0.3275
0.8325, 0.999999, -0.0002385, 99999.9, 0.1379, -4.48316e-06, 100000, 0.3325
0.8375, 0.999999, -0.0002385, 99999.9, 0.1379, -1.52435e-06, 100000, 0.3375
0.8425, 0.999999, -0.0002385, 99999.9, 0.1379, -4.54e-07, 100000, 0.3425
0.8475, 0.999999, -0.0002385, 99999.9, 0.1379, -1.1711e-07, 100000, 0.3475
0.8525, 0.999999, -0.0002385, 99999.9, 0.1379, -2.57827e-08, 100000, 0.3525
0.8575, 0.999999, -0.0002385, 99999.9, 0.1379, -4.75031e-09, 100000, 0.3575
0.8625, 0.999999, -0.0002385, 99999.9, 0.1379, -7.12742e-10, 100000, 0.3625
0.8675, 0.999999, -0.0002385, 99999.9, 0.1379, -8.35406e-11, 100000, 0.3675
0.8725, 0.999999, -0.0002385, 99999.9, 0.1379, -7.05761e-12, 100000, 0.3725
0.8775, 0.999999, -0.0002385, 99999.9, 0.1379, -3.83566e-13, 100000, 0.3775
0.8825, 0.999999, -0.0002385, 99999.9, 0.1379, -2.30139e-13, 100000, 0.3825
0.8875, 0.999999, -0.0002385, 99999.9, 0.1379, 7.67131e-14, 100000, 0.3875
0.8925, 0.999999, -0.0002385, 99999.9, 0.1379, 0, 100000, 0.3925
0.8975, 0.999999, -0.0002385, 99999.9, 0.1379, 0, 100000, 0.3975
0.9025, 0.999999, -0.0002385, 99999.9, 0.1379, 0, 100000, 0.4025
0.9075, 0.999999, -0.0002385, 99999.9, 0.1379, 0, 100000, 0.4075
0.9125, 0.999999, -0.0002385, 99999.9, 0.1379, 0, 100000, 0.4125
0.9175, 0.999999, -0.0002385, 99999.9, 0.1379, 0, 100000, 0.4175
0.9225, 0.999999, -0.0002385, 99999.9, 0.1379, 0, 100000, 0.4225
0.9275, 0.999999, -0.0002385, 99999.9, 0.1379, 0, 100000, 0.4275
0.9325, 0.999999, -0.0002385, 99999.9, 0.1379, 0, 100000, 0.4325
0.9375, 0.999999, -0.0002385, 99999.9, 0.1379, 0, 100000, 0.4375
0.9425, 0.999999, -0.0002385, 99999.9, 0.1379, 0, 100000, 0.4425
0.9475, 0.999999, -0.0002385, 99999.9, 0.1379, 0, 100000, 0.4475
0.9525, 0.999999, -0.0002385, 99999.9, 0.1379, 0, 100000, 0.4525
0.9575, 0.999999, -0.0002385, 99999.9, 0.1379, 0, 100000, 0.4575
0.9625, 0.999999, -0.0002385, 99999.9, 0.1379, 0, 100000, 0.4625
0.9675, 0.999999, -0.0002385, 99999.9, 0.1379, 0, 100000, 0.4675
0.9725, 0.999999, -0.0002385, 99999.9, 0.1379, 0, 100000, 0.4725
0.9775, 0.999999, -0.0002385, 99999.9, 0.1379, 0, 100000, 0.4775
0.9825, 0.999999, -0.0002385, 99999.9, 0.1379, 0, 100000, 0.4825
0.9875, 0.999999, -0.0002385, 99999.9, 0.1379, 0, 100000, 0.4875
0.9925, 0.999999, -0.0002385, 99999.9, 0.1379, 0, 100000, 0.4925
0.9975, 0.999999, -0.0002385, 99999.9, 0.1379, 0, 100000, 0.4975
