0.0025, 1.33277, 111.855, 149964, 0.1379, -0.000238361, 99999.9, -0.4975
0.0075, 1.33249, 111.938, 149920, 0.1379, -0.000238361, 99999.9, -0.492907
0.0125, 1.33212, 112.044, 149864, 0.1379, -0.000238361, 99999.9, -0.487907
0.0175, 1.33191, 112.112, 149828, 0.1379, -0.000238361, 99999.9, -0.482907
0.0225, 1.33183, 112.139, 149814, 0.1379, -0.000238361, 99999.9, -0.477908
0.0275, 1.33183, 112.143, 149812, 0.1379, -0.000238361, 99999.9, -0.472908
0.0325, 1.33193, 112.121, 149823, 0.1379, -0.000238361, 99999.9, -0.467908
0.0375, 1.33221, 112.048, 149861, 0.1379, -0.000238361, 99999.9, -0.462907
0.0425, 1.33242, 111.953, 149912, 0.1379, -0.000238361, 99999.9, -0.457907
0.0475, 1.33244, 111.886, 149951, 0.1379, -0.000238361, 99999.9, -0.452907
0.0525, 1.33234, 111.85, 149972, 0.1379, -0.000238361, 99999.9, -0.447907
0.0575, 1.33193, 111.836, 149975, 0.1379, -0.000238361, 99999.9, -0.442906
0.0625, 1.33097, 111.849, 149968, 0.1379, -0.000238361, 99999.9, -0.437907
0.0675, 1.32963, 111.872, 149963, 0.1379, -0.000238361, 99999.9, -0.432907
0.0725, 1.32847, 111.887, 149966, 0.1379, -0.000238361, 99999.9, -0.427907
0.0775, 1.3278, 111.873, 149970, 0.1379, -0.000238361, 99999.9, -0.422907
0.0825, 1.32757, 111.814, 149950, 0.1379, -0.000238361, 99999.9, -0.417906
0.0875, 1.32766, 111.596, 149842, 0.1379, -0.000238361, 99999.9, -0.412905
0.0925, 1.327, 110.835, 149447, 0.1379, -0.000238361, 99999.9, -0.407901
0.0975, 1.31899, 107.511, 147724, 0.1379, -0.000238361, 99999.9, -0.402881
0.1025, 1.27556, 94.2735, 140879, 0.1379, -0.000238361, 99999.9, -0.397814
0.1075, 1.1833, 65.4439, 127028, 0.1379, -0.000238361, 99999.9, -0.392699
0.1125, 1.09608, 35.4917, 113983, 0.1379, -0.000238361, 99999.9, -0.387601
0.1175, 1.04353, 16.2859, 106235, 0.1379, -0.000238361, 99999.9, -0.382544
0.1225, 1.01756, 6.58561, 102486, 0.1379, -0.000238361, 99999.9, -0.377517
0.1275, 1.00645, 2.41718, 100907, 0.1379, -0.000238361, 99999.9, -0.372506
0.1325, 1.00218, 0.816897, 100306, 0.1379, -0.000238361, 99999.9, -0.367502
0.1375, 1.00068, 0.255171, 100096, 0.1379, -0.000238361, 99999.9, -0.362501
0.1425, 1.0002, 0.0735938, 100028, 0.1379, -0.000238361, 99999.9, -0.3575
0.1475, 1.00005, 0.0195378, 100007, 0.1379, -0.000238361, 99999.9, -0.3525
0.1525, 1.00001, 0.0047565, 100002, 0.1379, -0.000238361, 99999.9, -0.3475
0.1575, 1, 0.00105745, 100000, 0.1379, -0.000238361, 99999.9, -0.3425
0.1625, 1, 0.000213701, 100000, 0.1379, -0.000238361, 99999.9, -0.3375
0.1675, 1, 3.90588e-05, 100000, 0.1379, -0.000238361, 99999.9, -0.3325
0.1725, 1, 6.41933e-06, 100000, 0.1379, -0.000238361, 99999.9, -0.3275
0.1775, 1, 9.4231e-07, 100000, 0.1379, -0.000238361, 99999.9, -0.3225
0.1825, 1, 1.22562e-07, 100000, 0.1379, -0.000238361, 99999.9, -0.3175
0.1875, 1, 1.39878e-08, 100000, 0.1379, -0.000238361, 99999.9, -0.3125
0.1925, 1, 1.38388e-09, 100000, 0.1379, -0.000238361, 99999.9, -0.3075
0.1975, 1, 1.16842e-10, 100000, 0.1379, -0.000238361, 99999.9, -0.3025
0.2025, 1, 8.25142e-12, 100000, 0.1379, -0.000238361, 99999.9, -0.2975
0.2075, 1, 4.65465e-13, 100000, 0.1379, -0.000238361, 99999.9, -0.2925
0.2125, 1, 1.05787e-14, 100000, 0.1379, -0.000238361, 99999.9, -0.2875
0.2175, 1, 0, 100000, 0.1379, -0.000238361, 99999.9, -0.2825
0.2225, 1, 0, 100000, 0.1379, -0.000238361, 99999.9, -0.2775
0.2275, 1, 0, 100000, 0.1379, -0.000238361, 99999.9, -0.2725
0.2325, 1, 0, 100000, 0.1379, -0.000238361, 99999.9, -0.2675
0.2375, 1, 0, 100000, 0.1379, -0.000238361, 99999.9, -0.2625
0.2425, 1, 0, 100000, 0.1379, -0.000238361, 99999.9, -0.2575
0.2475, 1, 0, 100000, 0.1379, -0.000238361, 99999.9, -0.2525
0.2525, 1, 0, 100000, 0.1379, -0.000238361, 99999.9, -0.2475
0.2575, 1, 0, 100000, 0.1379, -0.000238361, 99999.9, -0.2425
0.2625, 1, 0, 100000, 0.1379, -0.000238361, 99999.9, -0.2375
0.2675, 1, 0, 100000, 0.1379, -0.000238361, 99999.9, -0.2325
0.2725, 1, 0, 100000, 0.1379, -0.000238361, 99999.9, -0.2275
0.2775, 1, 0, 100000, 0.1379, -0.000238361, 99999.9, -0.2225
0.2825, 1, 0, 100000, 0.1379, -0.000238361, 99999.9, -0.2175
0.2875, 1, 0, 100000, 0.1379, -0.000238361, 99999.9, -0.2125
0.2925, 1, 0, 100000, 0.1379, -0.000238361, 99999.9, -0.2075
0.2975, 1, 0, 100000, 0.1379, -0.000238361, 99999.9, -0.2025
0.3025, 1, 0, 100000, 0.1379, -0.000238361, 99999.9, -0.1975
0.3075, 1, 0, 100000, 0.1379, -0.000238361, 99999.9, -0.1925
0.3125, 1, 0, 100000, 0.1379, -0.000238361, 99999.9, -0.1875
0.3175, 1, 0, 100000, 0.1379, -0.000238361, 99999.9, -0.1825
0.3225, 1, 0, 100000, 0.1379, -0.000238361, 99999.9, -0.1775
0.3275, 1, 0, 100000, 0.1379, -0.000238361, 99999.9, -0.1725
0.3325, 1, 0, 100000, 0.1379, -0.000238361, 99999.9, -0.1675
0.3375, 1, 0, 100000, 0.1379, -0.000238361, 99999.9, -0.1625
0.3425, 1, 0, 100000, 0.1379, -0.000238361, 99999.9, -0.1575
0.3475, 1, 0, 100000, 0.1379, -0.000238361, 99999.9, -0.1525
0.3525, 1, 0, 100000, 0.1379, -0.000238361, 99999.9, -0.1475
0.3575, 1, 0, 100000, 0.1379, -0.000238361, 99999.9, -0.1425
0.3625, 1, 0, 100000, 0.1379, -0.000238361, 99999.9, -0.1375
0.3675, 1, 0, 100000, 0.1379, -0.000238361, 99999.9, -0.1325
0.3725, 1, 0, 100000, 0.1379, -0.000238361, 99999.9, -0.1275
0.3775, 1, 1.05787e-13, 100000, 0.1379, -0.000238361, 99999.9, -0.1225
0.3825, 1, 5.92409e-13, 100000, 0.1379, -0.000238361, 99999.9, -0.1175
0.3875, 1, 3.13131e-12, 100000, 0.1379, -0.000238361, 99999.9, -0.1125
0.3925, 1, 1.50218e-11, 100000, 0.1379, -0.000238361, 99999.9, -0.1075
0.3975, 1, 6.63604e-11, 100000, 0.1379, -0.000238361, 99999.9, -0.1025
0.4025, 1, 2.72159e-10, 100000, 0.1379, -0.000238361, 99999.9, -0.0975
0.4075, 1, 1.03987e-09, 100000, 0.1379, -0.000238361, 99999.9, -0.0925
0.4125, 1, 3.72015e-09, 100000, 0.1379, -0.000238361, 99999.9, -0.0875
0.4175, 1, 1.25154e-08, 100000, 0.1379, -0.000238361, 99999.9, -0.0825
0.4225, 1, 3.97733e-08, 100000, 0.1379, -0.000238361, 99999.9, -0.0775
0.4275, 1, 1.20035e-07, 100000, 0.1379, -0.000238361, 99999.9, -0.0725
0.4325, 1, 3.44685e-07, 100000, 0.1379, -0.000238361, 99999.9, -0.0675
0.4375, 1, 9.75803e-07, 100000, 0.1379, -0.000238361, 99999.9, -0.0625
0.4425, 1, 2.31062e-06, 100000, 0.1379, -0.000238361, 99999.9, -0.0575
0.4475, 1, 3.9865e-06, 100000, 0.1379, -0.000238361, 99999.9, -0.0525
0.4525, 1, 5.38269e-06, 100000, 0.1379, -0.000238361, 99999.9, -0.0475
0.4575, 1, 6.3108e-06, 100000, 0.1379, -0.000238361, 99999.9, -0.0425
0.4625, 1, 6.8389e-06, 100000, 0.1379, -0.000238361, 99999.9, -0.0375
0.4675, 1, 7.07862e-06, 100000, 0.1379, -0.000238361, 99999.9, -0.0325
0.4725, 1, 7.15345e-06, 100000, 0.1379, -0.000238361, 99999.9, -0.0275
0.4775, 1, 7.1607e-06, 100000, 0.1379, -0.000238361, 99999.9, -0.0225
0.4825, 1, 7.10898e-06, 100000, 0.1379, -0.000238361, 99999.9, -0.0175
0.4875, 1, 6.76696e-06, 100000, 0.1379, -0.000238361, 99999.9, -0.0125
0.4925, 1, 3.83717e-06, 100000, 0.1379, -0.000238361, 99999.9, -0.00749999
0.4975, 1, -4.88839e-05, 100000, 0.1379, -0.00039168, 99999.9, -0.00249999
0.5025, 1, -0.000171626, 99999.9, 0.1379, -0.000427856, 99999.9, 0.00250001
0.5075, 0.999999, -0.000238361, 99999.9, 0.1379, -0.000429984, 99999.9, 0.00750001
0.5125, 0.999999, -0.000238361, 99999.9, 0.1379, -0.000429967, 99999.9, 0.0125
0.5175, 0.999999, -0.000238361, 99999.9, 0.1379, -0.000429947, 99999.9, 0.0175
0.5225, 0.999999, -0.000238361, 99999.9, 0.1379, -0.000429924, 99999.9, 0.0225
0.5275, 0.999999, -0.000238361, 99999.9, 0.1379, -0.000429898, 99999.9, 0.0275
0.5325, 0.999999, -0.000238361, 99999.9, 0.1379, -0.000429865, 99999.9, 0.0325
0.5375, 0.999999, -0.000238361, 99999.9, 0.1379, -0.000429829, 99999.9, 0.0375
0.5425, 0.999999, -0.000238361, 99999.9, 0.1379, -0.000429797, 99999.9, 0.0425
0.5475, 0.999999, -0.000238361, 99999.9, 0.1379, -0.000429779, 99999.9, 0.0475
0.5525, 0.999999, -0.000238361, 99999.9, 0.1379, -0.000429773, 99999.9, 0.0525
0.5575, 0.999999, -0.000238361, 99999.9, 0.1379, -0.000429777, 99999.9, 0.0575
0.5625, 0.999999, -0.000238361, 99999.9, 0.1379, -0.000429807, 99999.9, 0.0625
0.5675, 0.999999, -0.000238361, 99999.9, 0.1379, -0.000429867, 99999.9, 0.0675
0.5725, 0.999999, -0.000238361, 99999.9, 0.1379, -0.000429942, 99999.9, 0.0725
0.5775, 0.999999, -0.000238361, 99999.9, 0.1379, -0.000430021, 99999.9, 0.0775
0.5825, 0.999999, -0.000238361, 99999.9, 0.1379, -0.00043008, 99999.9, 0.0825
0.5875, 0.999999, -0.000238361, 99999.9, 0.1379, -0.000430109, 99999.9, 0.0875
0.5925, 0.999999, -0.000238361, 99999.9, 0.1379, -0.000430115, 99999.9, 0.0925
0.5975, 0.999999, -0.000238361, 99999.9, 0.1379, -0.000430089, 99999.9, 0.0975
0.6025, 0.999999, -0.000238361, 99999.9, 0.1379, -0.000429953, 99999.9, 0.1025
0.6075, 0.999999, -0.000238361, 99999.9, 0.1379, -0.000429561, 99999.9, 0.1075
0.6125, 0.999999, -0.000238361, 99999.9, 0.1379, -0.000428844, 99999.9, 0.1125
0.6175, 0.999999, -0.000238361, 99999.9, 0.1379, -0.000427426, 99999.9, 0.1175
0.6225, 0.999999, -0.000238361, 99999.9, 0.1379, -0.000424261, 99999.9, 0.1225
0.6275, 0.999999, -0.000238361, 99999.9, 0.1379, -0.000416339, 99999.9, 0.1275
0.6325, 0.999999, -0.000238361, 99999.9, 0.1379, -0.00039245, 99999.9, 0.1325
0.6375, 0.999999, -0.000238361, 99999.9, 0.1379, -0.000316622, 100000, 0.1375
0.6425, 0.999999, -0.000238361, 99999.9, 0.1379, -0.000199841, 100000, 0.1425
0.6475, 0.999999, -0.000238361, 99999.9, 0.1379, -0.000103497, 100000, 0.1475
0.6525, 0.999999, -0.000238361, 99999.9, 0.1379, -4.37946e-05, 100000, 0.1525
0.6575, 0.999999, -0.000238361, 99999.9, 0.1379, -1.47404e-05, 100000, 0.1575
0.6625, 0.999999, -0.000238361, 99999.9, 0.1379, -3.79607e-06, 100000, 0.1625
0.6675, 0.999999, -0.000238361, 99999.9, 0.1379, -7.02928e-07, 100000, 0.1675
0.6725, 0.999999, -0.000238361, 99999.9, 0.1379, -8.33838e-08, 100000, 0.1725
0.6775, 0.999999, -0.000238361, 99999.9, 0.1379, -4.76212e-09, 100000, 0.1775
0.6825, 0.999999, -0.000238361, 99999.9, 0.1379, 7.67131e-14, 100000, 0.1825
0.6875, 0.999999, -0.000238361, 99999.9, 0.1379, 0, 100000, 0.1875
0.6925, 0.999999, -0.000238361, 99999.9, 0.1379, 0, 100000, 0.1925
0.6975, 0.999999, -0.000238361, 99999.9, 0.1379, 0, 100000, 0.1975
0.7025, 0.999999, -0.000238361, 99999.9, 0.1379, 0, 100000, 0.2025
0.7075, 0.999999, -0.000238361, 99999.9, 0.1379, 0, 100000, 0.2075
0.7125, 0.999999, -0.000238361, 99999.9, 0.1379, 0, 100000, 0.2125
0.7175, 0.999999, -0.000238361, 99999.9, 0.1379, 0, 100000, 0.2175
0.7225, 0.999999, -0.000238361, 99999.9, 0.1379, 0, 100000, 0.2225
0.7275, 0.999999, -0.000238361, 99999.9, 0.1379, 0, 100000, 0.2275
0.7325, 0.999999, -0.000238361, 99999.9, 0.1379, 0, 100000, 0.2325
0.7375, 0.999999, -0.000238361, 99999.9, 0.1379, 0, 100000, 0.2375
0.7425, 0.999999, -0.000238361, 99999.9, 0.1379, 0, 100000, 0.2425
0.7475, 0.999999, -0.000238361, 99999.9, 0.1379, 0, 100000, 0.2475
0.7525, 0.999999, -0.000238361, 99999.9, 0.1379, 0, 100000, 0.2525
0.7575, 0.999999, -0.000238361, 99999.9, 0.1379, 0, 100000, 0.2575
0.7625, 0.999999, -0.000238361, 99999.9, 0.1379, 0, 100000, 0.2625
0.7675, 0.999999, -0.000238361, 99999.9, 0.1379, 0, 100000, 0.2675
0.7725, 0.999999, -0.000238361, 99999.9, 0.1379, 0, 100000, 0.2725
0.7775, 0.999999, -0.000238361, 99999.9, 0.1379, 0, 100000, 0.2775
0.7825, 0.999999, -0.000238361, 99999.9, 0.1379, 0, 100000, 0.2825
0.7875, 0.999999, -0.000238361, 99999.9, 0.1379, 0, 100000, 0.2875
0.7925, 0.999999, -0.000238361, 99999.9, 0.1379, 0, 100000, 0.2925
0.7975, 0.999999, -0.000238361, 99999.9, 0.1379, 0, 100000, 0.2975
0.8025, 0.999999, -0.000238361, 99999.9, 0.1379, 0, 100000, 0.3025
0.8075, 0.999999, -0.000238361, 99999.9, 0.1379, 0, 100000, 0.3075
0.8125, 0.999999, -0.000238361, 99999.9, 0.1379, 0, 100000, 0.3125
0.8175, 0.999999, -0.000238361, 99999.9, 0.1379, 0, 100000, 0.3175
0.8225, 0.999999, -0.000238361, 99999.9, 0.1379, 0, 100000, 0.3225
0.8275, 0.999999, -0.000238361, 99999.9, 0.1379, 0, 100000, 0.3275
0.8325, 0.999999, -0.000238361, 99999.9, 0.1379, 0, 100000, 0.3325
0.8375, 0.999999, -0.000238361, 99999.9, 0.1379, 0, 100000, 0.3375
0.8425, 0.999999, -0.000238361, 99999.9, 0.1379, 0, 100000, 0.3425
0.8475, 0.999999, -0.000238361, 99999.9, 0.1379, 0, 100000, 0.3475
0.8525, 0.999999, -0.000238361, 99999.9, 0.1379, 0, 100000, 0.3525
0.8575, 0.999999, -0.000238361, 99999.9, 0.1379, 0, 100000, 0.3575
0.8625, 0.999999, -0.000238361, 99999.9, 0.1379, 0, 100000, 0.3625
0.8675, 0.999999, -0.000238361, 99999.9, 0.1379, 0, 100000, 0.3675
0.8725, 0.999999, -0.000238361, 99999.9, 0.1379, 0, 100000, 0.3725
0.8775, 0.999999, -0.000238361, 99999.9, 0.1379, 0, 100000, 0.3775
0.8825, 0.999999, -0.000238361, 99999.9, 0.1379, 0, 100000, 0.3825
0.8875, 0.999999, -0.000238361, 99999.9, 0.1379, 0, 100000, 0.3875
0.8925, 0.999999, -0.000238361, 99999.9, 0.1379, 0, 100000, 0.3925
0.8975, 0.999999, -0.000238361, 99999.9, 0.1379, 0, 100000, 0.3975
0.9025, 0.999999, -0.000238361, 99999.9, 0.1379, 0, 100000, 0.4025
0.9075, 0.999999, -0.000238361, 99999.9, 0.1379, 0, 100000, 0.4075
0.9125, 0.999999, -0.000238361, 99999.9, 0.1379, 0, 100000, 0.4125
0.9175, 0.999999, -0.000238361, 99999.9, 0.1379, 0, 100000, 0.4175
0.9225, 0.999999, -0.000238361, 99999.9, 0.1379, 0, 100000, 0.4225
0.9275, 0.999999, -0.000238361, 99999.9, 0.1379, 0, 100000, 0.4275
0.9325, 0.999999, -0.000238361, 99999.9, 0.1379, 0, 100000, 0.4325
0.9375, 0.999999, -0.000238361, 99999.9, 0.1379, 0, 100000, 0.4375
0.9425, 0.999999, -0.000238361, 99999.9, 0.1379, 0, 100000, 0.4425
0.9475, 0.999999, -0.000238361, 99999.9, 0.1379, 0, 100000, 0.4475
0.9525, 0.999999, -0.000238361, 99999.9, 0.1379, 0, 100000, 0.4525
0.9575, 0.999999, -0.000238361, 99999.9, 0.1379, 0, 100000, 0.4575
0.9625, 0.999999, -0.000238361, 99999.9, 0.1379, 0, 100000, 0.4625
0.9675, 0.999999, -0.000238361, 99999.9, 0.1379, 0, 100000, 0.4675
0.9725, 0.999999, -0.000238361, 99999.9, 0.1379, 0, 100000, 0.4725
0.9775, 0.999999, -0.000238361, 99999.9, 0.1379, 0, 100000, 0.4775
0.9825, 0.999999, -0.000238361, 99999.9, 0.1379, 0, 100000, 0.4825
0.9875, 0.999999, -0.000238361, 99999.9, 0.1379, 0, 100000, 0.4875
0.9925, 0.999999, -0.000238361, 99999.9, 0.1379, 0, 100000, 0.4925
0.9975, 0.999999, -0.000238361, 99999.9, 0.1379, 0, 100000, 0.4975
