0.0025, 1.33282, 111.841, 149971, 0.1379, -0.000238344, 99999.9, -0.4975
0.0075, 1.33256, 111.917, 149931, 0.1379, -0.000238344, 99999.9, -0.492907
0.0125, 1.33219, 112.026, 149874, 0.1379, -0.000238344, 99999.9, -0.487907
0.0175, 1.33193, 112.103, 149833, 0.1379, -0.000238344, 99999.9, -0.482907
0.0225, 1.33184, 112.138, 149814, 0.1379, -0.000238344, 99999.9, -0.477908
0.0275, 1.33183, 112.146, 149810, 0.1379, -0.000238344, 99999.9, -0.472908
0.0325, 1.33189, 112.132, 149817, 0.1379, -0.000238344, 99999.9, -0.467908
0.0375, 1.33214, 112.067, 149851, 0.1379, -0.000238344, 99999.9, -0.462907
0.0425, 1.33237, 111.971, 149902, 0.1379, -0.000238344, 99999.9, -0.457907
0.0475, 1.3324, 111.896, 149946, 0.1379, -0.000238344, 99999.9, -0.452907
0.0525, 1.3323, 111.853, 149970, 0.1379, -0.000238344, 99999.9, -0.447907
0.0575, 1.33188, 111.836, 149975, 0.1379, -0.000238344, 99999.9, -0.442907
0.0625, 1.33091, 111.847, 149971, 0.1379, -0.000238344, 99999.9, -0.437907
0.0675, 1.32957, 111.871, 149966, 0.1379, -0.000238344, 99999.9, -0.432907
0.0725, 1.32838, 111.888, 149967, 0.1379, -0.000238344, 99999.9, -0.427907
0.0775, 1.3277, 111.867, 149967, 0.1379, -0.000238344, 99999.9, -0.422907
0.0825, 1.3274, 111.782, 149928, 0.1379, -0.000238344, 99999.9, -0.417906
0.0875, 1.32729, 111.454, 149762, 0.1379, -0.000238344, 99999.9, -0.412904
0.0925, 1.32571, 110.315, 149174, 0.1379, -0.000238344, 99999.9, -0.407898
0.0975, 1.31043, 104.894, 146349, 0.1379, -0.000238344, 99999.9, -0.402867
0.1025, 1.24989, 86.4715, 136988, 0.1379, -0.000238344, 99999.9, -0.397779
0.1075, 1.15149, 54.8011, 122251, 0.1379, -0.000238344, 99999.9, -0.392663
0.1125, 1.07508, 27.9127, 110871, 0.1379, -0.000238344, 99999.9, -0.387578
0.1175, 1.03248, 12.1727, 104632, 0.1379, -0.000238344, 99999.9, -0.382532
0.1225, 1.01258, 4.71993, 101777, 0.1379, -0.000238344, 99999.9, -0.377512
0.1275, 1.00445, 1.66795, 100625, 0.1379, -0.000238344, 99999.9, -0.372504
0.1325, 1.00145, 0.542515, 100203, 0.1379, -0.000238344, 99999.9, -0.367501
0.1375, 1.00043, 0.162672, 100061, 0.1379, -0.000238344, 99999.9, -0.3625
0.1425, 1.00012, 0.0448698, 100017, 0.1379, -0.000238344, 99999.9, -0.3575
0.1475, 1.00003, 0.0113442, 100004, 0.1379, -0.000238344, 99999.9, -0.3525
0.1525, 1.00001, 0.00261782, 100001, 0.1379, -0.000238344, 99999.9, -0.3475
0.1575, 1, 0.000548825, 100000, 0.1379, -0.000238344, 99999.9, -0.3425
0.1625, 1, 0.000103996, 100000, 0.1379, -0.000238344, 99999.9, -0.3375
0.1675, 1, 1.77077e-05, 100000, 0.1379, -0.000238344, 99999.9, -0.3325
0.1725, 1, 2.69112e-06, 100000, 0.1379, -0.000238344, 99999.9, -0.3275
0.1775, 1, 3.62118e-07, 100000, 0.1379, -0.000238344, 99999.9, -0.3225
0.1825, 1, 4.27256e-08, 100000, 0.1379, -0.000238344, 99999.9, -0.3175
0.1875, 1, 4.36701e-09, 100000, 0.1379, -0.000238344, 99999.9, -0.3125
0.1925, 1, 3.80676e-10, 100000, 0.1379, -0.000238344, 99999.9, -0.3075
0.1975, 1, 2.77269e-11, 100000, 0.1379, -0.000238344, 99999.9, -0.3025
0.2025, 1, 1.6397e-12, 100000, 0.1379, -0.000238344, 99999.9, -0.2975
0.2075, 1, 6.34724e-14, 100000, 0.1379, -0.000238344, 99999.9, -0.2925
0.2125, 1, 0, 100000, 0.1379, -0.000238344, 99999.9, -0.2875
0.2175, 1, 0, 100000, 0.1379, -0.000238344, 99999.9, -0.2825
0.2225, 1, 0, 100000, 0.1379, -0.000238344, 99999.9, -0.2775
0.2275, 1, 0, 100000, 0.1379, -0.000238344, 99999.9, -0.2725
0.2325, 1, 0, 100000, 0.1379, -0.000238344, 99999.9, -0.2675
0.2375, 1, 0, 100000, 0.1379, -0.000238344, 99999.9, -0.2625
0.2425, 1, 0, 100000, 0.1379, -0.000238344, 99999.9, -0.2575
0.2475, 1, 0, 100000, 0.1379, -0.000238344, 99999.9, -0.2525
0.2525, 1, 0, 100000, 0.1379, -0.000238344, 99999.9, -0.2475
0.2575, 1, 0, 100000, 0.1379, -0.000238344, 99999.9, -0.2425
0.2625, 1, 0, 100000, 0.1379, -0.000238344, 99999.9, -0.2375
0.2675, 1, 0, 100000, 0.1379, -0.000238344, 99999.9, -0.2325
0.2725, 1, 0, 100000, 0.1379, -0.000238344, 99999.9, -0.2275
0.2775, 1, 0, 100000, 0.1379, -0.000238344, 99999.9, -0.2225
0.2825, 1, 0, 100000, 0.1379, -0.000238344, 99999.9, -0.2175
0.2875, 1, 0, 100000, 0.1379, -0.000238344, 99999.9, -0.2125
0.2925, 1, 0, 100000, 0.1379, -0.000238344, 99999.9, -0.2075
0.2975, 1, 0, 100000, 0.1379, -0.000238344, 99999.9, -0.2025
0.3025, 1, 0, 100000, 0.1379, -0.000238344, 99999.9, -0.1975
0.3075, 1, 0, 100000, 0.1379, -0.000238344, 99999.9, -0.1925
0.3125, 1, 0, 100000, 0.1379, -0.000238344, 99999.9, -0.1875
0.3175, 1, 0, 100000, 0.1379, -0.000238344, 99999.9, -0.1825
0.3225, 1, 0, 100000, 0.1379, -0.000238344, 99999.9, -0.1775
0.3275, 1, 0, 100000, 0.1379, -0.000238344, 99999.9, -0.1725
0.3325, 1, 0, 100000, 0.1379, -0.000238344, 99999.9, -0.1675
0.3375, 1, 0, 100000, 0.1379, -0.000238344, 99999.9, -0.1625
0.3425, 1, 0, 100000, 0.1379, -0.000238344, 99999.9, -0.1575
0.3475, 1, 0, 100000, 0.1379, -0.000238344, 99999.9, -0.1525
0.3525, 1, 0, 100000, 0.1379, -0.000238344, 99999.9, -0.1475
0.3575, 1, 0, 100000, 0.1379, -0.000238344, 99999.9, -0.1425
0.3625, 1, 0, 100000, 0.1379, -0.000238344, 99999.9, -0.1375
0.3675, 1, 0, 100000, 0.1379, -0.000238344, 99999.9, -0.1325
0.3725, 1, 0, 100000, 0.1379, -0.000238344, 99999.9, -0.1275
0.3775, 1, 4.2315e-14, 100000, 0.1379, -0.000238344, 99999.9, -0.1225
0.3825, 1, 2.85626e-13, 100000, 0.1379, -0.000238344, 99999.9, -0.1175
0.3875, 1, 1.67144e-12, 100000, 0.1379, -0.000238344, 99999.9, -0.1125
0.3925, 1, 8.43126e-12, 100000, 0.1379, -0.000238344, 99999.9, -0.1075
0.3975, 1, 3.91308e-11, 100000, 0.1379, -0.000238344, 99999.9, -0.1025
0.4025, 1, 1.67768e-10, 100000, 0.1379, -0.000238344, 99999.9, -0.0975
0.4075, 1, 6.66704e-10, 100000, 0.1379, -0.000238344, 99999.9, -0.0925
0.4125, 1, 2.4703e-09, 100000, 0.1379, -0.000238344, 99999.9, -0.0875
0.4175, 1, 8.57355e-09, 100000, 0.1379, -0.000238344, 99999.9, -0.0825
0.4225, 1, 2.8014e-08, 100000, 0.1379, -0.000238344, 99999.9, -0.0775
0.4275, 1, 8.64206e-08, 100000, 0.1379, -0.000238344, 99999.9, -0.0725
0.4325, 1, 2.5394e-07, 100000, 0.1379, -0.000238344, 99999.9, -0.0675
0.4375, 1, 7.18807e-07, 100000, 0.1379, -0.000238344, 99999.9, -0.0625
0.4425, 1, 1.86964e-06, 100000, 0.1379, -0.000238344, 99999.9, -0.0575
0.4475, 1, 3.53441e-06, 100000, 0.1379, -0.000238344, 99999.9, -0.0525
0.4525, 1, 5.05503e-06, 100000, 0.1379, -0.000238344, 99999.9, -0.0475
0.4575, 1, 6.11485e-06, 100000, 0.1379, -0.000238344, 99999.9, -0.0425
0.4625, 1, 6.73827e-06, 100000, 0.1379, -0.000238344, 99999.9, -0.0375
0.4675, 1, 7.03922e-06, 100000, 0.1379, -0.000238344, 99999.9, -0.0325
0.4725, 1, 7.14835e-06, 100000, 0.1379, -0.000238344, 99999.9, -0.0275
0.4775, 1, 7.1709e-06, 100000, 0.1379, -0.000238344, 99999.9, -0.0225
0.4825, 1, 7.13085e-06, 100000, 0.1379, -0.000238344, 99999.9, -0.0175
0.4875, 1, 6.79973e-06, 100000, 0.1379, -0.000238344, 99999.9, -0.0125
0.4925, 1, 3.86795e-06, 100000, 0.1379, -0.000238344, 99999.9, -0.00749999
0.4975, 1, -4.88658e-05, 100000, 0.1379, -0.000391663, 99999.9, -0.00249999
0.5025, 1, -0.000171611, 99999.9, 0.1379, -0.00042784, 99999.9, 0.00250001
0.5075, 0.999999, -0.000238344, 99999.9, 0.1379, -0.000429968, 99999.9, 0.00750001
0.5125, 0.999999, -0.000238344, 99999.9, 0.1379, -0.000429951, 99999.9, 0.0125
0.5175, 0.999999, -0.000238344, 99999.9, 0.1379, -0.000429929, 99999.9, 0.0175
0.5225, 0.999999, -0.000238344, 99999.9, 0.1379, -0.000429904, 99999.9, 0.0225
0.5275, 0.999999, -0.000238344, 99999.9, 0.1379, -0.000429872, 99999.9, 0.0275
0.5325, 0.999999, -0.000238344, 99999.9, 0.1379, -0.000429836, 99999.9, 0.0325
0.5375, 0.999999, -0.000238344, 99999.9, 0.1379, -0.000429803, 99999.9, 0.0375
0.5425, 0.999999, -0.000238344, 99999.9, 0.1379, -0.000429781, 99999.9, 0.0425
0.5475, 0.999999, -0.000238344, 99999.9, 0.1379, -0.000429773, 99999.9, 0.0475
0.5525, 0.999999, -0.000238344, 99999.9, 0.1379, -0.000429774, 99999.9, 0.0525
0.5575, 0.999999, -0.000238344, 99999.9, 0.1379, -0.000429798, 99999.9, 0.0575
0.5625, 0.999999, -0.000238344, 99999.9, 0.1379, -0.000429854, 99999.9, 0.0625
0.5675, 0.999999, -0.000238344, 99999.9, 0.1379, -0.000429925, 99999.9, 0.0675
0.5725, 0.999999, -0.000238344, 99999.9, 0.1379, -0.000430005, 99999.9, 0.0725
0.5775, 0.999999, -0.000238344, 99999.9, 0.1379, -0.000430071, 99999.9, 0.0775
0.5825, 0.999999, -0.000238344, 99999.9, 0.1379, -0.000430107, 99999.9, 0.0825
0.5875, 0.999999, -0.000238344, 99999.9, 0.1379, -0.000430116, 99999.9, 0.0875
0.5925, 0.999999, -0.000238344, 99999.9, 0.1379, -0.0004301, 99999.9, 0.0925
0.5975, 0.999999, -0.000238344, 99999.9, 0.1379, -0.000429993, 99999.9, 0.0975
0.6025, 0.999999, -0.000238344, 99999.9, 0.1379, -0.00042965, 99999.9, 0.1025
0.6075, 0.999999, -0.000238344, 99999.9, 0.1379, -0.000429016, 99999.9, 0.1075
0.6125, 0.999999, -0.000238344, 99999.9, 0.1379, -0.000427792, 99999.9, 0.1125
0.6175, 0.999999, -0.000238344, 99999.9, 0.1379, -0.000425135, 99999.9, 0.1175
0.6225, 0.999999, -0.000238344, 99999.9, 0.1379, -0.000418662, 99999.9, 0.1225
0.6275, 0.999999, -0.000238344, 99999.9, 0.1379, -0.000399955, 99999.9, 0.1275
0.6325, 0.999999, -0.000238344, 99999.9, 0.1379, -0.000338562, 99999.9, 0.1325
0.6375, 0.999999, -0.000238344, 99999.9, 0.1379, -0.000223553, 100000, 0.1375
0.6425, 0.999999, -0.000238344, 99999.9, 0.1379, -0.000119516, 100000, 0.1425
0.6475, 0.999999, -0.000238344, 99999.9, 0.1379, -5.21689e-05, 100000, 0.1475
0.6525, 0.999999, -0.000238344, 99999.9, 0.1379, -1.80961e-05, 100000, 0.1525
0.6575, 0.999999, -0.000238344, 99999.9, 0.1379, -4.79798e-06, 100000, 0.1575
0.6625, 0.999999, -0.000238344, 99999.9, 0.1379, -9.13826e-07, 100000, 0.1625
0.6675, 0.999999, -0.000238344, 99999.9, 0.1379, -1.11397e-07, 100000, 0.1675
0.6725, 0.999999, -0.000238344, 99999.9, 0.1379, -6.53243e-09, 100000, 0.1725
0.6775, 0.999999, -0.000238344, 99999.9, 0.1379, 7.67131e-14, 100000, 0.1775
0.6825, 0.999999, -0.000238344, 99999.9, 0.1379, 0, 100000, 0.1825
0.6875, 0.999999, -0.000238344, 99999.9, 0.1379, 0, 100000, 0.1875
0.6925, 0.999999, -0.000238344, 99999.9, 0.1379, 0, 100000, 0.1925
0.6975, 0.999999, -0.000238344, 99999.9, 0.1379, 0, 100000, 0.1975
0.7025, 0.999999, -0.000238344, 99999.9, 0.1379, 0, 100000, 0.2025
0.7075, 0.999999, -0.000238344, 99999.9, 0.1379, 0, 100000, 0.2075
0.7125, 0.999999, -0.000238344, 99999.9, 0.1379, 0, 100000, 0.2125
0.7175, 0.999999, -0.000238344, 99999.9, 0.1379, 0, 100000, 0.2175
0.7225, 0.999999, -0.000238344, 99999.9, 0.1379, 0, 100000, 0.2225
0.7275, 0.999999, -0.000238344, 99999.9, 0.1379, 0, 100000, 0.2275
0.7325, 0.999999, -0.000238344, 99999.9, 0.1379, 0, 100000, 0.2325
0.7375, 0.999999, -0.000238344, 99999.9, 0.1379, 0, 100000, 0.2375
0.7425, 0.999999, -0.000238344, 99999.9, 0.1379, 0, 100000, 0.2425
0.7475, 0.999999, -0.000238344, 99999.9, 0.1379, 0, 100000, 0.2475
0.7525, 0.999999, -0.000238344, 99999.9, 0.1379, 0, 100000, 0.2525
0.7575, 0.999999, -0.000238344, 99999.9, 0.1379, 0, 100000, 0.2575
0.7625, 0.999999, -0.000238344, 99999.9, 0.1379, 0, 100000, 0.2625
0.7675, 0.999999, -0.000238344, 99999.9, 0.1379, 0, 100000, 0.2675
0.7725, 0.999999, -0.000238344, 99999.9, 0.1379, 0, 100000, 0.2725
0.7775, 0.999999, -0.000238344, 99999.9, 0.1379, 0, 100000, 0.2775
0.7825, 0.999999, -0.000238344, 99999.9, 0.1379, 0, 100000, 0.2825
0.7875, 0.999999, -0.000238344, 99999.9, 0.1379, 0, 100000, 0.2875
0.7925, 0.999999, -0.000238344, 99999.9, 0.1379, 0, 100000, 0.2925
0.7975, 0.999999, -0.000238344, 99999.9, 0.1379, 0, 100000, 0.2975
0.8025, 0.999999, -0.000238344, 99999.9, 0.1379, 0, 100000, 0.3025
0.8075, 0.999999, -0.000238344, 99999.9, 0.1379, 0, 100000, 0.3075
0.8125, 0.999999, -0.000238344, 99999.9, 0.1379, 0, 100000, 0.3125
0.8175, 0.999999, -0.000238344, 99999.9, 0.1379, 0, 100000, 0.3175
0.8225, 0.999999, -0.000238344, 99999.9, 0.1379, 0, 100000, 0.3225
0.8275, 0.999999, -0.000238344, 99999.9, 0.1379, 0, 100000, 0.3275
0.8325, 0.999999, -0.000238344, 99999.9, 0.1379, 0, 100000, 0.3325
0.8375, 0.999999, -0.000238344, 99999.9, 0.1379, 0, 100000, 0.3375
0.8425, 0.999999, -0.000238344, 99999.9, 0.1379, 0, 100000, 0.3425
0.8475, 0.999999, -0.000238344, 99999.9, 0.1379, 0, 100000, 0.3475
0.8525, 0.999999, -0.000238344, 99999.9, 0.1379, 0, 100000, 0.3525
0.8575, 0.999999, -0.000238344, 99999.9, 0.1379, 0, 100000, 0.3575
0.8625, 0.999999, -0.000238344, 99999.9, 0.1379, 0, 100000, 0.3625
0.8675, 0.999999, -0.000238344, 99999.9, 0.1379, 0, 100000, 0.3675
0.8725, 0.999999, -0.000238344, 99999.9, 0.1379, 0, 100000, 0.3725
0.8775, 0.999999, -0.000238344, 99999.9, 0.1379, 0, 100000, 0.3775
0.8825, 0.999999, -0.000238344, 99999.9, 0.1379, 0, 100000, 0.3825
0.8875, 0.999999, -0.000238344, 99999.9, 0.1379, 0, 100000, 0.3875
0.8925, 0.999999, -0.000238344, 99999.9, 0.1379, 0, 100000, 0.3925
0.8975, 0.999999, -0.000238344, 99999.9, 0.1379, 0, 100000, 0.3975
0.9025, 0.999999, -0.000238344, 99999.9, 0.1379, 0, 100000, 0.4025
0.9075, 0.999999, -0.000238344, 99999.9, 0.1379, 0, 100000, 0.4075
0.9125, 0.999999, -0.000238344, 99999.9, 0.1379, 0, 100000, 0.4125
0.9175, 0.999999, -0.000238344, 99999.9, 0.1379, 0, 100000, 0.4175
0.9225, 0.999999, -0.000238344, 99999.9, 0.1379, 0, 100000, 0.4225
0.9275, 0.999999, -0.000238344, 99999.9, 0.1379, 0, 100000, 0.4275
0.9325, 0.999999, -0.000238344, 99999.9, 0.1379, 0, 100000, 0.4325
0.9375, 0.999999, -0.000238344, 99999.9, 0.1379, 0, 100000, 0.4375
0.9425, 0.999999, -0.000238344, 99999.9, 0.1379, 0, 100000, 0.4425
0.9475, 0.999999, -0.000238344, 99999.9, 0.1379, 0, 100000, 0.4475
0.9525, 0.999999, -0.000238344, 99999.9, 0.1379, 0, 100000, 0.4525
0.9575, 0.999999, -0.000238344, 99999.9, 0.1379, 0, 100000, 0.4575
0.9625, 0.999999, -0.000238344, 99999.9, 0.1379, 0, 100000, 0.4625
0.9675, 0.999999, -0.000238344, 99999.9, 0.1379, 0, 100000, 0.4675
0.9725, 0.999999, -0.000238344, 99999.9, 0.1379, 0, 100000, 0.4725
0.9775, 0.999999, -0.000238344, 99999.9, 0.1379, 0, 100000, 0.4775
0.9825, 0.999999, -0.000238344, 99999.9, 0.1379, 0, 100000, 0.4825
0.9875, 0.999999, -0.000238344, 99999.9, 0.1379, 0, 100000, 0.4875
0.9925, 0.999999, -0.000238344, 99999.9, 0.1379, 0, 100000, 0.4925
0.9975, 0.999999, -0.000238344, 99999.9, 0.1379, 0, 100000, 0.4975
