0.0025, 1.33291, 111.806, 149989, 0.13794, 0.316179, 100048, -0.497503
0.0075, 1.33291, 111.806, 149990, 0.13794, 0.316179, 100048, -0.49291
0.0125, 1.33292, 111.804, 149991, 0.13794, 0.316179, 100048, -0.48791
0.0175, 1.33292, 111.803, 149991, 0.13794, 0.316179, 100048, -0.48291
0.0225, 1.33293, 111.801, 149992, 0.13794, 0.316179, 100048, -0.47791
0.0275, 1.33293, 111.799, 149994, 0.13794, 0.316179, 100048, -0.47291
0.0325, 1.33294, 111.797, 149994, 0.13794, 0.316179, 100048, -0.46791
0.0375, 1.33294, 111.796, 149995, 0.13794, 0.316179, 100048, -0.46291
0.0425, 1.33294, 111.795, 149995, 0.13794, 0.316179, 100048, -0.45791
0.0475, 1.33295, 111.795, 149996, 0.13794, 0.316179, 100048, -0.45291
0.0525, 1.33295, 111.794, 149996, 0.13794, 0.316179, 100048, -0.44791
0.0575, 1.33295, 111.795, 149996, 0.13794, 0.316179, 100048, -0.44291
0.0625, 1.33295, 111.796, 149995, 0.13794, 0.316179, 100048, -0.43791
0.0675, 1.33295, 111.798, 149994, 0.13794, 0.316179, 100048, -0.43291
0.0725, 1.33295, 111.799, 149993, 0.13794, 0.316179, 100048, -0.42791
0.0775, 1.33295, 111.8, 149993, 0.13794, 0.316179, 100048, -0.42291
0.0825, 1.33296, 111.801, 149992, 0.13794, 0.316179, 100048, -0.41791
0.0875, 1.33296, 111.801, 149992, 0.13794, 0.316179, 100048, -0.41291
0.0925, 1.33296, 111.801, 149992, 0.13794, 0.316179, 100048, -0.40791
0.0975, 1.33296, 111.801, 149992, 0.13794, 0.316179, 100048, -0.40291
0.1025, 1.33296, 111.8, 149993, 0.13794, 0.316179, 100048, -0.39791
0.1075, 1.33296, 111.799, 149994, 0.13794, 0.316179, 100048, -0.39291
0.1125, 1.33295, 111.797, 149995, 0.13794, 0.316179, 100048, -0.38791
0.1175, 1.33291, 111.796, 149995, 0.13794, 0.316179, 100048, -0.38291
0.1225, 1.33277, 111.794, 149996, 0.13794, 0.316179, 100048, -0.37791
0.1275, 1.33246, 111.792, 149997, 0.13794, 0.316179, 100048, -0.37291
0.1325, 1.33202, 111.792, 149997, 0.13794, 0.316179, 100048, -0.36791
0.1375, 1.33156, 111.792, 149997, 0.13794, 0.316179, 100048, -0.36291
0.1425, 1.33118, 111.793, 149996, 0.13794, 0.316179, 100048, -0.35791
0.1475, 1.33089, 111.794, 149996, 0.13794, 0.316179, 100048, -0.35291
0.1525, 1.33069, 111.795, 149995, 0.13794, 0.316179, 100048, -0.34791
0.1575, 1.33058, 111.797, 149994, 0.13794, 0.316179, 100048, -0.34291
0.1625, 1.33054, 111.799, 149994, 0.13794, 0.316179, 100048, -0.33791
0.1675, 1.33053, 111.8, 149993, 0.13794, 0.316179, 100048, -0.33291
0.1725, 1.33056, 111.801, 149992, 0.13794, 0.316179, 100048, -0.32791
0.1775, 1.33072, 111.801, 149992, 0.13794, 0.316179, 100048, -0.32291
0.1825, 1.33112, 111.801, 149993, 0.13794, 0.316179, 100048, -0.31791
0.1875, 1.33165, 111.8, 149993, 0.13794, 0.316179, 100048, -0.31291
0.1925, 1.33213, 111.8, 149993, 0.13794, 0.316179, 100048, -0.30791
0.1975, 1.3325, 111.799, 149994, 0.13794, 0.316179, 100048, -0.30291
0.2025, 1.33276, 111.799, 149994, 0.13794, 0.316179, 100048, -0.29791
0.2075, 1.33294, 111.798, 149994, 0.13794, 0.316179, 100048, -0.29291
0.2125, 1.33304, 111.797, 149994, 0.13794, 0.316179, 100048, -0.28791
0.2175, 1.33309, 111.796, 149995, 0.13794, 0.316179, 100048, -0.28291
0.2225, 1.33311, 111.794, 149996, 0.13794, 0.316179, 100048, -0.27791
0.2275, 1.33311, 111.792, 149997, 0.13794, 0.316179, 100048, -0.27291
0.2325, 1.33308, 111.79, 149998, 0.13794, 0.316179, 100048, -0.26791
0.2375, 1.33302, 111.789, 149998, 0.13794, 0.316179, 100048, -0.262909
0.2425, 1.33297, 111.789, 149998, 0.13794, 0.316179, 100048, -0.257909
0.2475, 1.33294, 111.79, 149998, 0.13794, 0.316179, 100048, -0.252909
0.2525, 1.33293, 111.791, 149998, 0.13794, 0.316179, 100048, -0.24791
0.2575, 1.33294, 111.793, 149996, 0.13794, 0.316179, 100048, -0.24291
0.2625, 1.33297, 111.795, 149995, 0.13794, 0.316179, 100048, -0.23791
0.2675, 1.33308, 111.798, 149994, 0.13794, 0.316179, 100048, -0.23291
0.2725, 1.33322, 111.799, 149994, 0.13794, 0.316179, 100048, -0.22791
0.2775, 1.33333, 111.799, 149994, 0.13794, 0.316179, 100048, -0.22291
0.2825, 1.33341, 111.799, 149994, 0.13794, 0.316179, 100048, -0.21791
0.2875, 1.33345, 111.799, 149994, 0.13794, 0.316179, 100048, -0.21291
0.2925, 1.33347, 111.798, 149994, 0.13794, 0.316179, 100048, -0.20791
0.2975, 1.33347, 111.798, 149994, 0.13794, 0.316179, 100048, -0.20291
0.3025, 1.33345, 111.798, 149994, 0.13794, 0.316179, 100048, -0.19791
0.3075, 1.33336, 111.798, 149994, 0.13794, 0.316179, 100048, -0.19291
0.3125, 1.33323, 111.798, 149994, 0.13794, 0.316179, 100048, -0.18791
0.3175, 1.33311, 111.798, 149994, 0.13794, 0.316179, 100048, -0.18291
0.3225, 1.33304, 111.797, 149994, 0.13794, 0.316179, 100048, -0.17791
0.3275, 1.33301, 111.796, 149994, 0.13794, 0.316179, 100048, -0.17291
0.3325, 1.333, 111.795, 149995, 0.13794, 0.316179, 100048, -0.16791
0.3375, 1.33301, 111.794, 149996, 0.13794, 0.316179, 100048, -0.16291
0.3425, 1.33307, 111.792, 149997, 0.13794, 0.316179, 100048, -0.15791
0.3475, 1.33321, 111.791, 149997, 0.13794, 0.316179, 100048, -0.15291
0.3525, 1.33336, 111.791, 149998, 0.13794, 0.316179, 100048, -0.14791
0.3575, 1.33348, 111.792, 149998, 0.13794, 0.316179, 100048, -0.14291
0.3625, 1.33354, 111.793, 149997, 0.13794, 0.316179, 100048, -0.13791
0.3675, 1.33357, 111.794, 149997, 0.13794, 0.316179, 100048, -0.13291
0.3725, 1.33358, 111.796, 149996, 0.13794, 0.316179, 100048, -0.12791
0.3775, 1.33358, 111.798, 149995, 0.13794, 0.316179, 100048, -0.12291
0.3825, 1.33354, 111.798, 149994, 0.13794, 0.316179, 100048, -0.11791
0.3875, 1.33342, 111.798, 149994, 0.13794, 0.316179, 100048, -0.11291
0.3925, 1.33321, 111.797, 149994, 0.13794, 0.316179, 100048, -0.10791
0.3975, 1.33302, 111.796, 149995, 0.13794, 0.316179, 100048, -0.10291
0.4025, 1.33292, 111.796, 149995, 0.13794, 0.316179, 100048, -0.0979095
0.4075, 1.33288, 111.797, 149996, 0.13794, 0.316179, 100048, -0.0929095
0.4125, 1.33289, 111.798, 149996, 0.13794, 0.316179, 100048, -0.0879095
0.4175, 1.333, 111.798, 149996, 0.13794, 0.316179, 100048, -0.0829095
0.4225, 1.33316, 111.795, 149994, 0.13794, 0.316179, 100048, -0.0779095
0.4275, 1.33328, 111.786, 149985, 0.13794, 0.316179, 100048, -0.0729095
0.4325, 1.33334, 111.747, 149965, 0.13794, 0.316179, 100048, -0.0679092
0.4375, 1.33307, 111.597, 149891, 0.13794, 0.316179, 100048, -0.0629084
0.4425, 1.33131, 111.073, 149617, 0.13794, 0.316179, 100048, -0.0579056
0.4475, 1.32497, 109.238, 148666, 0.13794, 0.316179, 100048, -0.0528943
0.4525, 1.29764, 101.155, 144447, 0.13794, 0.316179, 100048, -0.0478509
0.4575, 1.22613, 79.2178, 133509, 0.13794, 0.316179, 100048, -0.0427571
0.4625, 1.13834, 50.1701, 120245, 0.13794, 0.316179, 100048, -0.0376554
0.4675, 1.0747, 27.617, 110764, 0.13794, 0.316179, 100048, -0.0325842
0.4725, 1.03723, 13.8747, 105297, 0.13794, 0.316179, 100048, -0.0275431
0.4775, 1.01768, 6.60919, 102496, 0.13794, 0.316179, 100048, -0.0225221
0.4825, 1.00817, 3.06543, 101148, 0.13794, 0.316179, 100048, -0.017512
0.4875, 1.00368, 1.40683, 100516, 0.13794, 0.316179, 100048, -0.0125073
0.4925, 1.00154, 0.649913, 100216, 0.13794, 0.316179, 100048, -0.00750514
0.4975, 1.00058, 0.358572, 100082, 0.13794, 0.315803, 100048, -0.00250432
0.5025, 1.00034, 0.309715, 100048, 0.137938, 0.305084, 100046, 0.00249583
0.5075, 1.00034, 0.316179, 100048, 0.137928, 0.22067, 100033, 0.00749606
0.5125, 1.00034, 0.316179, 100048, 0.13792, 0.15948, 100024, 0.0124962
0.5175, 1.00034, 0.316179, 100048, 0.137914, 0.115151, 100017, 0.0174964
0.5225, 1.00034, 0.316179, 100048, 0.13791, 0.083055, 100013, 0.0224965
0.5275, 1.00034, 0.316179, 100048, 0.137907, 0.0598303, 100009, 0.0274965
0.5325, 1.00034, 0.316179, 100048, 0.137905, 0.043035, 100007, 0.0324966
0.5375, 1.00034, 0.316179, 100048, 0.137904, 0.0308974, 100005, 0.0374966
0.5425, 1.00034, 0.316179, 100048, 0.137903, 0.0221322, 100003, 0.0424966
0.5475, 1.00034, 0.316179, 100048, 0.137902, 0.0158074, 100002, 0.0474966
0.5525, 1.00034, 0.316179, 100048, 0.137901, 0.0112478, 100002, 0.0524967
0.5575, 1.00034, 0.316179, 100048, 0.137901, 0.00796422, 100001, 0.0574967
0.5625, 1.00034, 0.316179, 100048, 0.137901, 0.00560264, 100001, 0.0624967
0.5675, 1.00034, 0.316179, 100048, 0.1379, 0.00390675, 100001, 0.0674967
0.5725, 1.00034, 0.316179, 100048, 0.1379, 0.00269075, 100000, 0.0724967
0.5775, 1.00034, 0.316179, 100048, 0.1379, 0.00181978, 100000, 0.0774967
0.5825, 1.00034, 0.316179, 100048, 0.1379, 0.001196, 100000, 0.0824967
0.5875, 1.00034, 0.316179, 100048, 0.1379, 0.000748707, 100000, 0.0874967
0.5925, 1.00034, 0.316179, 100048, 0.1379, 0.000426929, 100000, 0.0924967
0.5975, 1.00034, 0.316179, 100048, 0.1379, 0.00019412, 100000, 0.0974967
0.6025, 1.00034, 0.316179, 100048, 0.1379, 2.44209e-05, 100000, 0.102497
0.6075, 1.00034, 0.316179, 100048, 0.1379, -0.000100111, 100000, 0.107497
0.6125, 1.00034, 0.316179, 100048, 0.1379, -0.000191858, 100000, 0.112497
0.6175, 1.00034, 0.316179, 100048, 0.1379, -0.000259537, 100000, 0.117497
0.6225, 1.00034, 0.316179, 100048, 0.1379, -0.000309429, 100000, 0.122497
0.6275, 1.00034, 0.316179, 100048, 0.1379, -0.000346032, 99999.9, 0.127497
0.6325, 1.00034, 0.316179, 100048, 0.1379, -0.000372543, 99999.9, 0.132497
0.6375, 1.00034, 0.316179, 100048, 0.1379, -0.000391316, 99999.9, 0.137497
0.6425, 1.00034, 0.316179, 100048, 0.1379, -0.000404259, 99999.9, 0.142497
0.6475, 1.00034, 0.316179, 100048, 0.1379, -0.000412993, 99999.9, 0.147497
0.6525, 1.00034, 0.316179, 100048, 0.1379, -0.000418846, 99999.9, 0.152497
0.6575, 1.00034, 0.316179, 100048, 0.1379, -0.000422793, 99999.9, 0.157497
0.6625, 1.00034, 0.316179, 100048, 0.1379, -0.000425478, 99999.9, 0.162497
0.6675, 1.00034, 0.316179, 100048, 0.1379, -0.000427301, 99999.9, 0.167497
0.6725, 1.00034, 0.316179, 100048, 0.1379, -0.000428518, 99999.9, 0.172497
0.6775, 1.00034, 0.316179, 100048, 0.1379, -0.000429302, 99999.9, 0.177497
0.6825, 1.00034, 0.316179, 100048, 0.1379, -0.00042978, 99999.9, 0.182497
0.6875, 1.00034, 0.316179, 100048, 0.1379, -0.000430052, 99999.9, 0.187497
0.6925, 1.00034, 0.316179, 100048, 0.1379, -0.000430191, 99999.9, 0.192497
0.6975, 1.00034, 0.316179, 100048, 0.1379, -0.000430253, 99999.9, 0.197497
0.7025, 1.00034, 0.316179, 100048, 0.1379, -0.000430275, 99999.9, 0.202497
0.7075, 1.00034, 0.316179, 100048, 0.1379, -0.00043028, 99999.9, 0.207497
0.7125, 1.00034, 0.316179, 100048, 0.1379, -0.000430275, 99999.9, 0.212497
0.7175, 1.00034, 0.316179, 100048, 0.1379, -0.000430255, 99999.9, 0.217497
0.7225, 1.00034, 0.316179, 100048, 0.1379, -0.000430234, 99999.9, 0.222497
0.7275, 1.00034, 0.316179, 100048, 0.1379, -0.000430217, 99999.9, 0.227497
0.7325, 1.00034, 0.316179, 100048, 0.1379, -0.000430204, 99999.9, 0.232497
0.7375, 1.00034, 0.316179, 100048, 0.1379, -0.000430193, 99999.9, 0.237497
0.7425, 1.00034, 0.316179, 100048, 0.1379, -0.000430184, 99999.9, 0.242497
0.7475, 1.00034, 0.316179, 100048, 0.1379, -0.000430177, 99999.9, 0.247497
0.7525, 1.00034, 0.316179, 100048, 0.1379, -0.000430172, 99999.9, 0.252497
0.7575, 1.00034, 0.316179, 100048, 0.1379, -0.000430169, 99999.9, 0.257497
0.7625, 1.00034, 0.316179, 100048, 0.1379, -0.000430166, 99999.9, 0.262497
0.7675, 1.00034, 0.316179, 100048, 0.1379, -0.000430164, 99999.9, 0.267497
0.7725, 1.00034, 0.316179, 100048, 0.1379, -0.000430163, 99999.9, 0.272497
0.7775, 1.00034, 0.316179, 100048, 0.1379, -0.000430162, 99999.9, 0.277497
0.7825, 1.00034, 0.316179, 100048, 0.1379, -0.000430161, 99999.9, 0.282497
0.7875, 1.00034, 0.316179, 100048, 0.1379, -0.000430161, 99999.9, 0.287497
0.7925, 1.00034, 0.316179, 100048, 0.1379, -0.000430161, 99999.9, 0.292497
0.7975, 1.00034, 0.316179, 100048, 0.1379, -0.00043016, 99999.9, 0.297497
0.8025, 1.00034, 0.316179, 100048, 0.1379, -0.00043016, 99999.9, 0.302497
0.8075, 1.00034, 0.316179, 100048, 0.1379, -0.00043016, 99999.9, 0.307497
0.8125, 1.00034, 0.316179, 100048, 0.1379, -0.00043016, 99999.9, 0.312497
0.8175, 1.00034, 0.316179, 100048, 0.1379, -0.00043016, 99999.9, 0.317497
0.8225, 1.00034, 0.316179, 100048, 0.1379, -0.00043016, 99999.9, 0.322497
0.8275, 1.00034, 0.316179, 100048, 0.1379, -0.00043016, 99999.9, 0.327497
0.8325, 1.00034, 0.316179, 100048, 0.1379, -0.00043016, 99999.9, 0.332497
0.8375, 1.00034, 0.316179, 100048, 0.1379, -0.00043016, 99999.9, 0.337497
0.8425, 1.00034, 0.316179, 100048, 0.1379, -0.00043016, 99999.9, 0.342497
0.8475, 1.00034, 0.316179, 100048, 0.1379, -0.00043016, 99999.9, 0.347497
0.8525, 1.00034, 0.316179, 100048, 0.1379, -0.00043016, 99999.9, 0.352497
0.8575, 1.00034, 0.316179, 100048, 0.1379, -0.00043016, 99999.9, 0.357497
0.8625, 1.00034, 0.316179, 100048, 0.1379, -0.00043016, 99999.9, 0.362497
0.8675, 1.00034, 0.316179, 100048, 0.1379, -0.00043016, 99999.9, 0.367497
0.8725, 1.00034, 0.316179, 100048, 0.1379, -0.00043016, 99999.9, 0.372497
0.8775, 1.00034, 0.316179, 100048, 0.1379, -0.00043016, 99999.9, 0.377497
0.8825, 1.00034, 0.316179, 100048, 0.1379, -0.00043016, 99999.9, 0.382497
0.8875, 1.00034, 0.316179, 100048, 0.1379, -0.00043016, 99999.9, 0.387497
0.8925, 1.00034, 0.316179, 100048, 0.1379, -0.00043016, 99999.9, 0.392497
0.8975, 1.00034, 0.316179, 100048, 0.1379, -0.00043016, 99999.9, 0.397497
0.9025, 1.00034, 0.316179, 100048, 0.1379, -0.00043016, 99999.9, 0.402497
0.9075, 1.00034, 0.316179, 100048, 0.1379, -0.00043016, 99999.9, 0.407497
0.9125, 1.00034, 0.316179, 100048, 0.1379, -0.00043016, 99999.9, 0.412497
0.9175, 1.00034, 0.316179, 100048, 0.1379, -0.00043016, 99999.9, 0.417497
0.9225, 1.00034, 0.316179, 100048, 0.1379, -0.00043016, 99999.9, 0.422497
0.9275, 1.00034, 0.316179, 100048, 0.1379, -0.00043016, 99999.9, 0.427497
0.9325, 1.00034, 0.316179, 100048, 0.1379, -0.00043016, 99999.9, 0.432497
0.9375, 1.00034, 0.316179, 100048, 0.1379, -0.00043016, 99999.9, 0.437497
0.9425, 1.00034, 0.316179, 100048, 0.1379, -0.00043016, 99999.9, 0.442497
0.9475, 1.00034, 0.316179, 100048, 0.1379, -0.00043016, 99999.9, 0.447497
0.9525, 1.00034, 0.316179, 100048, 0.1379, -0.00043016, 99999.9, 0.452497
0.9575, 1.00034, 0.316179, 100048, 0.1379, -0.00043016, 99999.9, 0.457497
0.9625, 1.00034, 0.316179, 100048, 0.1379, -0.00043016, 99999.9, 0.462497
0.9675, 1.00034, 0.316179, 100048, 0.1379, -0.000430161, 99999.9, 0.467497
0.9725, 1.00034, 0.316179, 100048, 0.1379, -0.000430161, 99999.9, 0.472497
0.9775, 1.00034, 0.316179, 100048, 0.1379, -0.000430161, 99999.9, 0.477497
0.9825, 1.00034, 0.316179, 100048, 0.1379, -0.000430161, 99999.9, 0.482497
0.9875, 1.00034, 0.316179, 100048, 0.1379, -0.000430161, 99999.9, 0.487497
0.9925, 1.00034, 0.316179, 100048, 0.1379, -0.000430161, 99999.9, 0.492497
0.9975, 1.00034, 0.316179, 100048, 0.1379, -0.000430161, 99999.9, 0.497497
