0.0025, 1.33254, 111.92, 149929, 0.1379, -0.000238503, 99999.9, -0.4975
0.0075, 1.33262, 111.894, 149943, 0.1379, -0.000238503, 99999.9, -0.492907
0.0125, 1.3327, 111.872, 149955, 0.1379, -0.000238503, 99999.9, -0.487907
0.0175, 1.33274, 111.863, 149959, 0.1379, -0.000238503, 99999.9, -0.482907
0.0225, 1.33276, 111.859, 149962, 0.1379, -0.000238503, 99999.9, -0.477907
0.0275, 1.33279, 111.855, 149964, 0.1379, -0.000238503, 99999.9, -0.472907
0.0325, 1.33281, 111.851, 149966, 0.1379, -0.000238503, 99999.9, -0.467907
0.0375, 1.33284, 111.845, 149969, 0.1379, -0.000238503, 99999.9, -0.462907
0.0425, 1.33286, 111.837, 149973, 0.1379, -0.000238503, 99999.9, -0.457906
0.0475, 1.33287, 111.829, 149978, 0.1379, -0.000238503, 99999.9, -0.452906
0.0525, 1.33286, 111.823, 149981, 0.1379, -0.000238503, 99999.9, -0.447906
0.0575, 1.33283, 111.82, 149983, 0.1379, -0.000238503, 99999.9, -0.442906
0.0625, 1.33275, 111.819, 149984, 0.1379, -0.000238503, 99999.9, -0.437906
0.0675, 1.33247, 111.82, 149983, 0.1379, -0.000238503, 99999.9, -0.432906
0.0725, 1.33181, 111.822, 149982, 0.1379, -0.000238503, 99999.9, -0.427906
0.0775, 1.33089, 111.822, 149982, 0.1379, -0.000238503, 99999.9, -0.422906
0.0825, 1.33007, 111.821, 149982, 0.1379, -0.000238503, 99999.9, -0.417906
0.0875, 1.32952, 111.819, 149982, 0.1379, -0.000238503, 99999.9, -0.412906
0.0925, 1.32926, 111.818, 149982, 0.1379, -0.000238503, 99999.9, -0.407906
0.0975, 1.32918, 111.816, 149983, 0.1379, -0.000238503, 99999.9, -0.402906
0.1025, 1.32923, 111.813, 149985, 0.1379, -0.000238503, 99999.9, -0.397906
0.1075, 1.32963, 111.809, 149988, 0.1379, -0.000238503, 99999.9, -0.392906
0.1125, 1.33055, 111.805, 149990, 0.1379, -0.000238503, 99999.9, -0.387906
0.1175, 1.33161, 111.803, 149992, 0.1379, -0.000238503, 99999.9, -0.382906
0.1225, 1.33245, 111.804, 149994, 0.1379, -0.000238503, 99999.9, -0.377906
0.1275, 1.33304, 111.806, 149995, 0.1379, -0.000238503, 99999.9, -0.372906
0.1325, 1.3334, 111.808, 149995, 0.1379, -0.000238503, 99999.9, -0.367906
0.1375, 1.33359, 111.809, 149994, 0.1379, -0.000238503, 99999.9, -0.362906
0.1425, 1.33366, 111.811, 149990, 0.1379, -0.000238503, 99999.9, -0.357906
0.1475, 1.33366, 111.805, 149983, 0.1379, -0.000238503, 99999.9, -0.352906
0.1525, 1.33353, 111.772, 149965, 0.1379, -0.000238503, 99999.9, -0.347906
0.1575, 1.33286, 111.651, 149903, 0.1379, -0.000238503, 99999.9, -0.342906
0.1625, 1.33083, 111.212, 149674, 0.1379, -0.000238503, 99999.9, -0.337903
0.1675, 1.32533, 109.686, 148877, 0.1379, -0.000238503, 99999.9, -0.332894
0.1725, 1.30243, 102.826, 145289, 0.1379, -0.000238503, 99999.9, -0.327856
0.1775, 1.23652, 82.5874, 135132, 0.1379, -0.000238503, 99999.9, -0.322766
0.1825, 1.1459, 52.7676, 121383, 0.1379, -0.000238503, 99999.9, -0.31766
0.1875, 1.07758, 28.7032, 111202, 0.1379, -0.000238503, 99999.9, -0.312583
0.1925, 1.03749, 13.9891, 105341, 0.1379, -0.000238503, 99999.9, -0.307539
0.1975, 1.01696, 6.34607, 102396, 0.1379, -0.000238503, 99999.9, -0.302518
0.2025, 1.00734, 2.74621, 101031, 0.1379, -0.000238503, 99999.9, -0.297507
0.2075, 1.00307, 1.14778, 100430, 0.1379, -0.000238503, 99999.9, -0.292503
0.2125, 1.00124, 0.465513, 100174, 0.1379, -0.000238503, 99999.9, -0.287501
0.2175, 1.00049, 0.183387, 100069, 0.1379, -0.000238503, 99999.9, -0.2825
0.2225, 1.00019, 0.0701258, 100026, 0.1379, -0.000238503, 99999.9, -0.2775
0.2275, 1.00007, 0.0259973, 100010, 0.1379, -0.000238503, 99999.9, -0.2725
0.2325, 1.00002, 0.00933106, 100003, 0.1379, -0.000238503, 99999.9, -0.2675
0.2375, 1.00001, 0.00323836, 100001, 0.1379, -0.000238503, 99999.9, -0.2625
0.2425, 1, 0.00108541, 100000, 0.1379, -0.000238503, 99999.9, -0.2575
0.2475, 1, 0.000350974, 100000, 0.1379, -0.000238503, 99999.9, -0.2525
0.2525, 1, 0.000109381, 100000, 0.1379, -0.000238503, 99999.9, -0.2475
0.2575, 1, 3.28248e-05, 100000, 0.1379, -0.000238503, 99999.9, -0.2425
0.2625, 1, 9.47752e-06, 100000, 0.1379, -0.000238503, 99999.9, -0.2375
0.2675, 1, 2.63069e-06, 100000, 0.1379, -0.000238503, 99999.9, -0.2325
0.2725, 1, 7.01439e-07, 100000, 0.1379, -0.000238503, 99999.9, -0.2275
0.2775, 1, 1.79523e-07, 100000, 0.1379, -0.000238503, 99999.9, -0.2225
0.2825, 1, 4.40678e-08, 100000, 0.1379, -0.000238503, 99999.9, -0.2175
0.2875, 1, 1.0367e-08, 100000, 0.1379, -0.000238503, 99999.9, -0.2125
0.2925, 1, 2.33529e-09, 100000, 0.1379, -0.000238503, 99999.9, -0.2075
0.2975, 1, 5.0322e-10, 100000, 0.1379, -0.000238503, 99999.9, -0.2025
0.3025, 1, 1.03894e-10, 100000, 0.1379, -0.000238503, 99999.9, -0.1975
0.3075, 1, 2.22365e-11, 100000, 0.1379, -0.000238503, 99999.9, -0.1925
0.3125, 1, 9.23524e-12, 100000, 0.1379, -0.000238503, 99999.9, -0.1875
0.3175, 1, 1.40909e-11, 100000, 0.1379, -0.000238503, 99999.9, -0.1825
0.3225, 1, 3.94481e-11, 100000, 0.1379, -0.000238503, 99999.9, -0.1775
0.3275, 1, 1.17763e-10, 100000, 0.1379, -0.000238503, 99999.9, -0.1725
0.3325, 1, 3.40678e-10, 100000, 0.1379, -0.000238503, 99999.9, -0.1675
0.3375, 1, 9.60677e-10, 100000, 0.1379, -0.000238503, 99999.9, -0.1625
0.3425, 1, 2.65147e-09, 100000, 0.1379, -0.000238503, 99999.9, -0.1575
0.3475, 1, 7.17486e-09, 100000, 0.1379, -0.000238503, 99999.9, -0.1525
0.3525, 1, 1.90622e-08, 100000, 0.1379, -0.000238503, 99999.9, -0.1475
0.3575, 1, 4.98044e-08, 100000, 0.1379, -0.000238503, 99999.9, -0.1425
0.3625, 1, 1.2832e-07, 100000, 0.1379, -0.000238503, 99999.9, -0.1375
0.3675, 1, 3.24099e-07, 100000, 0.1379, -0.000238503, 99999.9, -0.1325
0.3725, 1, 8.30657e-07, 100000, 0.1379, -0.000238503, 99999.9, -0.1275
0.3775, 1, 1.8181e-06, 100000, 0.1379, -0.000238503, 99999.9, -0.1225
0.3825, 1, 3.13224e-06, 100000, 0.1379, -0.000238503, 99999.9, -0.1175
0.3875, 1, 4.3874e-06, 100000, 0.1379, -0.000238503, 99999.9, -0.1125
0.3925, 1, 5.37374e-06, 100000, 0.1379, -0.000238503, 99999.9, -0.1075
0.3975, 1, 6.07576e-06, 100000, 0.1379, -0.000238503, 99999.9, -0.1025
0.4025, 1, 6.53493e-06, 100000, 0.1379, -0.000238503, 99999.9, -0.0975
0.4075, 1, 6.80782e-06, 100000, 0.1379, -0.000238503, 99999.9, -0.0925
0.4125, 1, 6.95093e-06, 100000, 0.1379, -0.000238503, 99999.9, -0.0875
0.4175, 1, 7.01263e-06, 100000, 0.1379, -0.000238503, 99999.9, -0.0825
0.4225, 1, 7.02972e-06, 100000, 0.1379, -0.000238503, 99999.9, -0.0775
0.4275, 1, 7.02764e-06, 100000, 0.1379, -0.000238503, 99999.9, -0.0725
0.4325, 1, 6.9992e-06, 100000, 0.1379, -0.000238503, 99999.9, -0.0675
0.4375, 1, 6.94476e-06, 100000, 0.1379, -0.000238503, 99999.9, -0.0625
0.4425, 1, 6.89386e-06, 100000, 0.1379, -0.000238503, 99999.9, -0.0575
0.4475, 1, 6.85958e-06, 100000, 0.1379, -0.000238503, 99999.9, -0.0525
0.4525, 1, 6.83878e-06, 100000, 0.1379, -0.000238503, 99999.9, -0.0475
0.4575, 1, 6.82784e-06, 100000, 0.1379, -0.000238503, 99999.9, -0.0425
0.4625, 1, 6.82341e-06, 100000, 0.1379, -0.000238503, 99999.9, -0.0375
0.4675, 1, 6.82251e-06, 100000, 0.1379, -0.000238503, 99999.9, -0.0325
0.4725, 1, 6.82483e-06, 100000, 0.1379, -0.000238503, 99999.9, -0.0275
0.4775, 1, 6.82778e-06, 100000, 0.1379, -0.000238503, 99999.9, -0.0225
0.4825, 1, 6.81158e-06, 100000, 0.1379, -0.000238503, 99999.9, -0.0175
0.4875, 1, 6.54731e-06, 100000, 0.1379, -0.000238503, 99999.9, -0.0125
0.4925, 1, 3.68354e-06, 100000, 0.1379, -0.000238503, 99999.9, -0.00749999
0.4975, 1, -4.90045e-05, 100000, 0.1379, -0.000391822, 99999.9, -0.00249999
0.5025, 1, -0.000171765, 99999.9, 0.1379, -0.000428001, 99999.9, 0.00250002
0.5075, 0.999999, -0.000238503, 99999.9, 0.1379, -0.000430149, 99999.9, 0.00750002
0.5125, 0.999999, -0.000238503, 99999.9, 0.1379, -0.00043015, 99999.9, 0.0125
0.5175, 0.999999, -0.000238503, 99999.9, 0.1379, -0.000430149, 99999.9, 0.0175
0.5225, 0.999999, -0.000238503, 99999.9, 0.1379, -0.000430148, 99999.9, 0.0225
0.5275, 0.999999, -0.000238503, 99999.9, 0.1379, -0.000430148, 99999.9, 0.0275
0.5325, 0.999999, -0.000238503, 99999.9, 0.1379, -0.000430148, 99999.9, 0.0325
0.5375, 0.999999, -0.000238503, 99999.9, 0.1379, -0.000430148, 99999.9, 0.0375
0.5425, 0.999999, -0.000238503, 99999.9, 0.1379, -0.000430148, 99999.9, 0.0425
0.5475, 0.999999, -0.000238503, 99999.9, 0.1379, -0.000430149, 99999.9, 0.0475
0.5525, 0.999999, -0.000238503, 99999.9, 0.1379, -0.000430149, 99999.9, 0.0525
0.5575, 0.999999, -0.000238503, 99999.9, 0.1379, -0.00043015, 99999.9, 0.0575
0.5625, 0.999999, -0.000238503, 99999.9, 0.1379, -0.000430151, 99999.9, 0.0625
0.5675, 0.999999, -0.000238503, 99999.9, 0.1379, -0.000430153, 99999.9, 0.0675
0.5725, 0.999999, -0.000238503, 99999.9, 0.1379, -0.000430155, 99999.9, 0.0725
0.5775, 0.999999, -0.000238503, 99999.9, 0.1379, -0.000430157, 99999.9, 0.0775
0.5825, 0.999999, -0.000238503, 99999.9, 0.1379, -0.000430161, 99999.9, 0.0825
0.5875, 0.999999, -0.000238503, 99999.9, 0.1379, -0.000430165, 99999.9, 0.0875
0.5925, 0.999999, -0.000238503, 99999.9, 0.1379, -0.000430169, 99999.9, 0.0925
0.5975, 0.999999, -0.000238503, 99999.9, 0.1379, -0.000430174, 99999.9, 0.0975
0.6025, 0.999999, -0.000238503, 99999.9, 0.1379, -0.000430179, 99999.9, 0.1025
0.6075, 0.999999, -0.000238503, 99999.9, 0.1379, -0.000430183, 99999.9, 0.1075
0.6125, 0.999999, -0.000238503, 99999.9, 0.1379, -0.000430186, 99999.9, 0.1125
0.6175, 0.999999, -0.000238503, 99999.9, 0.1379, -0.000430187, 99999.9, 0.1175
0.6225, 0.999999, -0.000238503, 99999.9, 0.1379, -0.000430188, 99999.9, 0.1225
0.6275, 0.999999, -0.000238503, 99999.9, 0.1379, -0.000430187, 99999.9, 0.1275
0.6325, 0.999999, -0.000238503, 99999.9, 0.1379, -0.000430185, 99999.9, 0.1325
0.6375, 0.999999, -0.000238503, 99999.9, 0.1379, -0.000430179, 99999.9, 0.1375
0.6425, 0.999999, -0.000238503, 99999.9, 0.1379, -0.000430171, 99999.9, 0.1425
0.6475, 0.999999, -0.000238503, 99999.9, 0.1379, -0.00043016, 99999.9, 0.1475
0.6525, 0.999999, -0.000238503, 99999.9, 0.1379, -0.000430145, 99999.9, 0.1525
0.6575, 0.999999, -0.000238503, 99999.9, 0.1379, -0.000430127, 99999.9, 0.1575
0.6625, 0.999999, -0.000238503, 99999.9, 0.1379, -0.000430104, 99999.9, 0.1625
0.6675, 0.999999, -0.000238503, 99999.9, 0.1379, -0.000430079, 99999.9, 0.1675
0.6725, 0.999999, -0.000238503, 99999.9, 0.1379, -0.000430055, 99999.9, 0.1725
0.6775, 0.999999, -0.000238503, 99999.9, 0.1379, -0.000430031, 99999.9, 0.1775
0.6825, 0.999999, -0.000238503, 99999.9, 0.1379, -0.00043001, 99999.9, 0.1825
0.6875, 0.999999, -0.000238503, 99999.9, 0.1379, -0.000429989, 99999.9, 0.1875
0.6925, 0.999999, -0.000238503, 99999.9, 0.1379, -0.000429969, 99999.9, 0.1925
0.6975, 0.999999, -0.000238503, 99999.9, 0.1379, -0.000429947, 99999.9, 0.1975
0.7025, 0.999999, -0.000238503, 99999.9, 0.1379, -0.00042992, 99999.9, 0.2025
0.7075, 0.999999, -0.000238503, 99999.9, 0.1379, -0.000429887, 99999.9, 0.2075
0.7125, 0.999999, -0.000238503, 99999.9, 0.1379, -0.000429853, 99999.9, 0.2125
0.7175, 0.999999, -0.000238503, 99999.9, 0.1379, -0.000429823, 99999.9, 0.2175
0.7225, 0.999999, -0.000238503, 99999.9, 0.1379, -0.000429803, 99999.9, 0.2225
0.7275, 0.999999, -0.000238503, 99999.9, 0.1379, -0.000429792, 99999.9, 0.2275
0.7325, 0.999999, -0.000238503, 99999.9, 0.1379, -0.000429789, 99999.9, 0.2325
0.7375, 0.999999, -0.000238503, 99999.9, 0.1379, -0.000429791, 99999.9, 0.2375
0.7425, 0.999999, -0.000238503, 99999.9, 0.1379, -0.000429813, 99999.9, 0.2425
0.7475, 0.999999, -0.000238503, 99999.9, 0.1379, -0.000429881, 99999.9, 0.2475
0.7525, 0.999999, -0.000238503, 99999.9, 0.1379, -0.000429961, 99999.9, 0.2525
0.7575, 0.999999, -0.000238503, 99999.9, 0.1379, -0.000430021, 99999.9, 0.2575
0.7625, 0.999999, -0.000238503, 99999.9, 0.1379, -0.000430059, 99999.9, 0.2625
0.7675, 0.999999, -0.000238503, 99999.9, 0.1379, -0.000430077, 99999.9, 0.2675
0.7725, 0.999999, -0.000238503, 99999.9, 0.1379, -0.000430081, 99999.9, 0.2725
0.7775, 0.999999, -0.000238503, 99999.9, 0.1379, -0.000430073, 99999.9, 0.2775
0.7825, 0.999999, -0.000238503, 99999.9, 0.1379, -0.000430023, 99999.9, 0.2825
0.7875, 0.999999, -0.000238503, 99999.9, 0.1379, -0.00042984, 99999.9, 0.2875
0.7925, 0.999999, -0.000238503, 99999.9, 0.1379, -0.000429285, 99999.9, 0.2925
0.7975, 0.999999, -0.000238503, 99999.9, 0.1379, -0.000427712, 99999.9, 0.2975
0.8025, 0.999999, -0.000238503, 99999.9, 0.1379, -0.000423337, 99999.9, 0.3025
0.8075, 0.999999, -0.000238503, 99999.9, 0.1379, -0.000410376, 99999.9, 0.3075
0.8125, 0.999999, -0.000238503, 99999.9, 0.1379, -0.00036891, 99999.9, 0.3125
0.8175, 0.999999, -0.000238503, 99999.9, 0.1379, -0.000283146, 100000, 0.3175
0.8225, 0.999999, -0.000238503, 99999.9, 0.1379, -0.000190844, 100000, 0.3225
0.8275, 0.999999, -0.000238503, 99999.9, 0.1379, -0.000116914, 100000, 0.3275
0.8325, 0.999999, -0.000238503, 99999.9, 0.1379, -6.49835e-05, 100000, 0.3325
0.8375, 0.999999, -0.000238503, 99999.9, 0.1379, -3.26637e-05, 100000, 0.3375
0.8425, 0.999999, -0.000238503, 99999.9, 0.1379, -1.47894e-05, 100000, 0.3425
0.8475, 0.999999, -0.000238503, 99999.9, 0.1379, -6.00363e-06, 100000, 0.3475
0.8525, 0.999999, -0.000238503, 99999.9, 0.1379, -2.17255e-06, 100000, 0.3525
0.8575, 0.999999, -0.000238503, 99999.9, 0.1379, -6.95873e-07, 100000, 0.3575
0.8625, 0.999999, -0.000238503, 99999.9, 0.1379, -1.95531e-07, 100000, 0.3625
0.8675, 0.999999, -0.000238503, 99999.9, 0.1379, -4.76524e-08, 100000, 0.3675
0.8725, 0.999999, -0.000238503, 99999.9, 0.1379, -9.92468e-09, 100000, 0.3725
0.8775, 0.999999, -0.000238503, 99999.9, 0.1379, -1.73195e-09, 100000, 0.3775
0.8825, 0.999999, -0.000238503, 99999.9, 0.1379, -2.46326e-10, 100000, 0.3825
0.8875, 0.999999, -0.000238503, 99999.9, 0.1379, -2.72332e-11, 100000, 0.3875
0.8925, 0.999999, -0.000238503, 99999.9, 0.1379, -2.30139e-12, 100000, 0.3925
0.8975, 0.999999, -0.000238503, 99999.9, 0.1379, -7.67131e-14, 100000, 0.3975
0.9025, 0.999999, -0.000238503, 99999.9, 0.1379, -2.30139e-13, 100000, 0.4025
0.9075, 0.999999, -0.000238503, 99999.9, 0.1379, 7.67131e-14, 100000, 0.4075
0.9125, 0.999999, -0.000238503, 99999.9, 0.1379, 0, 100000, 0.4125
0.9175, 0.999999, -0.000238503, 99999.9, 0.1379, 0, 100000, 0.4175
0.9225, 0.999999, -0.000238503, 99999.9, 0.1379, 0, 100000, 0.4225
0.9275, 0.999999, -0.000238503, 99999.9, 0.1379, 0, 100000, 0.4275
0.9325, 0.999999, -0.000238503, 99999.9, 0.1379, 0, 100000, 0.4325
0.9375, 0.999999, -0.000238503, 99999.9, 0.1379, 0, 100000, 0.4375
0.9425, 0.999999, -0.000238503, 99999.9, 0.1379, 0, 100000, 0.4425
0.9475, 0.999999, -0.000238503, 99999.9, 0.1379, 0, 100000, 0.4475
0.9525, 0.999999, -0.000238503, 99999.9, 0.1379, 0, 100000, 0.4525
0.9575, 0.999999, -0.000238503, 99999.9, 0.1379, 0, 100000, 0.4575
0.9625, 0.999999, -0.000238503, 99999.9, 0.1379, 0, 100000, 0.4625
0.9675, 0.999999, -0.000238503, 99999.9, 0.1379, 0, 100000, 0.4675
0.9725, 0.999999, -0.000238503, 99999.9, 0.1379, 0, 100000, 0.4725
0.9775, 0.999999, -0.000238503, 99999.9, 0.1379, 0, 100000, 0.4775
0.9825, 0.999999, -0.000238503, 99999.9, 0.1379, 0, 100000, 0.4825
0.9875, 0.999999, -0.000238503, 99999.9, 0.1379, 0, 100000, 0.4875
0.9925, 0.999999, -0.000238503, 99999.9, 0.1379, 0, 100000, 0.4925
0.9975, 0.999999, -0.000238503, 99999.9, 0.1379, 0, 100000, 0.4975
