0.0025, 1.33205, 112.067, 149852, 0.1379, -0.000238537, 99999.9, -0.4975
0.0075, 1.33195, 112.096, 149836, 0.1379, -0.000238537, 99999.9, -0.492907
0.0125, 1.3319, 112.112, 149828, 0.1379, -0.000238537, 99999.9, -0.487908
0.0175, 1.33192, 112.107, 149830, 0.1379, -0.000238537, 99999.9, -0.482908
0.0225, 1.33208, 112.064, 149853, 0.1379, -0.000238537, 99999.9, -0.477907
0.0275, 1.33238, 111.985, 149895, 0.1379, -0.000238537, 99999.9, -0.472907
0.0325, 1.33264, 111.916, 149931, 0.1379, -0.000238537, 99999.9, -0.467907
0.0375, 1.33274, 111.875, 149953, 0.1379, -0.000238537, 99999.9, -0.462907
0.0425, 1.33274, 111.856, 149964, 0.1379, -0.000238537, 99999.9, -0.457907
0.0475, 1.3327, 111.851, 149966, 0.1379, -0.000238537, 99999.9, -0.452907
0.0525, 1.33258, 111.853, 149964, 0.1379, -0.000238537, 99999.9, -0.447907
0.0575, 1.3323, 111.861, 149960, 0.1379, -0.000238537, 99999.9, -0.442907
0.0625, 1.33169, 111.864, 149962, 0.1379, -0.000238537, 99999.9, -0.437907
0.0675, 1.33066, 111.854, 149968, 0.1379, -0.000238537, 99999.9, -0.432907
0.0725, 1.32954, 111.839, 149974, 0.1379, -0.000238537, 99999.9, -0.427907
0.0775, 1.32879, 111.83, 149979, 0.1379, -0.000238537, 99999.9, -0.422906
0.0825, 1.32848, 111.827, 149983, 0.1379, -0.000238537, 99999.9, -0.417906
0.0875, 1.32846, 111.83, 149987, 0.1379, -0.000238537, 99999.9, -0.412906
0.0925, 1.32893, 111.832, 149989, 0.1379, -0.000238537, 99999.9, -0.407906
0.0975, 1.32993, 111.813, 149987, 0.1379, -0.000238537, 99999.9, -0.402906
0.1025, 1.33086, 111.773, 149951, 0.1379, -0.000238537, 99999.9, -0.397906
0.1075, 1.33146, 111.614, 149850, 0.1379, -0.000238537, 99999.9, -0.392905
0.1125, 1.33087, 110.99, 149535, 0.1379, -0.000238537, 99999.9, -0.387902
0.1175, 1.32348, 108.439, 148223, 0.1379, -0.000238537, 99999.9, -0.382886
0.1225, 1.28659, 97.7222, 142651, 0.1379, -0.000238537, 99999.9, -0.377831
0.1275, 1.20266, 71.8527, 130004, 0.1379, -0.000238537, 99999.9, -0.372724
0.1325, 1.11372, 41.7163, 116601, 0.1379, -0.000238537, 99999.9, -0.367622
0.1375, 1.05546, 20.6662, 107966, 0.1379, -0.000238537, 99999.9, -0.362558
0.1425, 1.02439, 9.13278, 103461, 0.1379, -0.000238537, 99999.9, -0.357525
0.1475, 1.00992, 3.7175, 101398, 0.1379, -0.000238537, 99999.9, -0.35251
0.1525, 1.00379, 1.4198, 100532, 0.1379, -0.000238537, 99999.9, -0.347504
0.1575, 1.00137, 0.512483, 100192, 0.1379, -0.000238537, 99999.9, -0.342501
0.1625, 1.00047, 0.175079, 100066, 0.1379, -0.000238537, 99999.9, -0.3375
0.1675, 1.00015, 0.0565485, 100021, 0.1379, -0.000238537, 99999.9, -0.3325
0.1725, 1.00005, 0.0172338, 100006, 0.1379, -0.000238537, 99999.9, -0.3275
0.1775, 1.00001, 0.00494479, 100002, 0.1379, -0.000238537, 99999.9, -0.3225
0.1825, 1, 0.00133276, 100000, 0.1379, -0.000238537, 99999.9, -0.3175
0.1875, 1, 0.000336683, 100000, 0.1379, -0.000238537, 99999.9, -0.3125
0.1925, 1, 7.95389e-05, 100000, 0.1379, -0.000238537, 99999.9, -0.3075
0.1975, 1, 1.75314e-05, 100000, 0.1379, -0.000238537, 99999.9, -0.3025
0.2025, 1, 3.5963e-06, 100000, 0.1379, -0.000238537, 99999.9, -0.2975
0.2075, 1, 6.8476e-07, 100000, 0.1379, -0.000238537, 99999.9, -0.2925
0.2125, 1, 1.20667e-07, 100000, 0.1379, -0.000238537, 99999.9, -0.2875
0.2175, 1, 1.96145e-08, 100000, 0.1379, -0.000238537, 99999.9, -0.2825
0.2225, 1, 2.93022e-09, 100000, 0.1379, -0.000238537, 99999.9, -0.2775
0.2275, 1, 4.00596e-10, 100000, 0.1379, -0.000238537, 99999.9, -0.2725
0.2325, 1, 4.98788e-11, 100000, 0.1379, -0.000238537, 99999.9, -0.2675
0.2375, 1, 5.60673e-12, 100000, 0.1379, -0.000238537, 99999.9, -0.2625
0.2425, 1, 5.71252e-13, 100000, 0.1379, -0.000238537, 99999.9, -0.2575
0.2475, 1, 4.2315e-14, 100000, 0.1379, -0.000238537, 99999.9, -0.2525
0.2525, 1, 0, 100000, 0.1379, -0.000238537, 99999.9, -0.2475
0.2575, 1, 0, 100000, 0.1379, -0.000238537, 99999.9, -0.2425
0.2625, 1, 0, 100000, 0.1379, -0.000238537, 99999.9, -0.2375
0.2675, 1, 0, 100000, 0.1379, -0.000238537, 99999.9, -0.2325
0.2725, 1, 0, 100000, 0.1379, -0.000238537, 99999.9, -0.2275
0.2775, 1, 0, 100000, 0.1379, -0.000238537, 99999.9, -0.2225
0.2825, 1, 0, 100000, 0.1379, -0.000238537, 99999.9, -0.2175
0.2875, 1, 0, 100000, 0.1379, -0.000238537, 99999.9, -0.2125
0.2925, 1, 0, 100000, 0.1379, -0.000238537, 99999.9, -0.2075
0.2975, 1, 0, 100000, 0.1379, -0.000238537, 99999.9, -0.2025
0.3025, 1, 0, 100000, 0.1379, -0.000238537, 99999.9, -0.1975
0.3075, 1, 0, 100000, 0.1379, -0.000238537, 99999.9, -0.1925
0.3125, 1, 0, 100000, 0.1379, -0.000238537, 99999.9, -0.1875
0.3175, 1, 0, 100000, 0.1379, -0.000238537, 99999.9, -0.1825
0.3225, 1, 0, 100000, 0.1379, -0.000238537, 99999.9, -0.1775
0.3275, 1, 0, 100000, 0.1379, -0.000238537, 99999.9, -0.1725
0.3325, 1, 0, 100000, 0.1379, -0.000238537, 99999.9, -0.1675
0.3375, 1, 0, 100000, 0.1379, -0.000238537, 99999.9, -0.1625
0.3425, 1, 0, 100000, 0.1379, -0.000238537, 99999.9, -0.1575
0.3475, 1, 0, 100000, 0.1379, -0.000238537, 99999.9, -0.1525
0.3525, 1, 1.05787e-13, 100000, 0.1379, -0.000238537, 99999.9, -0.1475
0.3575, 1, 4.86622e-13, 100000, 0.1379, -0.000238537, 99999.9, -0.1425
0.3625, 1, 2.15806e-12, 100000, 0.1379, -0.000238537, 99999.9, -0.1375
0.3675, 1, 8.5582e-12, 100000, 0.1379, -0.000238537, 99999.9, -0.1325
0.3725, 1, 3.24027e-11, 100000, 0.1379, -0.000238537, 99999.9, -0.1275
0.3775, 1, 1.16493e-10, 100000, 0.1379, -0.000238537, 99999.9, -0.1225
0.3825, 1, 3.99517e-10, 100000, 0.1379, -0.000238537, 99999.9, -0.1175
0.3875, 1, 1.31026e-09, 100000, 0.1379, -0.000238537, 99999.9, -0.1125
0.3925, 1, 4.11936e-09, 100000, 0.1379, -0.000238537, 99999.9, -0.1075
0.3975, 1, 1.24469e-08, 100000, 0.1379, -0.000238537, 99999.9, -0.1025
0.4025, 1, 3.62554e-08, 100000, 0.1379, -0.000238537, 99999.9, -0.0975
0.4075, 1, 1.02032e-07, 100000, 0.1379, -0.000238537, 99999.9, -0.0925
0.4125, 1, 2.78624e-07, 100000, 0.1379, -0.000238537, 99999.9, -0.0875
0.4175, 1, 7.51246e-07, 100000, 0.1379, -0.000238537, 99999.9, -0.0825
0.4225, 1, 1.82235e-06, 100000, 0.1379, -0.000238537, 99999.9, -0.0775
0.4275, 1, 3.33634e-06, 100000, 0.1379, -0.000238537, 99999.9, -0.0725
0.4325, 1, 4.76005e-06, 100000, 0.1379, -0.000238537, 99999.9, -0.0675
0.4375, 1, 5.81084e-06, 100000, 0.1379, -0.000238537, 99999.9, -0.0625
0.4425, 1, 6.48545e-06, 100000, 0.1379, -0.000238537, 99999.9, -0.0575
0.4475, 1, 6.86465e-06, 100000, 0.1379, -0.000238537, 99999.9, -0.0525
0.4525, 1, 7.04411e-06, 100000, 0.1379, -0.000238537, 99999.9, -0.0475
0.4575, 1, 7.10847e-06, 100000, 0.1379, -0.000238537, 99999.9, -0.0425
0.4625, 1, 7.11985e-06, 100000, 0.1379, -0.000238537, 99999.9, -0.0375
0.4675, 1, 7.09961e-06, 100000, 0.1379, -0.000238537, 99999.9, -0.0325
0.4725, 1, 7.04479e-06, 100000, 0.1379, -0.000238537, 99999.9, -0.0275
0.4775, 1, 6.98048e-06, 100000, 0.1379, -0.000238537, 99999.9, -0.0225
0.4825, 1, 6.88678e-06, 100000, 0.1379, -0.000238537, 99999.9, -0.0175
0.4875, 1, 6.5432e-06, 100000, 0.1379, -0.000238537, 99999.9, -0.0125
0.4925, 1, 3.64062e-06, 100000, 0.1379, -0.000238537, 99999.9, -0.00749999
0.4975, 1, -4.90465e-05, 100000, 0.1379, -0.000391857, 99999.9, -0.00249999
0.5025, 1, -0.0001718, 99999.9, 0.1379, -0.000428035, 99999.9, 0.00250001
0.5075, 0.999999, -0.000238538, 99999.9, 0.1379, -0.000430179, 99999.9, 0.00750001
0.5125, 0.999999, -0.000238537, 99999.9, 0.1379, -0.000430174, 99999.9, 0.0125
0.5175, 0.999999, -0.000238537, 99999.9, 0.1379, -0.000430165, 99999.9, 0.0175
0.5225, 0.999999, -0.000238537, 99999.9, 0.1379, -0.000430152, 99999.9, 0.0225
0.5275, 0.999999, -0.000238537, 99999.9, 0.1379, -0.000430135, 99999.9, 0.0275
0.5325, 0.999999, -0.000238537, 99999.9, 0.1379, -0.000430115, 99999.9, 0.0325
0.5375, 0.999999, -0.000238537, 99999.9, 0.1379, -0.000430091, 99999.9, 0.0375
0.5425, 0.999999, -0.000238537, 99999.9, 0.1379, -0.000430065, 99999.9, 0.0425
0.5475, 0.999999, -0.000238537, 99999.9, 0.1379, -0.00043004, 99999.9, 0.0475
0.5525, 0.999999, -0.000238537, 99999.9, 0.1379, -0.000430017, 99999.9, 0.0525
0.5575, 0.999999, -0.000238537, 99999.9, 0.1379, -0.000429996, 99999.9, 0.0575
0.5625, 0.999999, -0.000238537, 99999.9, 0.1379, -0.000429975, 99999.9, 0.0625
0.5675, 0.999999, -0.000238537, 99999.9, 0.1379, -0.000429955, 99999.9, 0.0675
0.5725, 0.999999, -0.000238537, 99999.9, 0.1379, -0.000429934, 99999.9, 0.0725
0.5775, 0.999999, -0.000238537, 99999.9, 0.1379, -0.000429908, 99999.9, 0.0775
0.5825, 0.999999, -0.000238537, 99999.9, 0.1379, -0.000429875, 99999.9, 0.0825
0.5875, 0.999999, -0.000238537, 99999.9, 0.1379, -0.000429839, 99999.9, 0.0875
0.5925, 0.999999, -0.000238537, 99999.9, 0.1379, -0.000429808, 99999.9, 0.0925
0.5975, 0.999999, -0.000238537, 99999.9, 0.1379, -0.000429788, 99999.9, 0.0975
0.6025, 0.999999, -0.000238537, 99999.9, 0.1379, -0.00042978, 99999.9, 0.1025
0.6075, 0.999999, -0.000238537, 99999.9, 0.1379, -0.000429779, 99999.9, 0.1075
0.6125, 0.999999, -0.000238537, 99999.9, 0.1379, -0.000429789, 99999.9, 0.1125
0.6175, 0.999999, -0.000238537, 99999.9, 0.1379, -0.00042984, 99999.9, 0.1175
0.6225, 0.999999, -0.000238537, 99999.9, 0.1379, -0.00042992, 99999.9, 0.1225
0.6275, 0.999999, -0.000238537, 99999.9, 0.1379, -0.000429998, 99999.9, 0.1275
0.6325, 0.999999, -0.000238537, 99999.9, 0.1379, -0.000430057, 99999.9, 0.1325
0.6375, 0.999999, -0.000238537, 99999.9, 0.1379, -0.00043009, 99999.9, 0.1375
0.6425, 0.999999, -0.000238537, 99999.9, 0.1379, -0.000430101, 99999.9, 0.1425
0.6475, 0.999999, -0.000238537, 99999.9, 0.1379, -0.000430097, 99999.9, 0.1475
0.6525, 0.999999, -0.000238537, 99999.9, 0.1379, -0.000430049, 99999.9, 0.1525
0.6575, 0.999999, -0.000238537, 99999.9, 0.1379, -0.000429868, 99999.9, 0.1575
0.6625, 0.999999, -0.000238537, 99999.9, 0.1379, -0.00042937, 99999.9, 0.1625
0.6675, 0.999999, -0.000238537, 99999.9, 0.1379, -0.000428195, 99999.9, 0.1675
0.6725, 0.999999, -0.000238537, 99999.9, 0.1379, -0.000425764, 99999.9, 0.1725
0.6775, 0.999999, -0.000238537, 99999.9, 0.1379, -0.000419784, 99999.9, 0.1775
0.6825, 0.999999, -0.000238537, 99999.9, 0.1379, -0.000401812, 99999.9, 0.1825
0.6875, 0.999999, -0.000238537, 99999.9, 0.1379, -0.000343188, 99999.9, 0.1875
0.6925, 0.999999, -0.000238537, 99999.9, 0.1379, -0.000238086, 100000, 0.1925
0.6975, 0.999999, -0.000238537, 99999.9, 0.1379, -0.000140127, 100000, 0.1975
0.7025, 0.999999, -0.000238537, 99999.9, 0.1379, -7.11968e-05, 100000, 0.2025
0.7075, 0.999999, -0.000238537, 99999.9, 0.1379, -3.08705e-05, 100000, 0.2075
0.7125, 0.999999, -0.000238537, 99999.9, 0.1379, -1.12599e-05, 100000, 0.2125
0.7175, 0.999999, -0.000238537, 99999.9, 0.1379, -3.39018e-06, 100000, 0.2175
0.7225, 0.999999, -0.000238537, 99999.9, 0.1379, -8.20666e-07, 100000, 0.2225
0.7275, 0.999999, -0.000238537, 99999.9, 0.1379, -1.53604e-07, 100000, 0.2275
0.7325, 0.999999, -0.000238537, 99999.9, 0.1379, -2.08752e-08, 100000, 0.2325
0.7375, 0.999999, -0.000238537, 99999.9, 0.1379, -1.83383e-09, 100000, 0.2375
0.7425, 0.999999, -0.000238537, 99999.9, 0.1379, -7.81707e-11, 100000, 0.2425
0.7475, 0.999999, -0.000238537, 99999.9, 0.1379, 7.67131e-14, 100000, 0.2475
0.7525, 0.999999, -0.000238537, 99999.9, 0.1379, 0, 100000, 0.2525
0.7575, 0.999999, -0.000238537, 99999.9, 0.1379, 0, 100000, 0.2575
0.7625, 0.999999, -0.000238537, 99999.9, 0.1379, 0, 100000, 0.2625
0.7675, 0.999999, -0.000238537, 99999.9, 0.1379, 0, 100000, 0.2675
0.7725, 0.999999, -0.000238537, 99999.9, 0.1379, 0, 100000, 0.2725
0.7775, 0.999999, -0.000238537, 99999.9, 0.1379, 0, 100000, 0.2775
0.7825, 0.999999, -0.000238537, 99999.9, 0.1379, 0, 100000, 0.2825
0.7875, 0.999999, -0.000238537, 99999.9, 0.1379, 0, 100000, 0.2875
0.7925, 0.999999, -0.000238537, 99999.9, 0.1379, 0, 100000, 0.2925
0.7975, 0.999999, -0.000238537, 99999.9, 0.1379, 0, 100000, 0.2975
0.8025, 0.999999, -0.000238537, 99999.9, 0.1379, 0, 100000, 0.3025
0.8075, 0.999999, -0.000238537, 99999.9, 0.1379, 0, 100000, 0.3075
0.8125, 0.999999, -0.000238537, 99999.9, 0.1379, 0, 100000, 0.3125
0.8175, 0.999999, -0.000238537, 99999.9, 0.1379, 0, 100000, 0.3175
0.8225, 0.999999, -0.000238537, 99999.9, 0.1379, 0, 100000, 0.3225
0.8275, 0.999999, -0.000238537, 99999.9, 0.1379, 0, 100000, 0.3275
0.8325, 0.999999, -0.000238537, 99999.9, 0.1379, 0, 100000, 0.3325
0.8375, 0.999999, -0.000238537, 99999.9, 0.1379, 0, 100000, 0.3375
0.8425, 0.999999, -0.000238537, 99999.9, 0.1379, 0, 100000, 0.3425
0.8475, 0.999999, -0.000238537, 99999.9, 0.1379, 0, 100000, 0.3475
0.8525, 0.999999, -0.000238537, 99999.9, 0.1379, 0, 100000, 0.3525
0.8575, 0.999999, -0.000238537, 99999.9, 0.1379, 0, 100000, 0.3575
0.8625, 0.999999, -0.000238537, 99999.9, 0.1379, 0, 100000, 0.3625
0.8675, 0.999999, -0.000238537, 99999.9, 0.1379, 0, 100000, 0.3675
0.8725, 0.999999, -0.000238537, 99999.9, 0.1379, 0, 100000, 0.3725
0.8775, 0.999999, -0.000238537, 99999.9, 0.1379, 0, 100000, 0.3775
0.8825, 0.999999, -0.000238537, 99999.9, 0.1379, 0, 100000, 0.3825
0.8875, 0.999999, -0.000238537, 99999.9, 0.1379, 0, 100000, 0.3875
0.8925, 0.999999, -0.000238537, 99999.9, 0.1379, 0, 100000, 0.3925
0.8975, 0.999999, -0.000238537, 99999.9, 0.1379, 0, 100000, 0.3975
0.9025, 0.999999, -0.000238537, 99999.9, 0.1379, 0, 100000, 0.4025
0.9075, 0.999999, -0.000238537, 99999.9, 0.1379, 0, 100000, 0.4075
0.9125, 0.999999, -0.000238537, 99999.9, 0.1379, 0, 100000, 0.4125
0.9175, 0.999999, -0.000238537, 99999.9, 0.1379, 0, 100000, 0.4175
0.9225, 0.999999, -0.000238537, 99999.9, 0.1379, 0, 100000, 0.4225
0.9275, 0.999999, -0.000238537, 99999.9, 0.1379, 0, 100000, 0.4275
0.9325, 0.999999, -0.000238537, 99999.9, 0.1379, 0, 100000, 0.4325
0.9375, 0.999999, -0.000238537, 99999.9, 0.1379, 0, 100000, 0.4375
0.9425, 0.999999, -0.000238537, 99999.9, 0.1379, 0, 100000, 0.4425
0.9475, 0.999999, -0.000238537, 99999.9, 0.1379, 0, 100000, 0.4475
0.9525, 0.999999, -0.000238537, 99999.9, 0.1379, 0, 100000, 0.4525
0.9575, 0.999999, -0.000238537, 99999.9, 0.1379, 0, 100000, 0.4575
0.9625, 0.999999, -0.000238537, 99999.9, 0.1379, 0, 100000, 0.4625
0.9675, 0.999999, -0.000238537, 99999.9, 0.1379, 0, 100000, 0.4675
0.9725, 0.999999, -0.000238537, 99999.9, 0.1379, 0, 100000, 0.4725
0.9775, 0.999999, -0.000238537, 99999.9, 0.1379, 0, 100000, 0.4775
0.9825, 0.999999, -0.000238537, 99999.9, 0.1379, 0, 100000, 0.4825
0.9875, 0.999999, -0.000238537, 99999.9, 0.1379, 0, 100000, 0.4875
0.9925, 0.999999, -0.000238537, 99999.9, 0.1379, 0, 100000, 0.4925
0.9975, 0.999999, -0.000238537, 99999.9, 0.1379, 0, 100000, 0.4975
