0.0025, 1.33291, 111.805, 149990, 0.138303, 3.2117, 100488, -0.497535
0.0075, 1.33292, 111.803, 149991, 0.138303, 3.2117, 100488, -0.49294
0.0125, 1.33293, 111.801, 149992, 0.138303, 3.2117, 100488, -0.48794
0.0175, 1.33293, 111.799, 149993, 0.138303, 3.2117, 100488, -0.48294
0.0225, 1.33294, 111.797, 149994, 0.138303, 3.2117, 100488, -0.47794
0.0275, 1.33294, 111.796, 149995, 0.138303, 3.2117, 100488, -0.47294
0.0325, 1.33294, 111.795, 149995, 0.138303, 3.2117, 100488, -0.46794
0.0375, 1.33295, 111.795, 149996, 0.138303, 3.2117, 100488, -0.46294
0.0425, 1.33295, 111.795, 149996, 0.138303, 3.2117, 100488, -0.45794
0.0475, 1.33295, 111.795, 149996, 0.138303, 3.2117, 100488, -0.45294
0.0525, 1.33294, 111.796, 149995, 0.138303, 3.2117, 100488, -0.44794
0.0575, 1.33294, 111.797, 149994, 0.138303, 3.2117, 100488, -0.44294
0.0625, 1.33294, 111.799, 149993, 0.138303, 3.2117, 100488, -0.43794
0.0675, 1.33294, 111.8, 149993, 0.138303, 3.2117, 100488, -0.43294
0.0725, 1.33294, 111.801, 149992, 0.138303, 3.2117, 100488, -0.42794
0.0775, 1.33295, 111.801, 149992, 0.138303, 3.2117, 100488, -0.42294
0.0825, 1.33295, 111.801, 149992, 0.138303, 3.2117, 100488, -0.41794
0.0875, 1.33296, 111.801, 149993, 0.138303, 3.2117, 100488, -0.41294
0.0925, 1.33296, 111.8, 149993, 0.138303, 3.2117, 100488, -0.40794
0.0975, 1.33297, 111.799, 149993, 0.138303, 3.2117, 100488, -0.40294
0.1025, 1.33297, 111.798, 149994, 0.138303, 3.2117, 100488, -0.39794
0.1075, 1.33297, 111.796, 149995, 0.138303, 3.2117, 100488, -0.39294
0.1125, 1.33297, 111.794, 149996, 0.138303, 3.2117, 100488, -0.38794
0.1175, 1.33295, 111.793, 149997, 0.138303, 3.2117, 100488, -0.38294
0.1225, 1.33288, 111.792, 149997, 0.138303, 3.2117, 100488, -0.37794
0.1275, 1.33269, 111.792, 149997, 0.138303, 3.2117, 100488, -0.37294
0.1325, 1.33232, 111.793, 149997, 0.138303, 3.2117, 100488, -0.36794
0.1375, 1.33187, 111.794, 149996, 0.138303, 3.2117, 100488, -0.36294
0.1425, 1.33143, 111.795, 149995, 0.138303, 3.2117, 100488, -0.35794
0.1475, 1.33108, 111.797, 149994, 0.138303, 3.2117, 100488, -0.35294
0.1525, 1.33083, 111.798, 149993, 0.138303, 3.2117, 100488, -0.34794
0.1575, 1.33067, 111.799, 149993, 0.138303, 3.2117, 100488, -0.34294
0.1625, 1.33059, 111.8, 149993, 0.138303, 3.2117, 100488, -0.33794
0.1675, 1.33056, 111.801, 149992, 0.138303, 3.2117, 100488, -0.33294
0.1725, 1.33057, 111.801, 149992, 0.138303, 3.2117, 100488, -0.32794
0.1775, 1.33062, 111.8, 149993, 0.138303, 3.2117, 100488, -0.32294
0.1825, 1.33084, 111.8, 149993, 0.138303, 3.2117, 100488, -0.31794
0.1875, 1.33128, 111.799, 149993, 0.138303, 3.2117, 100488, -0.31294
0.1925, 1.33179, 111.799, 149994, 0.138303, 3.2117, 100488, -0.30794
0.1975, 1.33223, 111.798, 149994, 0.138303, 3.2117, 100488, -0.30294
0.2025, 1.33257, 111.797, 149995, 0.138303, 3.2117, 100488, -0.29794
0.2075, 1.33281, 111.796, 149995, 0.138303, 3.2117, 100488, -0.29294
0.2125, 1.33297, 111.794, 149996, 0.138303, 3.2117, 100488, -0.28794
0.2175, 1.33305, 111.792, 149997, 0.138303, 3.2117, 100488, -0.28294
0.2225, 1.3331, 111.791, 149998, 0.138303, 3.2117, 100488, -0.27794
0.2275, 1.33311, 111.79, 149998, 0.138303, 3.2117, 100488, -0.27294
0.2325, 1.3331, 111.79, 149998, 0.138303, 3.2117, 100488, -0.26794
0.2375, 1.33306, 111.79, 149998, 0.138303, 3.2117, 100488, -0.26294
0.2425, 1.333, 111.791, 149997, 0.138303, 3.2117, 100488, -0.25794
0.2475, 1.33296, 111.793, 149996, 0.138303, 3.2117, 100488, -0.25294
0.2525, 1.33294, 111.795, 149995, 0.138303, 3.2117, 100488, -0.24794
0.2575, 1.33293, 111.796, 149994, 0.138303, 3.2117, 100488, -0.24294
0.2625, 1.33294, 111.798, 149993, 0.138303, 3.2117, 100488, -0.23794
0.2675, 1.33299, 111.799, 149993, 0.138303, 3.2117, 100488, -0.23294
0.2725, 1.33312, 111.798, 149993, 0.138303, 3.2117, 100488, -0.22794
0.2775, 1.33325, 111.798, 149994, 0.138303, 3.2117, 100488, -0.22294
0.2825, 1.33335, 111.798, 149994, 0.138303, 3.2117, 100488, -0.21794
0.2875, 1.33341, 111.798, 149994, 0.138303, 3.2117, 100488, -0.21294
0.2925, 1.33344, 111.798, 149994, 0.138303, 3.2117, 100488, -0.20794
0.2975, 1.33345, 111.798, 149994, 0.138303, 3.2117, 100488, -0.20294
0.3025, 1.33345, 111.798, 149994, 0.138303, 3.2117, 100488, -0.19794
0.3075, 1.33341, 111.798, 149994, 0.138303, 3.2117, 100488, -0.19294
0.3125, 1.33332, 111.798, 149995, 0.138303, 3.2117, 100488, -0.18794
0.3175, 1.3332, 111.797, 149995, 0.138303, 3.2117, 100488, -0.18294
0.3225, 1.33311, 111.796, 149996, 0.138303, 3.2117, 100488, -0.17794
0.3275, 1.33305, 111.794, 149996, 0.138303, 3.2117, 100488, -0.17294
0.3325, 1.33303, 111.793, 149997, 0.138303, 3.2117, 100488, -0.16794
0.3375, 1.33303, 111.791, 149997, 0.138303, 3.2117, 100488, -0.16294
0.3425, 1.33304, 111.791, 149997, 0.138303, 3.2117, 100488, -0.15794
0.3475, 1.33312, 111.791, 149997, 0.138303, 3.2117, 100488, -0.15294
0.3525, 1.33325, 111.792, 149997, 0.138303, 3.2117, 100488, -0.14794
0.3575, 1.33338, 111.793, 149996, 0.138303, 3.2117, 100488, -0.14294
0.3625, 1.33347, 111.795, 149995, 0.138303, 3.2117, 100488, -0.13794
0.3675, 1.33352, 111.797, 149995, 0.138303, 3.2117, 100488, -0.13294
0.3725, 1.33355, 111.798, 149994, 0.138303, 3.2117, 100488, -0.12794
0.3775, 1.33356, 111.798, 149994, 0.138303, 3.2117, 100488, -0.12294
0.3825, 1.33356, 111.798, 149995, 0.138303, 3.2117, 100488, -0.11794
0.3875, 1.3335, 111.797, 149995, 0.138303, 3.2117, 100488, -0.11294
0.3925, 1.33335, 111.796, 149995, 0.138303, 3.2117, 100488, -0.10794
0.3975, 1.33315, 111.796, 149995, 0.138303, 3.2117, 100488, -0.10294
0.4025, 1.33301, 111.796, 149995, 0.138303, 3.2117, 100488, -0.0979395
0.4075, 1.33294, 111.796, 149995, 0.138303, 3.2117, 100488, -0.0929395
0.4125, 1.33292, 111.797, 149995, 0.138303, 3.2117, 100488, -0.0879395
0.4175, 1.33294, 111.798, 149994, 0.138303, 3.2117, 100488, -0.0829395
0.4225, 1.33305, 111.798, 149995, 0.138303, 3.2117, 100488, -0.0779395
0.4275, 1.33324, 111.798, 149996, 0.138303, 3.2117, 100488, -0.0729395
0.4325, 1.3334, 111.793, 149997, 0.138303, 3.2117, 100488, -0.0679395
0.4375, 1.3335, 111.788, 149995, 0.138303, 3.2117, 100488, -0.0629395
0.4425, 1.33355, 111.773, 149990, 0.138303, 3.2117, 100488, -0.0579394
0.4475, 1.3335, 111.726, 149970, 0.138303, 3.2117, 100488, -0.0529392
0.4525, 1.33293, 111.566, 149884, 0.138303, 3.2117, 100488, -0.0479383
0.4575, 1.33078, 111.002, 149577, 0.138303, 3.2117, 100488, -0.0429353
0.4625, 1.32371, 108.896, 148479, 0.138303, 3.2117, 100488, -0.0379225
0.4675, 1.29345, 99.9431, 143810, 0.138303, 3.2117, 100488, -0.0328755
0.4725, 1.21898, 77.0139, 132455, 0.138303, 3.2117, 100488, -0.0277793
0.4775, 1.13229, 48.1063, 119342, 0.138303, 3.2117, 100488, -0.0226796
0.4825, 1.07079, 26.3006, 110189, 0.138303, 3.2117, 100488, -0.0176114
0.4875, 1.03462, 13.2282, 104924, 0.138303, 3.2117, 100488, -0.0125725
0.4925, 1.01513, 6.41379, 102136, 0.138303, 3.2117, 100488, -0.00755286
0.4975, 1.00585, 3.6225, 100823, 0.138303, 3.20938, 100488, -0.00254493
0.5025, 1.00349, 3.14613, 100491, 0.138289, 3.10316, 100472, 0.00245654
0.5075, 1.00347, 3.2117, 100488, 0.138183, 2.26001, 100343, 0.00745892
0.5125, 1.00347, 3.2117, 100488, 0.138106, 1.64321, 100250, 0.0124606
0.5175, 1.00347, 3.2117, 100488, 0.13805, 1.19325, 100181, 0.0174619
0.5225, 1.00347, 3.2117, 100488, 0.138008, 0.865639, 100131, 0.0224628
0.5275, 1.00347, 3.2117, 100488, 0.137979, 0.62746, 100095, 0.0274635
0.5325, 1.00347, 3.2117, 100488, 0.137957, 0.454484, 100069, 0.032464
0.5375, 1.00347, 3.2117, 100488, 0.137941, 0.328964, 100050, 0.0374643
0.5425, 1.00347, 3.2117, 100488, 0.13793, 0.237942, 100036, 0.0424646
0.5475, 1.00347, 3.2117, 100488, 0.137922, 0.171974, 100026, 0.0474648
0.5525, 1.00347, 3.2117, 100488, 0.137916, 0.124188, 100019, 0.0524649
0.5575, 1.00347, 3.2117, 100488, 0.137911, 0.0895917, 100014, 0.057465
0.5625, 1.00347, 3.2117, 100488, 0.137908, 0.0645572, 100010, 0.0624651
0.5675, 1.00347, 3.2117, 100488, 0.137906, 0.0464522, 100007, 0.0674651
0.5725, 1.00347, 3.2117, 100488, 0.137904, 0.0333666, 100005, 0.0724652
0.5775, 1.00347, 3.2117, 100488, 0.137903, 0.0239154, 100004, 0.0774652
0.5825, 1.00347, 3.2117, 100488, 0.137902, 0.0170943, 100003, 0.0824652
0.5875, 1.00347, 3.2117, 100488, 0.137902, 0.0121758, 100002, 0.0874652
0.5925, 1.00347, 3.2117, 100488, 0.137901, 0.00863285, 100001, 0.0924652
0.5975, 1.00347, 3.2117, 100488, 0.137901, 0.006084, 100001, 0.0974652
0.6025, 1.00347, 3.2117, 100488, 0.137901, 0.00425293, 100001, 0.102465
0.6075, 1.00347, 3.2117, 100488, 0.1379, 0.0029394, 100000, 0.107465
0.6125, 1.00347, 3.2117, 100488, 0.1379, 0.00199818, 100000, 0.112465
0.6175, 1.00347, 3.2117, 100488, 0.1379, 0.00132396, 100000, 0.117465
0.6225, 1.00347, 3.2117, 100488, 0.1379, 0.000840508, 100000, 0.122465
0.6275, 1.00347, 3.2117, 100488, 0.1379, 0.000492835, 100000, 0.127465
0.6325, 1.00347, 3.2117, 100488, 0.1379, 0.000241548, 100000, 0.132465
0.6375, 1.00347, 3.2117, 100488, 0.1379, 5.87539e-05, 100000, 0.137465
0.6425, 1.00347, 3.2117, 100488, 0.1379, -7.5059e-05, 100000, 0.142465
0.6475, 1.00347, 3.2117, 100488, 0.1379, -0.000173482, 100000, 0.147465
0.6525, 1.00347, 3.2117, 100488, 0.1379, -0.000246056, 100000, 0.152465
0.6575, 1.00347, 3.2117, 100488, 0.1379, -0.000299551, 100000, 0.157465
0.6625, 1.00347, 3.2117, 100488, 0.1379, -0.000338787, 99999.9, 0.162465
0.6675, 1.00347, 3.2117, 100488, 0.1379, -0.000367229, 99999.9, 0.167465
0.6725, 1.00347, 3.2117, 100488, 0.1379, -0.000387457, 99999.9, 0.172465
0.6775, 1.00347, 3.2117, 100488, 0.1379, -0.000401524, 99999.9, 0.177465
0.6825, 1.00347, 3.2117, 100488, 0.1379, -0.000411116, 99999.9, 0.182465
0.6875, 1.00347, 3.2117, 100488, 0.1379, -0.000417589, 99999.9, 0.187465
0.6925, 1.00347, 3.2117, 100488, 0.1379, -0.000421957, 99999.9, 0.192465
0.6975, 1.00347, 3.2117, 100488, 0.1379, -0.000424917, 99999.9, 0.197465
0.7025, 1.00347, 3.2117, 100488, 0.1379, -0.000426921, 99999.9, 0.202465
0.7075, 1.00347, 3.2117, 100488, 0.1379, -0.000428261, 99999.9, 0.207465
0.7125, 1.00347, 3.2117, 100488, 0.1379, -0.000429131, 99999.9, 0.212465
0.7175, 1.00347, 3.2117, 100488, 0.1379, -0.00042967, 99999.9, 0.217465
0.7225, 1.00347, 3.2117, 100488, 0.1379, -0.000429985, 99999.9, 0.222465
0.7275, 1.00347, 3.2117, 100488, 0.1379, -0.000430153, 99999.9, 0.227465
0.7325, 1.00347, 3.2117, 100488, 0.1379, -0.000430234, 99999.9, 0.232465
0.7375, 1.00347, 3.2117, 100488, 0.1379, -0.000430267, 99999.9, 0.237465
0.7425, 1.00347, 3.2117, 100488, 0.1379, -0.000430275, 99999.9, 0.242465
0.7475, 1.00347, 3.2117, 100488, 0.1379, -0.000430275, 99999.9, 0.247465
0.7525, 1.00347, 3.2117, 100488, 0.1379, -0.00043026, 99999.9, 0.252465
0.7575, 1.00347, 3.2117, 100488, 0.1379, -0.000430238, 99999.9, 0.257465
0.7625, 1.00347, 3.2117, 100488, 0.1379, -0.000430221, 99999.9, 0.262465
0.7675, 1.00347, 3.2117, 100488, 0.1379, -0.000430206, 99999.9, 0.267465
0.7725, 1.00347, 3.2117, 100488, 0.1379, -0.000430195, 99999.9, 0.272465
0.7775, 1.00347, 3.2117, 100488, 0.1379, -0.000430186, 99999.9, 0.277465
0.7825, 1.00347, 3.2117, 100488, 0.1379, -0.000430179, 99999.9, 0.282465
0.7875, 1.00347, 3.2117, 100488, 0.1379, -0.000430173, 99999.9, 0.287465
0.7925, 1.00347, 3.2117, 100488, 0.1379, -0.000430169, 99999.9, 0.292465
0.7975, 1.00347, 3.2117, 100488, 0.1379, -0.000430167, 99999.9, 0.297465
0.8025, 1.00347, 3.2117, 100488, 0.1379, -0.000430165, 99999.9, 0.302465
0.8075, 1.00347, 3.2117, 100488, 0.1379, -0.000430163, 99999.9, 0.307465
0.8125, 1.00347, 3.2117, 100488, 0.1379, -0.000430162, 99999.9, 0.312465
0.8175, 1.00347, 3.2117, 100488, 0.1379, -0.000430161, 99999.9, 0.317465
0.8225, 1.00347, 3.2117, 100488, 0.1379, -0.000430161, 99999.9, 0.322465
0.8275, 1.00347, 3.2117, 100488, 0.1379, -0.000430161, 99999.9, 0.327465
0.8325, 1.00347, 3.2117, 100488, 0.1379, -0.000430161, 99999.9, 0.332465
0.8375, 1.00347, 3.2117, 100488, 0.1379, -0.00043016, 99999.9, 0.337465
0.8425, 1.00347, 3.2117, 100488, 0.1379, -0.00043016, 99999.9, 0.342465
0.8475, 1.00347, 3.2117, 100488, 0.1379, -0.00043016, 99999.9, 0.347465
0.8525, 1.00347, 3.2117, 100488, 0.1379, -0.00043016, 99999.9, 0.352465
0.8575, 1.00347, 3.2117, 100488, 0.1379, -0.00043016, 99999.9, 0.357465
0.8625, 1.00347, 3.2117, 100488, 0.1379, -0.00043016, 99999.9, 0.362465
0.8675, 1.00347, 3.2117, 100488, 0.1379, -0.00043016, 99999.9, 0.367465
0.8725, 1.00347, 3.2117, 100488, 0.1379, -0.00043016, 99999.9, 0.372465
0.8775, 1.00347, 3.2117, 100488, 0.1379, -0.00043016, 99999.9, 0.377465
0.8825, 1.00347, 3.2117, 100488, 0.1379, -0.00043016, 99999.9, 0.382465
0.8875, 1.00347, 3.2117, 100488, 0.1379, -0.00043016, 99999.9, 0.387465
0.8925, 1.00347, 3.2117, 100488, 0.1379, -0.00043016, 99999.9, 0.392465
0.8975, 1.00347, 3.2117, 100488, 0.1379, -0.00043016, 99999.9, 0.397465
0.9025, 1.00347, 3.2117, 100488, 0.1379, -0.00043016, 99999.9, 0.402465
0.9075, 1.00347, 3.2117, 100488, 0.1379, -0.00043016, 99999.9, 0.407465
0.9125, 1.00347, 3.2117, 100488, 0.1379, -0.00043016, 99999.9, 0.412465
0.9175, 1.00347, 3.2117, 100488, 0.1379, -0.00043016, 99999.9, 0.417465
0.9225, 1.00347, 3.2117, 100488, 0.1379, -0.00043016, 99999.9, 0.422465
0.9275, 1.00347, 3.2117, 100488, 0.1379, -0.00043016, 99999.9, 0.427465
0.9325, 1.00347, 3.2117, 100488, 0.1379, -0.00043016, 99999.9, 0.432465
0.9375, 1.00347, 3.2117, 100488, 0.1379, -0.00043016, 99999.9, 0.437465
0.9425, 1.00347, 3.2117, 100488, 0.1379, -0.00043016, 99999.9, 0.442465
0.9475, 1.00347, 3.2117, 100488, 0.1379, -0.00043016, 99999.9, 0.447465
0.9525, 1.00347, 3.2117, 100488, 0.1379, -0.00043016, 99999.9, 0.452465
0.9575, 1.00347, 3.2117, 100488, 0.1379, -0.00043016, 99999.9, 0.457465
0.9625, 1.00347, 3.2117, 100488, 0.1379, -0.00043016, 99999.9, 0.462465
0.9675, 1.00347, 3.2117, 100488, 0.1379, -0.00043016, 99999.9, 0.467465
0.9725, 1.00347, 3.2117, 100488, 0.1379, -0.00043016, 99999.9, 0.472465
0.9775, 1.00347, 3.2117, 100488, 0.1379, -0.00043016, 99999.9, 0.477465
0.9825, 1.00347, 3.2117, 100488, 0.1379, -0.00043016, 99999.9, 0.482465
0.9875, 1.00347, 3.2117, 100488, 0.1379, -0.00043016, 99999.9, 0.487465
0.9925, 1.00347, 3.2117, 100488, 0.1379, -0.00043016, 99999.9, 0.492465
0.9975, 1.00347, 3.2117, 100488, 0.1379, -0.00043016, 99999.9, 0.497465
