0.0025, 1.33293, 111.8, 149993, 0.158823, 159.174, 126602, -0.529185
0.0075, 1.33293, 111.8, 149993, 0.158823, 159.174, 126602, -0.524526
0.0125, 1.33293, 111.8, 149993, 0.158823, 159.174, 126602, -0.519526
0.0175, 1.33293, 111.8, 149993, 0.158823, 159.174, 126602, -0.514526
0.0225, 1.33293, 111.799, 149993, 0.158823, 159.174, 126602, -0.509526
0.0275, 1.33294, 111.798, 149994, 0.158823, 159.174, 126602, -0.504526
0.0325, 1.33294, 111.796, 149995, 0.158823, 159.174, 126602, -0.499526
0.0375, 1.33295, 111.795, 149995, 0.158823, 159.174, 126602, -0.494526
0.0425, 1.33295, 111.794, 149996, 0.158823, 159.174, 126602, -0.489526
0.0475, 1.33295, 111.794, 149996, 0.158823, 159.174, 126602, -0.484526
0.0525, 1.33295, 111.793, 149996, 0.158823, 159.174, 126602, -0.479526
0.0575, 1.33295, 111.793, 149996, 0.158823, 159.174, 126602, -0.474526
0.0625, 1.33295, 111.794, 149996, 0.158823, 159.174, 126602, -0.469526
0.0675, 1.33295, 111.795, 149996, 0.158823, 159.174, 126602, -0.464526
0.0725, 1.33294, 111.796, 149995, 0.158823, 159.174, 126602, -0.459526
0.0775, 1.33294, 111.798, 149994, 0.158823, 159.174, 126602, -0.454526
0.0825, 1.33294, 111.799, 149993, 0.158823, 159.174, 126602, -0.449526
0.0875, 1.33294, 111.8, 149993, 0.158823, 159.174, 126602, -0.444526
0.0925, 1.33294, 111.8, 149993, 0.158823, 159.174, 126602, -0.439526
0.0975, 1.33294, 111.8, 149993, 0.158823, 159.174, 126602, -0.434526
0.1025, 1.33295, 111.801, 149993, 0.158823, 159.174, 126602, -0.429526
0.1075, 1.33295, 111.8, 149993, 0.158823, 159.174, 126602, -0.424526
0.1125, 1.33296, 111.8, 149993, 0.158823, 159.174, 126602, -0.419526
0.1175, 1.33296, 111.799, 149993, 0.158823, 159.174, 126602, -0.414526
0.1225, 1.33296, 111.798, 149994, 0.158823, 159.174, 126602, -0.409526
0.1275, 1.33297, 111.797, 149994, 0.158823, 159.174, 126602, -0.404526
0.1325, 1.33297, 111.796, 149995, 0.158823, 159.174, 126602, -0.399526
0.1375, 1.33296, 111.794, 149996, 0.158823, 159.174, 126602, -0.394526
0.1425, 1.33294, 111.793, 149997, 0.158823, 159.174, 126602, -0.389526
0.1475, 1.33288, 111.791, 149998, 0.158823, 159.174, 126602, -0.384526
0.1525, 1.33269, 111.79, 149998, 0.158823, 159.174, 126602, -0.379526
0.1575, 1.33236, 111.79, 149998, 0.158823, 159.174, 126602, -0.374526
0.1625, 1.33198, 111.791, 149997, 0.158823, 159.174, 126602, -0.369526
0.1675, 1.33162, 111.792, 149997, 0.158823, 159.174, 126602, -0.364526
0.1725, 1.33132, 111.793, 149996, 0.158823, 159.174, 126602, -0.359526
0.1775, 1.3311, 111.794, 149996, 0.158823, 159.174, 126602, -0.354526
0.1825, 1.33095, 111.795, 149995, 0.158823, 159.174, 126602, -0.349526
0.1875, 1.33087, 111.796, 149995, 0.158823, 159.174, 126602, -0.344526
0.1925, 1.33083, 111.797, 149994, 0.158823, 159.174, 126602, -0.339526
0.1975, 1.33082, 111.798, 149994, 0.158823, 159.174, 126602, -0.334526
0.2025, 1.33084, 111.798, 149994, 0.158823, 159.174, 126602, -0.329526
0.2075, 1.33091, 111.798, 149994, 0.158823, 159.174, 126602, -0.324526
0.2125, 1.33115, 111.798, 149994, 0.158823, 159.174, 126602, -0.319526
0.2175, 1.33153, 111.798, 149994, 0.158823, 159.174, 126602, -0.314526
0.2225, 1.33193, 111.798, 149994, 0.158823, 159.174, 126602, -0.309526
0.2275, 1.33226, 111.798, 149994, 0.158823, 159.174, 126602, -0.304526
0.2325, 1.33251, 111.798, 149994, 0.158823, 159.174, 126602, -0.299526
0.2375, 1.3327, 111.797, 149995, 0.158823, 159.174, 126602, -0.294526
0.2425, 1.33283, 111.796, 149995, 0.158823, 159.174, 126602, -0.289526
0.2475, 1.33291, 111.795, 149996, 0.158823, 159.174, 126602, -0.284526
0.2525, 1.33296, 111.794, 149996, 0.158823, 159.174, 126602, -0.279526
0.2575, 1.33299, 111.793, 149996, 0.158823, 159.174, 126602, -0.274526
0.2625, 1.333, 111.793, 149997, 0.158823, 159.174, 126602, -0.269526
0.2675, 1.33301, 111.792, 149997, 0.158823, 159.174, 126602, -0.264526
0.2725, 1.33301, 111.792, 149997, 0.158823, 159.174, 126602, -0.259526
0.2775, 1.33301, 111.793, 149996, 0.158823, 159.174, 126602, -0.254526
0.2825, 1.33301, 111.793, 149996, 0.158823, 159.174, 126602, -0.249526
0.2875, 1.33301, 111.794, 149995, 0.158823, 159.174, 126602, -0.244526
0.2925, 1.33305, 111.795, 149995, 0.158823, 159.174, 126602, -0.239526
0.2975, 1.33312, 111.796, 149995, 0.158823, 159.174, 126602, -0.234526
0.3025, 1.3332, 111.796, 149995, 0.158823, 159.174, 126602, -0.229526
0.3075, 1.33327, 111.797, 149995, 0.158823, 159.174, 126602, -0.224526
0.3125, 1.33332, 111.797, 149995, 0.158823, 159.174, 126602, -0.219526
0.3175, 1.33334, 111.797, 149995, 0.158823, 159.174, 126602, -0.214526
0.3225, 1.33335, 111.797, 149995, 0.158823, 159.174, 126602, -0.209526
0.3275, 1.33335, 111.797, 149995, 0.158823, 159.174, 126602, -0.204526
0.3325, 1.33334, 111.797, 149995, 0.158823, 159.174, 126602, -0.199526
0.3375, 1.33331, 111.797, 149995, 0.158823, 159.174, 126602, -0.194526
0.3425, 1.33325, 111.796, 149995, 0.158823, 159.174, 126602, -0.189526
0.3475, 1.33319, 111.796, 149995, 0.158823, 159.174, 126602, -0.184526
0.3525, 1.33316, 111.795, 149996, 0.158823, 159.174, 126602, -0.179526
0.3575, 1.33315, 111.793, 149996, 0.158823, 159.174, 126602, -0.174526
0.3625, 1.33314, 111.791, 149997, 0.158823, 159.174, 126602, -0.169526
0.3675, 1.33315, 111.79, 149998, 0.158823, 159.174, 126602, -0.164526
0.3725, 1.33318, 111.789, 149999, 0.158823, 159.174, 126602, -0.159526
0.3775, 1.33325, 111.788, 149999, 0.158823, 159.174, 126602, -0.154526
0.3825, 1.33333, 111.787, 149999, 0.158823, 159.174, 126602, -0.149526
0.3875, 1.33338, 111.79, 149998, 0.158823, 159.174, 126602, -0.144526
0.3925, 1.3334, 111.795, 149995, 0.158823, 159.174, 126602, -0.139526
0.3975, 1.33338, 111.807, 149989, 0.158823, 159.174, 126602, -0.134526
0.4025, 1.3333, 111.837, 149973, 0.158823, 159.174, 126602, -0.129526
0.4075, 1.33307, 111.91, 149935, 0.158823, 159.174, 126602, -0.124526
0.4125, 1.33247, 112.088, 149841, 0.158823, 159.174, 126602, -0.119527
0.4175, 1.33099, 112.523, 149611, 0.158823, 159.174, 126602, -0.114528
0.4225, 1.32743, 113.57, 149059, 0.158823, 159.174, 126602, -0.10953
0.4275, 1.319, 116.062, 147752, 0.158823, 159.174, 126602, -0.104537
0.4325, 1.30469, 120.332, 145536, 0.158823, 159.174, 126602, -0.0995493
0.4375, 1.28586, 126.044, 142616, 0.158823, 159.174, 126602, -0.0945662
0.4425, 1.26521, 132.405, 139426, 0.158823, 159.174, 126602, -0.0895855
0.4475, 1.24575, 138.466, 136440, 0.158823, 159.174, 126602, -0.0846044
0.4525, 1.22894, 143.776, 133870, 0.158823, 159.174, 126602, -0.079621
0.4575, 1.21508, 148.214, 131753, 0.158823, 159.174, 126602, -0.074635
0.4625, 1.20426, 151.739, 130094, 0.158823, 159.174, 126602, -0.0696462
0.4675, 1.19628, 154.393, 128856, 0.158823, 159.174, 126602, -0.0646547
0.4725, 1.19068, 156.281, 127981, 0.158823, 159.174, 126602, -0.0596607
0.4775, 1.18693, 157.547, 127394, 0.158823, 159.174, 126602, -0.0546648
0.4825, 1.18447, 158.345, 127022, 0.158823, 159.174, 126602, -0.0496674
0.4875, 1.18285, 158.82, 126801, 0.158823, 159.174, 126602, -0.044669
0.4925, 1.18178, 159.088, 126681, 0.158823, 159.174, 126602, -0.0396699
0.4975, 1.18106, 159.227, 126624, 0.158823, 159.174, 126602, -0.0346703
0.5025, 1.18061, 159.29, 126603, 0.158823, 159.174, 126602, -0.0296705
0.5075, 1.18038, 159.307, 126603, 0.158823, 159.174, 126602, -0.0246706
0.5125, 1.18025, 159.286, 126610, 0.158823, 159.174, 126602, -0.0196705
0.5175, 1.18015, 159.245, 126614, 0.158823, 159.174, 126602, -0.0146704
0.5225, 1.18006, 159.205, 126610, 0.158823, 159.174, 126602, -0.00967026
0.5275, 1.18, 159.18, 126604, 0.158824, 159.174, 126602, -0.00467019
0.5325, 1.17998, 159.174, 126602, 0.158823, 159.173, 126602, 0.000329833
0.5375, 1.17998, 159.174, 126602, 0.158822, 159.166, 126601, 0.00532985
0.5425, 1.17998, 159.174, 126602, 0.158821, 159.163, 126600, 0.0103298
0.5475, 1.17998, 159.174, 126602, 0.158821, 159.163, 126600, 0.0153298
0.5525, 1.17998, 159.174, 126602, 0.15882, 159.166, 126601, 0.0203298
0.5575, 1.17998, 159.174, 126602, 0.158819, 159.17, 126602, 0.0253298
0.5625, 1.17998, 159.174, 126602, 0.158819, 159.178, 126603, 0.0303298
0.5675, 1.17998, 159.174, 126602, 0.15882, 159.196, 126606, 0.0353297
0.5725, 1.17998, 159.174, 126602, 0.158825, 159.229, 126612, 0.0403295
0.5775, 1.17998, 159.174, 126602, 0.15883, 159.269, 126620, 0.0453294
0.5825, 1.17998, 159.174, 126602, 0.158835, 159.306, 126627, 0.0503293
0.5875, 1.17998, 159.174, 126602, 0.15884, 159.341, 126633, 0.0553292
0.5925, 1.17998, 159.174, 126602, 0.158845, 159.375, 126639, 0.0603291
0.5975, 1.17998, 159.174, 126602, 0.15885, 159.412, 126646, 0.065329
0.6025, 1.17998, 159.174, 126602, 0.158856, 159.461, 126655, 0.0703288
0.6075, 1.17998, 159.174, 126602, 0.158864, 159.516, 126665, 0.0753286
0.6125, 1.17998, 159.174, 126602, 0.15887, 159.567, 126674, 0.0803285
0.6175, 1.17998, 159.174, 126602, 0.158876, 159.606, 126681, 0.0853284
0.6225, 1.17998, 159.174, 126602, 0.158879, 159.634, 126686, 0.0903284
0.6275, 1.17998, 159.174, 126602, 0.158881, 159.649, 126689, 0.0953283
0.6325, 1.17998, 159.174, 126602, 0.158882, 159.655, 126690, 0.100328
0.6375, 1.17998, 159.174, 126602, 0.158882, 159.656, 126691, 0.105328
0.6425, 1.17998, 159.174, 126602, 0.15888, 159.646, 126689, 0.110328
0.6475, 1.17998, 159.174, 126602, 0.158874, 159.6, 126680, 0.115329
0.6525, 1.17998, 159.174, 126602, 0.158861, 159.512, 126664, 0.120329
0.6575, 1.17998, 159.174, 126602, 0.158847, 159.414, 126646, 0.125329
0.6625, 1.17998, 159.174, 126602, 0.158831, 159.306, 126626, 0.13033
0.6675, 1.17998, 159.174, 126602, 0.158812, 159.165, 126600, 0.13533
0.6725, 1.17998, 159.174, 126602, 0.158781, 158.942, 126560, 0.140331
0.6775, 1.17998, 159.174, 126602, 0.158731, 158.587, 126495, 0.145333
0.6825, 1.17998, 159.174, 126602, 0.158661, 158.079, 126402, 0.150335
0.6875, 1.17998, 159.174, 126602, 0.158574, 157.454, 126287, 0.155337
0.6925, 1.17998, 159.174, 126602, 0.158483, 156.792, 126166, 0.160339
0.6975, 1.17998, 159.174, 126602, 0.158393, 156.136, 126046, 0.165341
0.7025, 1.17998, 159.174, 126602, 0.158293, 155.411, 125914, 0.170344
0.7075, 1.17998, 159.174, 126602, 0.15815, 154.369, 125724, 0.175348
0.7125, 1.17998, 159.174, 126602, 0.157922, 152.704, 125421, 0.180355
0.7175, 1.17998, 159.174, 126602, 0.157595, 150.334, 124990, 0.185363
0.7225, 1.17998, 159.174, 126602, 0.157217, 147.572, 124490, 0.190372
0.7275, 1.17998, 159.174, 126602, 0.156814, 144.62, 123957, 0.195384
0.7325, 1.17998, 159.174, 126602, 0.156228, 140.308, 123183, 0.200406
0.7375, 1.17998, 159.174, 126602, 0.154947, 130.975, 121519, 0.205465
0.7425, 1.17998, 159.174, 126602, 0.151734, 107.229, 117365, 0.210562
0.7475, 1.17998, 159.174, 126602, 0.147383, 74.259, 111788, 0.21565
0.7525, 1.17998, 159.174, 126602, 0.143928, 47.5337, 107424, 0.22071
0.7575, 1.17998, 159.174, 126602, 0.14169, 30.0166, 104639, 0.225748
0.7625, 1.17998, 159.174, 126602, 0.140336, 19.3429, 102970, 0.23077
0.7675, 1.17998, 159.174, 126602, 0.139513, 12.8269, 101962, 0.235785
0.7725, 1.17998, 159.174, 126602, 0.138995, 8.71981, 101330, 0.240794
0.7775, 1.17998, 159.174, 126602, 0.138658, 6.03833, 100920, 0.2458
0.7825, 1.17998, 159.174, 126602, 0.138431, 4.23634, 100645, 0.250804
0.7875, 1.17998, 159.174, 126602, 0.138276, 2.99928, 100456, 0.255807
0.7925, 1.17998, 159.174, 126602, 0.138168, 2.137, 100325, 0.260809
0.7975, 1.17998, 159.174, 126602, 0.138092, 1.52941, 100232, 0.265811
0.8025, 1.17998, 159.174, 126602, 0.138038, 1.09798, 100167, 0.270812
0.8075, 1.17998, 159.174, 126602, 0.137999, 0.789947, 100120, 0.275813
0.8125, 1.17998, 159.174, 126602, 0.137971, 0.569152, 100086, 0.280813
0.8175, 1.17998, 159.174, 126602, 0.137951, 0.410444, 100062, 0.285813
0.8225, 1.17998, 159.174, 126602, 0.137937, 0.296138, 100045, 0.290814
0.8275, 1.17998, 159.174, 126602, 0.137927, 0.2137, 100032, 0.295814
0.8325, 1.17998, 159.174, 126602, 0.137919, 0.154189, 100023, 0.300814
0.8375, 1.17998, 159.174, 126602, 0.137914, 0.111207, 100017, 0.305814
0.8425, 1.17998, 159.174, 126602, 0.13791, 0.0801521, 100012, 0.310814
0.8475, 1.17998, 159.174, 126602, 0.137907, 0.0577145, 100009, 0.315814
0.8525, 1.17998, 159.174, 126602, 0.137905, 0.0415049, 100006, 0.320814
0.8575, 1.17998, 159.174, 126602, 0.137904, 0.0297983, 100005, 0.325814
0.8625, 1.17998, 159.174, 126602, 0.137903, 0.021348, 100003, 0.330814
0.8675, 1.17998, 159.174, 126602, 0.137902, 0.0152522, 100002, 0.335814
0.8725, 1.17998, 159.174, 126602, 0.137901, 0.0108584, 100002, 0.340814
0.8775, 1.17998, 159.174, 126602, 0.137901, 0.00769428, 100001, 0.345814
0.8825, 1.17998, 159.174, 126602, 0.137901, 0.00541786, 100001, 0.350814
0.8875, 1.17998, 159.174, 126602, 0.1379, 0.0037814, 100001, 0.355814
0.8925, 1.17998, 159.174, 126602, 0.1379, 0.00260558, 100000, 0.360814
0.8975, 1.17998, 159.174, 126602, 0.1379, 0.00176071, 100000, 0.365814
0.9025, 1.17998, 159.174, 126602, 0.1379, 0.00115315, 100000, 0.370814
0.9075, 1.17998, 159.174, 126602, 0.1379, 0.00071554, 100000, 0.375814
0.9125, 1.17998, 159.174, 126602, 0.1379, 0.000399545, 100000, 0.380814
0.9175, 1.17998, 159.174, 126602, 0.1379, 0.000170665, 100000, 0.385815
0.9225, 1.17998, 159.174, 126602, 0.1379, 4.35452e-06, 100000, 0.390815
0.9275, 1.17998, 159.174, 126602, 0.1379, -0.000116804, 100000, 0.395815
0.9325, 1.17998, 159.174, 126602, 0.1379, -0.000205179, 100000, 0.400815
0.9375, 1.17998, 159.174, 126602, 0.1379, -0.000269596, 100000, 0.405815
0.9425, 1.17998, 159.174, 126602, 0.1379, -0.00031641, 100000, 0.410815
0.9475, 1.17998, 159.174, 126602, 0.1379, -0.000350255, 99999.9, 0.415815
0.9525, 1.17998, 159.174, 126602, 0.1379, -0.000374549, 99999.9, 0.420815
0.9575, 1.17998, 159.174, 126602, 0.1379, -0.000391841, 99999.9, 0.425815
0.9625, 1.17998, 159.174, 126602, 0.1379, -0.000404039, 99999.9, 0.430815
0.9675, 1.17998, 159.174, 126602, 0.1379, -0.000412564, 99999.9, 0.435815
0.9725, 1.17998, 159.174, 126602, 0.1379, -0.000418466, 99999.9, 0.440815
0.9775, 1.17998, 159.174, 126602, 0.1379, -0.000422513, 99999.9, 0.445815
0.9825, 1.17998, 159.174, 126602, 0.1379, -0.000425258, 99999.9, 0.450815
0.9875, 1.17998, 159.174, 126602, 0.1379, -0.000427095, 99999.9, 0.455815
0.9925, 1.17998, 159.174, 126602, 0.1379, -0.000428317, 99999.9, 0.460815
0.9975, 1.17998, 159.174, 126602, 0.1379, -0.000429135, 99999.9, 0.465815
