0.0025, 1.33286, 111.821, 149982, 0.1379, -0.000238511, 99999.9, -0.4975
0.0075, 1.33286, 111.82, 149982, 0.1379, -0.000238511, 99999.9, -0.492906
0.0125, 1.33286, 111.82, 149982, 0.1379, -0.000238511, 99999.9, -0.487906
0.0175, 1.33287, 111.819, 149983, 0.1379, -0.000238511, 99999.9, -0.482906
0.0225, 1.33287, 111.819, 149983, 0.1379, -0.000238511, 99999.9, -0.477906
0.0275, 1.33288, 111.817, 149984, 0.1379, -0.000238511, 99999.9, -0.472906
0.0325, 1.3329, 111.814, 149985, 0.1379, -0.000238511, 99999.9, -0.467906
0.0375, 1.33292, 111.811, 149987, 0.1379, -0.000238511, 99999.9, -0.462906
0.0425, 1.33294, 111.807, 149989, 0.1379, -0.000238511, 99999.9, -0.457906
0.0475, 1.33295, 111.805, 149990, 0.1379, -0.000238511, 99999.9, -0.452906
0.0525, 1.33296, 111.803, 149991, 0.1379, -0.000238511, 99999.9, -0.447906
0.0575, 1.33296, 111.803, 149991, 0.1379, -0.000238511, 99999.9, -0.442906
0.0625, 1.33296, 111.803, 149991, 0.1379, -0.000238511, 99999.9, -0.437906
0.0675, 1.33295, 111.804, 149991, 0.1379, -0.000238511, 99999.9, -0.432906
0.0725, 1.33294, 111.805, 149990, 0.1379, -0.000238511, 99999.9, -0.427906
0.0775, 1.3329, 111.808, 149988, 0.1379, -0.000238511, 99999.9, -0.422906
0.0825, 1.33283, 111.809, 149988, 0.1379, -0.000238511, 99999.9, -0.417906
0.0875, 1.33262, 111.81, 149988, 0.1379, -0.000238511, 99999.9, -0.412906
0.0925, 1.33216, 111.809, 149989, 0.1379, -0.000238511, 99999.9, -0.407906
0.0975, 1.33153, 111.808, 149989, 0.1379, -0.000238511, 99999.9, -0.402906
0.1025, 1.33092, 111.807, 149990, 0.1379, -0.000238511, 99999.9, -0.397906
0.1075, 1.33046, 111.806, 149990, 0.1379, -0.000238511, 99999.9, -0.392906
0.1125, 1.33016, 111.806, 149990, 0.1379, -0.000238511, 99999.9, -0.387906
0.1175, 1.33, 111.805, 149990, 0.1379, -0.000238511, 99999.9, -0.382906
0.1225, 1.32995, 111.805, 149990, 0.1379, -0.000238511, 99999.9, -0.377906
0.1275, 1.32996, 111.804, 149990, 0.1379, -0.000238511, 99999.9, -0.372906
0.1325, 1.33009, 111.803, 149991, 0.1379, -0.000238511, 99999.9, -0.367906
0.1375, 1.33054, 111.8, 149992, 0.1379, -0.000238511, 99999.9, -0.362906
0.1425, 1.33128, 111.797, 149994, 0.1379, -0.000238511, 99999.9, -0.357906
0.1475, 1.33201, 111.794, 149996, 0.1379, -0.000238511, 99999.9, -0.352906
0.1525, 1.33258, 111.793, 149997, 0.1379, -0.000238511, 99999.9, -0.347906
0.1575, 1.33298, 111.792, 149997, 0.1379, -0.000238511, 99999.9, -0.342906
0.1625, 1.33323, 111.793, 149997, 0.1379, -0.000238511, 99999.9, -0.337906
0.1675, 1.33337, 111.794, 149996, 0.1379, -0.000238511, 99999.9, -0.332906
0.1725, 1.33343, 111.797, 149995, 0.1379, -0.000238511, 99999.9, -0.327906
0.1775, 1.33345, 111.799, 149994, 0.1379, -0.000238511, 99999.9, -0.322906
0.1825, 1.33343, 111.801, 149993, 0.1379, -0.000238511, 99999.9, -0.317906
0.1875, 1.33332, 111.802, 149992, 0.1379, -0.000238511, 99999.9, -0.312906
0.1925, 1.33308, 111.803, 149992, 0.1379, -0.000238511, 99999.9, -0.307906
0.1975, 1.33282, 111.802, 149992, 0.1379, -0.000238511, 99999.9, -0.302906
0.2025, 1.33266, 111.801, 149993, 0.1379, -0.000238511, 99999.9, -0.297906
0.2075, 1.33259, 111.799, 149993, 0.1379, -0.000238511, 99999.9, -0.292906
0.2125, 1.33258, 111.799, 149993, 0.1379, -0.000238511, 99999.9, -0.287906
0.2175, 1.33263, 111.798, 149993, 0.1379, -0.000238511, 99999.9, -0.282906
0.2225, 1.33283, 111.797, 149994, 0.1379, -0.000238511, 99999.9, -0.277906
0.2275, 1.33313, 111.797, 149994, 0.1379, -0.000238511, 99999.9, -0.272906
0.2325, 1.3334, 111.797, 149996, 0.1379, -0.000238511, 99999.9, -0.267906
0.2375, 1.33358, 111.797, 149998, 0.1379, -0.000238511, 99999.9, -0.262906
0.2425, 1.33368, 111.795, 149999, 0.1379, -0.000238511, 99999.9, -0.257906
0.2475, 1.33371, 111.792, 149998, 0.1379, -0.000238511, 99999.9, -0.252906
0.2525, 1.33371, 111.785, 149997, 0.1379, -0.000238511, 99999.9, -0.247906
0.2575, 1.33359, 111.768, 149986, 0.1379, -0.000238511, 99999.9, -0.242906
0.2625, 1.33313, 111.704, 149946, 0.1379, -0.000238511, 99999.9, -0.237906
0.2675, 1.33186, 111.447, 149804, 0.1379, -0.000238511, 99999.9, -0.232904
0.2725, 1.32861, 110.555, 149332, 0.1379, -0.000238511, 99999.9, -0.227899
0.2775, 1.31619, 106.762, 147348, 0.1379, -0.000238511, 99999.9, -0.222878
0.2825, 1.27068, 93.0865, 140317, 0.1379, -0.000238511, 99999.9, -0.21781
0.2875, 1.1852, 65.9793, 127310, 0.1379, -0.000238511, 99999.9, -0.212705
0.2925, 1.10541, 38.6498, 115319, 0.1379, -0.000238511, 99999.9, -0.207615
0.2975, 1.05429, 20.1721, 107774, 0.1379, -0.000238511, 99999.9, -0.202558
0.3025, 1.02615, 9.76349, 103705, 0.1379, -0.000238511, 99999.9, -0.197528
0.3075, 1.01209, 4.52329, 101703, 0.1379, -0.000238511, 99999.9, -0.192513
0.3125, 1.00546, 2.04384, 100767, 0.1379, -0.000238511, 99999.9, -0.187506
0.3175, 1.00243, 0.909012, 100341, 0.1379, -0.000238511, 99999.9, -0.182503
0.3225, 1.00107, 0.399446, 100150, 0.1379, -0.000238511, 99999.9, -0.177501
0.3275, 1.00046, 0.173612, 100065, 0.1379, -0.000238511, 99999.9, -0.1725
0.3325, 1.0002, 0.0746214, 100028, 0.1379, -0.000238511, 99999.9, -0.1675
0.3375, 1.00008, 0.0316962, 100012, 0.1379, -0.000238511, 99999.9, -0.1625
0.3425, 1.00004, 0.0132938, 100005, 0.1379, -0.000238511, 99999.9, -0.1575
0.3475, 1.00001, 0.00550151, 100002, 0.1379, -0.000238511, 99999.9, -0.1525
0.3525, 1.00001, 0.00224583, 100001, 0.1379, -0.000238511, 99999.9, -0.1475
0.3575, 1, 0.000905072, 100000, 0.1379, -0.000238511, 99999.9, -0.1425
0.3625, 1, 0.00036134, 100000, 0.1379, -0.000238511, 99999.9, -0.1375
0.3675, 1, 0.000144374, 100000, 0.1379, -0.000238511, 99999.9, -0.1325
0.3725, 1, 5.92421e-05, 100000, 0.1379, -0.000238511, 99999.9, -0.1275
0.3775, 1, 2.64163e-05, 100000, 0.1379, -0.000238511, 99999.9, -0.1225
0.3825, 1, 1.39882e-05, 100000, 0.1379, -0.000238511, 99999.9, -0.1175
0.3875, 1, 9.37644e-06, 100000, 0.1379, -0.000238511, 99999.9, -0.1125
0.3925, 1, 7.7059e-06, 100000, 0.1379, -0.000238511, 99999.9, -0.1075
0.3975, 1, 7.1201e-06, 100000, 0.1379, -0.000238511, 99999.9, -0.1025
0.4025, 1, 6.92418e-06, 100000, 0.1379, -0.000238511, 99999.9, -0.0975
0.4075, 1, 6.86324e-06, 100000, 0.1379, -0.000238511, 99999.9, -0.0925
0.4125, 1, 6.84664e-06, 100000, 0.1379, -0.000238511, 99999.9, -0.0875
0.4175, 1, 6.84321e-06, 100000, 0.1379, -0.000238511, 99999.9, -0.0825
0.4225, 1, 6.84286e-06, 100000, 0.1379, -0.000238511, 99999.9, -0.0775
0.4275, 1, 6.84282e-06, 100000, 0.1379, -0.000238511, 99999.9, -0.0725
0.4325, 1, 6.84228e-06, 100000, 0.1379, -0.000238511, 99999.9, -0.0675
0.4375, 1, 6.84137e-06, 100000, 0.1379, -0.000238511, 99999.9, -0.0625
0.4425, 1, 6.84073e-06, 100000, 0.1379, -0.000238511, 99999.9, -0.0575
0.4475, 1, 6.84043e-06, 100000, 0.1379, -0.000238511, 99999.9, -0.0525
0.4525, 1, 6.84034e-06, 100000, 0.1379, -0.000238511, 99999.9, -0.0475
0.4575, 1, 6.84037e-06, 100000, 0.1379, -0.000238511, 99999.9, -0.0425
0.4625, 1, 6.84058e-06, 100000, 0.1379, -0.000238511, 99999.9, -0.0375
0.4675, 1, 6.84089e-06, 100000, 0.1379, -0.000238511, 99999.9, -0.0325
0.4725, 1, 6.841e-06, 100000, 0.1379, -0.000238511, 99999.9, -0.0275
0.4775, 1, 6.83913e-06, 100000, 0.1379, -0.000238511, 99999.9, -0.0225
0.4825, 1, 6.81534e-06, 100000, 0.1379, -0.000238511, 99999.9, -0.0175
0.4875, 1, 6.5428e-06, 100000, 0.1379, -0.000238511, 99999.9, -0.0125
0.4925, 1, 3.67479e-06, 100000, 0.1379, -0.000238511, 99999.9, -0.00749997
0.4975, 1, -4.90131e-05, 100000, 0.1379, -0.00039183, 99999.9, -0.00249997
0.5025, 1, -0.000171774, 99999.9, 0.1379, -0.000428009, 99999.9, 0.00250003
0.5075, 0.999999, -0.000238511, 99999.9, 0.1379, -0.000430158, 99999.9, 0.00750003
0.5125, 0.999999, -0.000238511, 99999.9, 0.1379, -0.00043016, 99999.9, 0.0125
0.5175, 0.999999, -0.000238511, 99999.9, 0.1379, -0.00043016, 99999.9, 0.0175
0.5225, 0.999999, -0.000238511, 99999.9, 0.1379, -0.00043016, 99999.9, 0.0225
0.5275, 0.999999, -0.000238511, 99999.9, 0.1379, -0.00043016, 99999.9, 0.0275
0.5325, 0.999999, -0.000238511, 99999.9, 0.1379, -0.00043016, 99999.9, 0.0325
0.5375, 0.999999, -0.000238511, 99999.9, 0.1379, -0.00043016, 99999.9, 0.0375
0.5425, 0.999999, -0.000238511, 99999.9, 0.1379, -0.00043016, 99999.9, 0.0425
0.5475, 0.999999, -0.000238511, 99999.9, 0.1379, -0.000430161, 99999.9, 0.0475
0.5525, 0.999999, -0.000238511, 99999.9, 0.1379, -0.000430161, 99999.9, 0.0525
0.5575, 0.999999, -0.000238511, 99999.9, 0.1379, -0.000430161, 99999.9, 0.0575
0.5625, 0.999999, -0.000238511, 99999.9, 0.1379, -0.000430161, 99999.9, 0.0625
0.5675, 0.999999, -0.000238511, 99999.9, 0.1379, -0.000430161, 99999.9, 0.0675
0.5725, 0.999999, -0.000238511, 99999.9, 0.1379, -0.000430161, 99999.9, 0.0725
0.5775, 0.999999, -0.000238511, 99999.9, 0.1379, -0.000430161, 99999.9, 0.0775
0.5825, 0.999999, -0.000238511, 99999.9, 0.1379, -0.00043016, 99999.9, 0.0825
0.5875, 0.999999, -0.000238511, 99999.9, 0.1379, -0.00043016, 99999.9, 0.0875
0.5925, 0.999999, -0.000238511, 99999.9, 0.1379, -0.00043016, 99999.9, 0.0925
0.5975, 0.999999, -0.000238511, 99999.9, 0.1379, -0.00043016, 99999.9, 0.0975
0.6025, 0.999999, -0.000238511, 99999.9, 0.1379, -0.00043016, 99999.9, 0.1025
0.6075, 0.999999, -0.000238511, 99999.9, 0.1379, -0.00043016, 99999.9, 0.1075
0.6125, 0.999999, -0.000238511, 99999.9, 0.1379, -0.000430159, 99999.9, 0.1125
0.6175, 0.999999, -0.000238511, 99999.9, 0.1379, -0.000430159, 99999.9, 0.1175
0.6225, 0.999999, -0.000238511, 99999.9, 0.1379, -0.000430159, 99999.9, 0.1225
0.6275, 0.999999, -0.000238511, 99999.9, 0.1379, -0.000430159, 99999.9, 0.1275
0.6325, 0.999999, -0.000238511, 99999.9, 0.1379, -0.000430159, 99999.9, 0.1325
0.6375, 0.999999, -0.000238511, 99999.9, 0.1379, -0.000430159, 99999.9, 0.1375
0.6425, 0.999999, -0.000238511, 99999.9, 0.1379, -0.000430159, 99999.9, 0.1425
0.6475, 0.999999, -0.000238511, 99999.9, 0.1379, -0.00043016, 99999.9, 0.1475
0.6525, 0.999999, -0.000238511, 99999.9, 0.1379, -0.00043016, 99999.9, 0.1525
0.6575, 0.999999, -0.000238511, 99999.9, 0.1379, -0.00043016, 99999.9, 0.1575
0.6625, 0.999999, -0.000238511, 99999.9, 0.1379, -0.00043016, 99999.9, 0.1625
0.6675, 0.999999, -0.000238511, 99999.9, 0.1379, -0.00043016, 99999.9, 0.1675
0.6725, 0.999999, -0.000238511, 99999.9, 0.1379, -0.000430161, 99999.9, 0.1725
0.6775, 0.999999, -0.000238511, 99999.9, 0.1379, -0.000430161, 99999.9, 0.1775
0.6825, 0.999999, -0.000238511, 99999.9, 0.1379, -0.000430161, 99999.9, 0.1825
0.6875, 0.999999, -0.000238511, 99999.9, 0.1379, -0.000430162, 99999.9, 0.1875
0.6925, 0.999999, -0.000238511, 99999.9, 0.1379, -0.000430162, 99999.9, 0.1925
0.6975, 0.999999, -0.000238511, 99999.9, 0.1379, -0.000430162, 99999.9, 0.1975
0.7025, 0.999999, -0.000238511, 99999.9, 0.1379, -0.000430162, 99999.9, 0.2025
0.7075, 0.999999, -0.000238511, 99999.9, 0.1379, -0.000430162, 99999.9, 0.2075
0.7125, 0.999999, -0.000238511, 99999.9, 0.1379, -0.000430162, 99999.9, 0.2125
0.7175, 0.999999, -0.000238511, 99999.9, 0.1379, -0.000430162, 99999.9, 0.2175
0.7225, 0.999999, -0.000238511, 99999.9, 0.1379, -0.000430162, 99999.9, 0.2225
0.7275, 0.999999, -0.000238511, 99999.9, 0.1379, -0.000430161, 99999.9, 0.2275
0.7325, 0.999999, -0.000238511, 99999.9, 0.1379, -0.00043016, 99999.9, 0.2325
0.7375, 0.999999, -0.000238511, 99999.9, 0.1379, -0.00043016, 99999.9, 0.2375
0.7425, 0.999999, -0.000238511, 99999.9, 0.1379, -0.000430159, 99999.9, 0.2425
0.7475, 0.999999, -0.000238511, 99999.9, 0.1379, -0.000430157, 99999.9, 0.2475
0.7525, 0.999999, -0.000238511, 99999.9, 0.1379, -0.000430156, 99999.9, 0.2525
0.7575, 0.999999, -0.000238511, 99999.9, 0.1379, -0.000430154, 99999.9, 0.2575
0.7625, 0.999999, -0.000238511, 99999.9, 0.1379, -0.000430153, 99999.9, 0.2625
0.7675, 0.999999, -0.000238511, 99999.9, 0.1379, -0.000430152, 99999.9, 0.2675
0.7725, 0.999999, -0.000238511, 99999.9, 0.1379, -0.000430151, 99999.9, 0.2725
0.7775, 0.999999, -0.000238511, 99999.9, 0.1379, -0.00043015, 99999.9, 0.2775
0.7825, 0.999999, -0.000238511, 99999.9, 0.1379, -0.000430149, 99999.9, 0.2825
0.7875, 0.999999, -0.000238511, 99999.9, 0.1379, -0.000430149, 99999.9, 0.2875
0.7925, 0.999999, -0.000238511, 99999.9, 0.1379, -0.000430148, 99999.9, 0.2925
0.7975, 0.999999, -0.000238511, 99999.9, 0.1379, -0.000430148, 99999.9, 0.2975
0.8025, 0.999999, -0.000238511, 99999.9, 0.1379, -0.000430148, 99999.9, 0.3025
0.8075, 0.999999, -0.000238511, 99999.9, 0.1379, -0.000430148, 99999.9, 0.3075
0.8125, 0.999999, -0.000238511, 99999.9, 0.1379, -0.000430149, 99999.9, 0.3125
0.8175, 0.999999, -0.000238511, 99999.9, 0.1379, -0.000430149, 99999.9, 0.3175
0.8225, 0.999999, -0.000238511, 99999.9, 0.1379, -0.00043015, 99999.9, 0.3225
0.8275, 0.999999, -0.000238511, 99999.9, 0.1379, -0.000430152, 99999.9, 0.3275
0.8325, 0.999999, -0.000238511, 99999.9, 0.1379, -0.000430153, 99999.9, 0.3325
0.8375, 0.999999, -0.000238511, 99999.9, 0.1379, -0.000430155, 99999.9, 0.3375
0.8425, 0.999999, -0.000238511, 99999.9, 0.1379, -0.000430158, 99999.9, 0.3425
0.8475, 0.999999, -0.000238511, 99999.9, 0.1379, -0.000430162, 99999.9, 0.3475
0.8525, 0.999999, -0.000238511, 99999.9, 0.1379, -0.000430167, 99999.9, 0.3525
0.8575, 0.999999, -0.000238511, 99999.9, 0.1379, -0.000430172, 99999.9, 0.3575
0.8625, 0.999999, -0.000238511, 99999.9, 0.1379, -0.000430176, 99999.9, 0.3625
0.8675, 0.999999, -0.000238511, 99999.9, 0.1379, -0.00043018, 99999.9, 0.3675
0.8725, 0.999999, -0.000238511, 99999.9, 0.1379, -0.000430183, 99999.9, 0.3725
0.8775, 0.999999, -0.000238511, 99999.9, 0.1379, -0.000430185, 99999.9, 0.3775
0.8825, 0.999999, -0.000238511, 99999.9, 0.1379, -0.000430186, 99999.9, 0.3825
0.8875, 0.999999, -0.000238511, 99999.9, 0.1379, -0.000430186, 99999.9, 0.3875
0.8925, 0.999999, -0.000238511, 99999.9, 0.1379, -0.000430186, 99999.9, 0.3925
0.8975, 0.999999, -0.000238511, 99999.9, 0.1379, -0.000430185, 99999.9, 0.3975
0.9025, 0.999999, -0.000238511, 99999.9, 0.1379, -0.000430181, 99999.9, 0.4025
0.9075, 0.999999, -0.000238511, 99999.9, 0.1379, -0.000430171, 99999.9, 0.4075
0.9125, 0.999999, -0.000238511, 99999.9, 0.1379, -0.000430157, 99999.9, 0.4125
0.9175, 0.999999, -0.000238511, 99999.9, 0.1379, -0.00043014, 99999.9, 0.4175
0.9225, 0.999999, -0.000238511, 99999.9, 0.1379, -0.000430119, 99999.9, 0.4225
0.9275, 0.999999, -0.000238511, 99999.9, 0.1379, -0.000430097, 99999.9, 0.4275
0.9325, 0.999999, -0.000238511, 99999.9, 0.1379, -0.000430074, 99999.9, 0.4325
0.9375, 0.999999, -0.000238511, 99999.9, 0.1379, -0.000430051, 99999.9, 0.4375
0.9425, 0.999999, -0.000238511, 99999.9, 0.1379, -0.00043003, 99999.9, 0.4425
0.9475, 0.999999, -0.000238511, 99999.9, 0.1379, -0.000430009, 99999.9, 0.4475
0.9525, 0.999999, -0.000238511, 99999.9, 0.1379, -0.000429988, 99999.9, 0.4525
0.9575, 0.999999, -0.000238511, 99999.9, 0.1379, -0.000429963, 99999.9, 0.4575
0.9625, 0.999999, -0.000238511, 99999.9, 0.1379, -0.000429934, 99999.9, 0.4625
0.9675, 0.999999, -0.000238511, 99999.9, 0.1379, -0.000429901, 99999.9, 0.4675
0.9725, 0.999999, -0.000238511, 99999.9, 0.1379, -0.000429869, 99999.9, 0.4725
0.9775, 0.999999, -0.000238511, 99999.9, 0.1379, -0.000429842, 99999.9, 0.4775
0.9825, 0.999999, -0.000238511, 99999.9, 0.1379, -0.000429823, 99999.9, 0.4825
0.9875, 0.999999, -0.000238511, 99999.9, 0.1379, -0.000429811, 99999.9, 0.4875
0.9925, 0.999999, -0.000238511, 99999.9, 0.1379, -0.000429806, 99999.9, 0.4925
0.9975, 0.999999, -0.000238511, 99999.9, 0.1379, -0.000429807, 99999.9, 0.4975
