0.0025, 1.33293, 111.799, 149993, 0.158826, 159.193, 126606, -0.524338
0.0075, 1.33293, 111.799, 149993, 0.158826, 159.193, 126606, -0.519679
0.0125, 1.33293, 111.8, 149993, 0.158826, 159.193, 126606, -0.514679
0.0175, 1.33293, 111.8, 149993, 0.158826, 159.193, 126606, -0.509679
0.0225, 1.33293, 111.8, 149993, 0.158826, 159.193, 126606, -0.504679
0.0275, 1.33293, 111.8, 149993, 0.158826, 159.193, 126606, -0.499679
0.0325, 1.33293, 111.799, 149993, 0.158826, 159.193, 126606, -0.494679
0.0375, 1.33294, 111.797, 149994, 0.158826, 159.193, 126606, -0.489679
0.0425, 1.33294, 111.796, 149995, 0.158826, 159.193, 126606, -0.484679
0.0475, 1.33295, 111.795, 149996, 0.158826, 159.193, 126606, -0.479679
0.0525, 1.33295, 111.794, 149996, 0.158826, 159.193, 126606, -0.474679
0.0575, 1.33295, 111.793, 149996, 0.158826, 159.193, 126606, -0.469679
0.0625, 1.33295, 111.793, 149996, 0.158826, 159.193, 126606, -0.464679
0.0675, 1.33295, 111.793, 149996, 0.158826, 159.193, 126606, -0.459679
0.0725, 1.33295, 111.794, 149996, 0.158826, 159.193, 126606, -0.454679
0.0775, 1.33295, 111.795, 149996, 0.158826, 159.193, 126606, -0.449679
0.0825, 1.33295, 111.796, 149995, 0.158826, 159.193, 126606, -0.444679
0.0875, 1.33294, 111.798, 149994, 0.158826, 159.193, 126606, -0.439679
0.0925, 1.33295, 111.799, 149993, 0.158826, 159.193, 126606, -0.434679
0.0975, 1.33295, 111.8, 149993, 0.158826, 159.193, 126606, -0.429679
0.1025, 1.33295, 111.8, 149993, 0.158826, 159.193, 126606, -0.424679
0.1075, 1.33295, 111.801, 149993, 0.158826, 159.193, 126606, -0.419679
0.1125, 1.33296, 111.801, 149993, 0.158826, 159.193, 126606, -0.414679
0.1175, 1.33296, 111.8, 149993, 0.158826, 159.193, 126606, -0.409679
0.1225, 1.33296, 111.8, 149993, 0.158826, 159.193, 126606, -0.404679
0.1275, 1.33296, 111.799, 149993, 0.158826, 159.193, 126606, -0.399679
0.1325, 1.33296, 111.798, 149994, 0.158826, 159.193, 126606, -0.394679
0.1375, 1.33294, 111.797, 149995, 0.158826, 159.193, 126606, -0.389679
0.1425, 1.3329, 111.795, 149996, 0.158826, 159.193, 126606, -0.384679
0.1475, 1.33277, 111.793, 149996, 0.158826, 159.193, 126606, -0.379679
0.1525, 1.33249, 111.792, 149997, 0.158826, 159.193, 126606, -0.374679
0.1575, 1.33212, 111.791, 149997, 0.158826, 159.193, 126606, -0.369679
0.1625, 1.33174, 111.79, 149998, 0.158826, 159.193, 126606, -0.364679
0.1675, 1.33142, 111.791, 149998, 0.158826, 159.193, 126606, -0.359679
0.1725, 1.33117, 111.791, 149997, 0.158826, 159.193, 126606, -0.354679
0.1775, 1.33099, 111.792, 149997, 0.158826, 159.193, 126606, -0.349679
0.1825, 1.33088, 111.793, 149996, 0.158826, 159.193, 126606, -0.344679
0.1875, 1.33082, 111.795, 149996, 0.158826, 159.193, 126606, -0.339679
0.1925, 1.3308, 111.796, 149995, 0.158826, 159.193, 126606, -0.334679
0.1975, 1.33081, 111.797, 149994, 0.158826, 159.193, 126606, -0.329679
0.2025, 1.33085, 111.798, 149994, 0.158826, 159.193, 126606, -0.324679
0.2075, 1.33103, 111.798, 149994, 0.158826, 159.193, 126606, -0.319679
0.2125, 1.33139, 111.798, 149994, 0.158826, 159.193, 126606, -0.314679
0.2175, 1.33181, 111.798, 149994, 0.158826, 159.193, 126606, -0.309679
0.2225, 1.33217, 111.798, 149994, 0.158826, 159.193, 126606, -0.304679
0.2275, 1.33245, 111.798, 149994, 0.158826, 159.193, 126606, -0.299679
0.2325, 1.33266, 111.798, 149994, 0.158826, 159.193, 126606, -0.294679
0.2375, 1.3328, 111.798, 149994, 0.158826, 159.193, 126606, -0.289679
0.2425, 1.3329, 111.797, 149994, 0.158826, 159.193, 126606, -0.284679
0.2475, 1.33295, 111.796, 149995, 0.158826, 159.193, 126606, -0.279679
0.2525, 1.33298, 111.795, 149995, 0.158826, 159.193, 126606, -0.274679
0.2575, 1.333, 111.794, 149995, 0.158826, 159.193, 126606, -0.269679
0.2625, 1.33301, 111.794, 149996, 0.158826, 159.193, 126606, -0.264679
0.2675, 1.33301, 111.793, 149996, 0.158826, 159.193, 126606, -0.259679
0.2725, 1.33301, 111.792, 149997, 0.158826, 159.193, 126606, -0.254679
0.2775, 1.33301, 111.792, 149997, 0.158826, 159.193, 126606, -0.249679
0.2825, 1.33301, 111.792, 149997, 0.158826, 159.193, 126606, -0.244679
0.2875, 1.33303, 111.793, 149996, 0.158826, 159.193, 126606, -0.239679
0.2925, 1.33309, 111.794, 149996, 0.158826, 159.193, 126606, -0.234679
0.2975, 1.33318, 111.795, 149996, 0.158826, 159.193, 126606, -0.229679
0.3025, 1.33325, 111.796, 149995, 0.158826, 159.193, 126606, -0.224679
0.3075, 1.33331, 111.796, 149995, 0.158826, 159.193, 126606, -0.219679
0.3125, 1.33334, 111.797, 149995, 0.158826, 159.193, 126606, -0.214679
0.3175, 1.33336, 111.797, 149995, 0.158826, 159.193, 126606, -0.209679
0.3225, 1.33336, 111.797, 149995, 0.158826, 159.193, 126606, -0.204679
0.3275, 1.33336, 111.797, 149995, 0.158826, 159.193, 126606, -0.199679
0.3325, 1.33333, 111.797, 149995, 0.158826, 159.193, 126606, -0.194679
0.3375, 1.33327, 111.797, 149995, 0.158826, 159.193, 126606, -0.189679
0.3425, 1.3332, 111.797, 149995, 0.158826, 159.193, 126606, -0.184679
0.3475, 1.33316, 111.796, 149995, 0.158826, 159.193, 126606, -0.179679
0.3525, 1.33313, 111.796, 149995, 0.158826, 159.193, 126606, -0.174679
0.3575, 1.33312, 111.795, 149995, 0.158826, 159.193, 126606, -0.169679
0.3625, 1.33312, 111.794, 149995, 0.158826, 159.193, 126606, -0.164679
0.3675, 1.33314, 111.793, 149997, 0.158826, 159.193, 126606, -0.159679
0.3725, 1.3332, 111.791, 149998, 0.158826, 159.193, 126606, -0.154679
0.3775, 1.3333, 111.789, 149998, 0.158826, 159.193, 126606, -0.149679
0.3825, 1.33338, 111.788, 149999, 0.158826, 159.193, 126606, -0.144679
0.3875, 1.33343, 111.788, 149999, 0.158826, 159.193, 126606, -0.139679
0.3925, 1.33346, 111.788, 149999, 0.158826, 159.193, 126606, -0.134679
0.3975, 1.33346, 111.79, 149998, 0.158826, 159.193, 126606, -0.129679
0.4025, 1.33345, 111.796, 149995, 0.158826, 159.193, 126606, -0.124679
0.4075, 1.3334, 111.81, 149988, 0.158826, 159.193, 126606, -0.119679
0.4125, 1.33325, 111.847, 149968, 0.158826, 159.193, 126606, -0.114679
0.4175, 1.3329, 111.935, 149922, 0.158826, 159.193, 126606, -0.109679
0.4225, 1.3321, 112.149, 149809, 0.158826, 159.193, 126606, -0.10468
0.4275, 1.33023, 112.675, 149531, 0.158826, 159.193, 126606, -0.0996811
0.4325, 1.32578, 113.976, 148846, 0.158826, 159.193, 126606, -0.0946844
0.4375, 1.31573, 116.968, 147280, 0.158826, 159.193, 126606, -0.0896925
0.4425, 1.29936, 121.905, 144726, 0.158826, 159.193, 126606, -0.0847067
0.4475, 1.27867, 128.248, 141503, 0.158826, 159.193, 126606, -0.0797255
0.4525, 1.25715, 134.941, 138170, 0.158826, 159.193, 126606, -0.0747461
0.4575, 1.23774, 141.052, 135183, 0.158826, 159.193, 126606, -0.0697652
0.4625, 1.22156, 146.233, 132695, 0.158826, 159.193, 126606, -0.0647815
0.4675, 1.20877, 150.39, 130724, 0.158826, 159.193, 126606, -0.0597947
0.4725, 1.19918, 153.533, 129247, 0.158826, 159.193, 126606, -0.0548048
0.4775, 1.19235, 155.773, 128202, 0.158826, 159.193, 126606, -0.049812
0.4825, 1.18767, 157.283, 127510, 0.158826, 159.193, 126606, -0.0448169
0.4875, 1.18458, 158.247, 127081, 0.158826, 159.193, 126606, -0.03982
0.4925, 1.18257, 158.818, 126834, 0.158826, 159.193, 126606, -0.0348219
0.4975, 1.18127, 159.115, 126696, 0.158826, 159.193, 126606, -0.0298228
0.5025, 1.18043, 159.241, 126614, 0.158826, 159.193, 126606, -0.0248232
0.5075, 1.17996, 159.269, 126574, 0.158826, 159.193, 126606, -0.0198233
0.5125, 1.17976, 159.247, 126558, 0.158826, 159.193, 126606, -0.0148233
0.5175, 1.17974, 159.226, 126564, 0.158826, 159.193, 126606, -0.00982327
0.5225, 1.17986, 159.209, 126588, 0.158826, 159.193, 126606, -0.00482325
0.5275, 1.17996, 159.199, 126605, 0.158827, 159.196, 126606, 0.000176768
0.5325, 1.17997, 159.193, 126606, 0.158831, 159.229, 126612, 0.00517665
0.5375, 1.17997, 159.193, 126606, 0.158836, 159.268, 126620, 0.0101765
0.5425, 1.17997, 159.193, 126606, 0.15884, 159.307, 126627, 0.0151764
0.5475, 1.17997, 159.193, 126606, 0.158844, 159.343, 126633, 0.0201763
0.5525, 1.17997, 159.193, 126606, 0.158847, 159.375, 126639, 0.0251762
0.5575, 1.17997, 159.193, 126606, 0.158851, 159.409, 126645, 0.0301761
0.5625, 1.17997, 159.193, 126606, 0.158856, 159.456, 126654, 0.0351759
0.5675, 1.17997, 159.193, 126606, 0.158864, 159.514, 126665, 0.0401757
0.5725, 1.17997, 159.193, 126606, 0.158871, 159.566, 126674, 0.0451756
0.5775, 1.17997, 159.193, 126606, 0.158877, 159.606, 126682, 0.0501755
0.5825, 1.17997, 159.193, 126606, 0.158881, 159.635, 126687, 0.0551755
0.5875, 1.17997, 159.193, 126606, 0.158883, 159.651, 126690, 0.0601754
0.5925, 1.17997, 159.193, 126606, 0.158884, 159.658, 126691, 0.0651754
0.5975, 1.17997, 159.193, 126606, 0.158884, 159.658, 126691, 0.0701755
0.6025, 1.17997, 159.193, 126606, 0.158882, 159.648, 126689, 0.0751756
0.6075, 1.17997, 159.193, 126606, 0.158875, 159.597, 126680, 0.0801758
0.6125, 1.17997, 159.193, 126606, 0.158862, 159.507, 126663, 0.0851761
0.6175, 1.17997, 159.193, 126606, 0.158848, 159.407, 126645, 0.0901765
0.6225, 1.17997, 159.193, 126606, 0.158832, 159.297, 126625, 0.0951769
0.6275, 1.17997, 159.193, 126606, 0.158813, 159.159, 126599, 0.100177
0.6325, 1.17997, 159.193, 126606, 0.158784, 158.948, 126561, 0.105178
0.6375, 1.17997, 159.193, 126606, 0.158737, 158.605, 126498, 0.11018
0.6425, 1.17997, 159.193, 126606, 0.158668, 158.101, 126406, 0.115182
0.6475, 1.17997, 159.193, 126606, 0.158579, 157.465, 126289, 0.120184
0.6525, 1.17997, 159.193, 126606, 0.158484, 156.776, 126163, 0.125186
0.6575, 1.17997, 159.193, 126606, 0.15839, 156.098, 126039, 0.130188
0.6625, 1.17997, 159.193, 126606, 0.158293, 155.391, 125911, 0.135191
0.6675, 1.17997, 159.193, 126606, 0.158163, 154.448, 125739, 0.140195
0.6725, 1.17997, 159.193, 126606, 0.157953, 152.92, 125460, 0.145201
0.6775, 1.17997, 159.193, 126606, 0.157629, 150.56, 125032, 0.15021
0.6825, 1.17997, 159.193, 126606, 0.157216, 147.545, 124485, 0.15522
0.6875, 1.17997, 159.193, 126606, 0.15678, 144.366, 123912, 0.16023
0.6925, 1.17997, 159.193, 126606, 0.156303, 140.868, 123283, 0.165246
0.6975, 1.17997, 159.193, 126606, 0.155496, 134.942, 122224, 0.170279
0.7025, 1.17997, 159.193, 126606, 0.153599, 121.005, 119761, 0.175349
0.7075, 1.17997, 159.193, 126606, 0.150126, 95.0783, 115284, 0.180438
0.7125, 1.17997, 159.193, 126606, 0.146339, 66.2024, 110458, 0.185511
0.7175, 1.17997, 159.193, 126606, 0.143462, 43.8845, 106839, 0.190562
0.7225, 1.17997, 159.193, 126606, 0.141549, 28.9, 104463, 0.195595
0.7275, 1.17997, 159.193, 126606, 0.140331, 19.2997, 102963, 0.200617
0.7325, 1.17997, 159.193, 126606, 0.139551, 13.1282, 102008, 0.205631
0.7375, 1.17997, 159.193, 126606, 0.13904, 9.07599, 101385, 0.21064
0.7425, 1.17997, 159.193, 126606, 0.138698, 6.35364, 100968, 0.215646
0.7475, 1.17997, 159.193, 126606, 0.138463, 4.48922, 100683, 0.220651
0.7525, 1.17997, 159.193, 126606, 0.1383, 3.19328, 100486, 0.225654
0.7575, 1.17997, 159.193, 126606, 0.138186, 2.28247, 100347, 0.230656
0.7625, 1.17997, 159.193, 126606, 0.138105, 1.63712, 100249, 0.235658
0.7675, 1.17997, 159.193, 126606, 0.138048, 1.17713, 100179, 0.240659
0.7725, 1.17997, 159.193, 126606, 0.138006, 0.847829, 100129, 0.24566
0.7775, 1.17997, 159.193, 126606, 0.137977, 0.611352, 100093, 0.25066
0.7825, 1.17997, 159.193, 126606, 0.137955, 0.441146, 100067, 0.255661
0.7875, 1.17997, 159.193, 126606, 0.13794, 0.31844, 100048, 0.260661
0.7925, 1.17997, 159.193, 126606, 0.137929, 0.229881, 100035, 0.265661
0.7975, 1.17997, 159.193, 126606, 0.137921, 0.165919, 100025, 0.270661
0.8025, 1.17997, 159.193, 126606, 0.137915, 0.119702, 100018, 0.275661
0.8075, 1.17997, 159.193, 126606, 0.137911, 0.0863009, 100013, 0.280661
0.8125, 1.17997, 159.193, 126606, 0.137908, 0.0621614, 100009, 0.285661
0.8175, 1.17997, 159.193, 126606, 0.137906, 0.0447185, 100007, 0.290661
0.8225, 1.17997, 159.193, 126606, 0.137904, 0.0321186, 100005, 0.295662
0.8275, 1.17997, 159.193, 126606, 0.137903, 0.0230216, 100003, 0.300662
0.8325, 1.17997, 159.193, 126606, 0.137902, 0.0164578, 100002, 0.305662
0.8375, 1.17997, 159.193, 126606, 0.137901, 0.0117258, 100002, 0.310662
0.8425, 1.17997, 159.193, 126606, 0.137901, 0.00831749, 100001, 0.315662
0.8475, 1.17997, 159.193, 126606, 0.137901, 0.00586508, 100001, 0.320662
0.8525, 1.17997, 159.193, 126606, 0.137901, 0.00410211, 100001, 0.325662
0.8575, 1.17997, 159.193, 126606, 0.1379, 0.0028356, 100000, 0.330662
0.8625, 1.17997, 159.193, 126606, 0.1379, 0.0019259, 100000, 0.335662
0.8675, 1.17997, 159.193, 126606, 0.1379, 0.00127213, 100000, 0.340662
0.8725, 1.17997, 159.193, 126606, 0.1379, 0.000801591, 100000, 0.345662
0.8775, 1.17997, 159.193, 126606, 0.1379, 0.000462099, 100000, 0.350662
0.8825, 1.17997, 159.193, 126606, 0.1379, 0.000216369, 100000, 0.355662
0.8875, 1.17997, 159.193, 126606, 0.1379, 3.78761e-05, 100000, 0.360662
0.8925, 1.17997, 159.193, 126606, 0.1379, -9.21864e-05, 100000, 0.365662
0.8975, 1.17997, 159.193, 126606, 0.1379, -0.000187141, 100000, 0.370662
0.9025, 1.17997, 159.193, 126606, 0.1379, -0.000256458, 100000, 0.375662
0.9075, 1.17997, 159.193, 126606, 0.1379, -0.000306929, 100000, 0.380662
0.9125, 1.17997, 159.193, 126606, 0.1379, -0.000343491, 99999.9, 0.385662
0.9175, 1.17997, 159.193, 126606, 0.1379, -0.000369783, 99999.9, 0.390662
0.9225, 1.17997, 159.193, 126606, 0.1379, -0.000388523, 99999.9, 0.395662
0.9275, 1.17997, 159.193, 126606, 0.1379, -0.000401753, 99999.9, 0.400662
0.9325, 1.17997, 159.193, 126606, 0.1379, -0.000411003, 99999.9, 0.405662
0.9375, 1.17997, 159.193, 126606, 0.1379, -0.00041741, 99999.9, 0.410662
0.9425, 1.17997, 159.193, 126606, 0.1379, -0.000421806, 99999.9, 0.415662
0.9475, 1.17997, 159.193, 126606, 0.1379, -0.000424792, 99999.9, 0.420662
0.9525, 1.17997, 159.193, 126606, 0.1379, -0.000426796, 99999.9, 0.425662
0.9575, 1.17997, 159.193, 126606, 0.1379, -0.00042812, 99999.9, 0.430662
0.9625, 1.17997, 159.193, 126606, 0.1379, -0.000428978, 99999.9, 0.435662
0.9675, 1.17997, 159.193, 126606, 0.1379, -0.00042952, 99999.9, 0.440662
0.9725, 1.17997, 159.193, 126606, 0.1379, -0.000429852, 99999.9, 0.445662
0.9775, 1.17997, 159.193, 126606, 0.1379, -0.000430046, 99999.9, 0.450662
0.9825, 1.17997, 159.193, 126606, 0.1379, -0.000430154, 99999.9, 0.455662
0.9875, 1.17997, 159.193, 126606, 0.1379, -0.000430209, 99999.9, 0.460662
0.9925, 1.17997, 159.193, 126606, 0.1379, -0.000430233, 99999.9, 0.465662
0.9975, 1.17997, 159.193, 126606, 0.1379, -0.000430241, 99999.9, 0.470662
