0.0025, 1.33293, 111.8, 149993, 0.158833, 159.246, 126615, -0.536457
0.0075, 1.33293, 111.799, 149993, 0.158833, 159.246, 126615, -0.531798
0.0125, 1.33294, 111.798, 149994, 0.158833, 159.246, 126615, -0.526798
0.0175, 1.33294, 111.797, 149995, 0.158833, 159.246, 126615, -0.521798
0.0225, 1.33294, 111.795, 149995, 0.158833, 159.246, 126615, -0.516798
0.0275, 1.33295, 111.795, 149996, 0.158833, 159.246, 126615, -0.511798
0.0325, 1.33295, 111.794, 149996, 0.158833, 159.246, 126615, -0.506798
0.0375, 1.33295, 111.794, 149996, 0.158833, 159.246, 126615, -0.501798
0.0425, 1.33295, 111.794, 149996, 0.158833, 159.246, 126615, -0.496798
0.0475, 1.33295, 111.794, 149996, 0.158833, 159.246, 126615, -0.491798
0.0525, 1.33295, 111.794, 149996, 0.158833, 159.246, 126615, -0.486798
0.0575, 1.33294, 111.795, 149995, 0.158833, 159.246, 126615, -0.481798
0.0625, 1.33294, 111.797, 149994, 0.158833, 159.246, 126615, -0.476798
0.0675, 1.33293, 111.798, 149994, 0.158833, 159.246, 126615, -0.471798
0.0725, 1.33293, 111.799, 149993, 0.158833, 159.246, 126615, -0.466798
0.0775, 1.33293, 111.8, 149993, 0.158833, 159.246, 126615, -0.461798
0.0825, 1.33293, 111.8, 149993, 0.158833, 159.246, 126615, -0.456798
0.0875, 1.33293, 111.8, 149993, 0.158833, 159.246, 126615, -0.451798
0.0925, 1.33293, 111.8, 149993, 0.158833, 159.246, 126615, -0.446798
0.0975, 1.33294, 111.8, 149993, 0.158833, 159.246, 126615, -0.441798
0.1025, 1.33294, 111.8, 149993, 0.158833, 159.246, 126615, -0.436798
0.1075, 1.33295, 111.799, 149993, 0.158833, 159.246, 126615, -0.431798
0.1125, 1.33296, 111.798, 149994, 0.158833, 159.246, 126615, -0.426798
0.1175, 1.33297, 111.796, 149995, 0.158833, 159.246, 126615, -0.421798
0.1225, 1.33298, 111.795, 149996, 0.158833, 159.246, 126615, -0.416798
0.1275, 1.33298, 111.793, 149996, 0.158833, 159.246, 126615, -0.411798
0.1325, 1.33298, 111.792, 149997, 0.158833, 159.246, 126615, -0.406798
0.1375, 1.33298, 111.791, 149998, 0.158833, 159.246, 126615, -0.401798
0.1425, 1.33297, 111.791, 149998, 0.158833, 159.246, 126615, -0.396798
0.1475, 1.33294, 111.791, 149998, 0.158833, 159.246, 126615, -0.391798
0.1525, 1.33286, 111.792, 149998, 0.158833, 159.246, 126615, -0.386798
0.1575, 1.33266, 111.793, 149997, 0.158833, 159.246, 126615, -0.381798
0.1625, 1.33233, 111.794, 149996, 0.158833, 159.246, 126615, -0.376798
0.1675, 1.33195, 111.795, 149995, 0.158833, 159.246, 126615, -0.371798
0.1725, 1.3316, 111.796, 149995, 0.158833, 159.246, 126615, -0.366798
0.1775, 1.33132, 111.797, 149994, 0.158833, 159.246, 126615, -0.361798
0.1825, 1.33111, 111.797, 149994, 0.158833, 159.246, 126615, -0.356798
0.1875, 1.33098, 111.798, 149994, 0.158833, 159.246, 126615, -0.351798
0.1925, 1.3309, 111.798, 149994, 0.158833, 159.246, 126615, -0.346798
0.1975, 1.33086, 111.798, 149994, 0.158833, 159.246, 126615, -0.341798
0.2025, 1.33086, 111.798, 149994, 0.158833, 159.246, 126615, -0.336798
0.2075, 1.33087, 111.798, 149994, 0.158833, 159.246, 126615, -0.331798
0.2125, 1.33095, 111.798, 149994, 0.158833, 159.246, 126615, -0.326798
0.2175, 1.33117, 111.797, 149994, 0.158833, 159.246, 126615, -0.321798
0.2225, 1.33154, 111.797, 149994, 0.158833, 159.246, 126615, -0.316798
0.2275, 1.33193, 111.796, 149995, 0.158833, 159.246, 126615, -0.311798
0.2325, 1.33225, 111.795, 149995, 0.158833, 159.246, 126615, -0.306798
0.2375, 1.3325, 111.794, 149996, 0.158833, 159.246, 126615, -0.301798
0.2425, 1.33268, 111.794, 149996, 0.158833, 159.246, 126615, -0.296798
0.2475, 1.33281, 111.793, 149997, 0.158833, 159.246, 126615, -0.291798
0.2525, 1.3329, 111.793, 149997, 0.158833, 159.246, 126615, -0.286798
0.2575, 1.33295, 111.793, 149997, 0.158833, 159.246, 126615, -0.281798
0.2625, 1.33298, 111.793, 149997, 0.158833, 159.246, 126615, -0.276798
0.2675, 1.33299, 111.794, 149996, 0.158833, 159.246, 126615, -0.271798
0.2725, 1.333, 111.794, 149996, 0.158833, 159.246, 126615, -0.266798
0.2775, 1.333, 111.795, 149996, 0.158833, 159.246, 126615, -0.261798
0.2825, 1.333, 111.796, 149995, 0.158833, 159.246, 126615, -0.256798
0.2875, 1.33301, 111.796, 149995, 0.158833, 159.246, 126615, -0.251798
0.2925, 1.33301, 111.796, 149994, 0.158833, 159.246, 126615, -0.246798
0.2975, 1.33305, 111.796, 149994, 0.158833, 159.246, 126615, -0.241798
0.3025, 1.33312, 111.796, 149994, 0.158833, 159.246, 126615, -0.236798
0.3075, 1.3332, 111.796, 149994, 0.158833, 159.246, 126615, -0.231798
0.3125, 1.33326, 111.796, 149995, 0.158833, 159.246, 126615, -0.226798
0.3175, 1.3333, 111.797, 149995, 0.158833, 159.246, 126615, -0.221798
0.3225, 1.33333, 111.797, 149995, 0.158833, 159.246, 126615, -0.216798
0.3275, 1.33334, 111.796, 149995, 0.158833, 159.246, 126615, -0.211798
0.3325, 1.33334, 111.796, 149995, 0.158833, 159.246, 126615, -0.206798
0.3375, 1.33334, 111.795, 149996, 0.158833, 159.246, 126615, -0.201798
0.3425, 1.33331, 111.794, 149996, 0.158833, 159.246, 126615, -0.196798
0.3475, 1.33326, 111.792, 149997, 0.158833, 159.246, 126615, -0.191798
0.3525, 1.33322, 111.791, 149998, 0.158833, 159.246, 126615, -0.186798
0.3575, 1.33319, 111.789, 149999, 0.158833, 159.246, 126615, -0.181798
0.3625, 1.33318, 111.789, 149999, 0.158833, 159.246, 126615, -0.176798
0.3675, 1.33317, 111.788, 149999, 0.158833, 159.246, 126615, -0.171798
0.3725, 1.33318, 111.788, 149999, 0.158833, 159.246, 126615, -0.166798
0.3775, 1.33319, 111.791, 149997, 0.158833, 159.246, 126615, -0.161798
0.3825, 1.33319, 111.802, 149991, 0.158833, 159.246, 126615, -0.156798
0.3875, 1.33315, 111.827, 149978, 0.158833, 159.246, 126615, -0.151798
0.3925, 1.33302, 111.883, 149949, 0.158833, 159.246, 126615, -0.146798
0.3975, 1.33263, 112.015, 149879, 0.158833, 159.246, 126615, -0.141798
0.4025, 1.3316, 112.335, 149710, 0.158833, 159.246, 126615, -0.136799
0.4075, 1.3291, 113.091, 149311, 0.158833, 159.246, 126615, -0.131801
0.4125, 1.32284, 114.972, 148322, 0.158833, 159.246, 126615, -0.126806
0.4175, 1.31148, 118.384, 146543, 0.158833, 159.246, 126615, -0.121816
0.4225, 1.29553, 123.203, 144060, 0.158833, 159.246, 126615, -0.11683
0.4275, 1.2767, 128.963, 141142, 0.158833, 159.246, 126615, -0.111847
0.4325, 1.25772, 134.825, 138227, 0.158833, 159.246, 126615, -0.106865
0.4375, 1.24041, 140.201, 135595, 0.158833, 159.246, 126615, -0.101882
0.4425, 1.22543, 144.906, 133327, 0.158833, 159.246, 126615, -0.0968965
0.4475, 1.21299, 148.852, 131451, 0.158833, 159.246, 126615, -0.0919089
0.4525, 1.20311, 152.017, 129963, 0.158833, 159.246, 126615, -0.0869189
0.4575, 1.19565, 154.438, 128835, 0.158833, 159.246, 126615, -0.0819266
0.4625, 1.19032, 156.203, 128017, 0.158833, 159.246, 126615, -0.0769323
0.4675, 1.18676, 157.425, 127453, 0.158833, 159.246, 126615, -0.0719362
0.4725, 1.18453, 158.228, 127084, 0.158833, 159.246, 126615, -0.0669388
0.4775, 1.18323, 158.726, 126857, 0.158833, 159.246, 126615, -0.0619404
0.4825, 1.18248, 159.014, 126726, 0.158833, 159.246, 126615, -0.0569414
0.4875, 1.18198, 159.165, 126654, 0.158833, 159.246, 126615, -0.0519419
0.4925, 1.18158, 159.237, 126618, 0.158833, 159.246, 126615, -0.0469421
0.4975, 1.18126, 159.263, 126606, 0.158833, 159.246, 126615, -0.0419422
0.5025, 1.18101, 159.26, 126606, 0.158833, 159.246, 126615, -0.0369422
0.5075, 1.1808, 159.243, 126611, 0.158833, 159.246, 126615, -0.0319421
0.5125, 1.18061, 159.231, 126617, 0.158833, 159.246, 126615, -0.0269421
0.5175, 1.18045, 159.23, 126622, 0.158833, 159.246, 126615, -0.0219421
0.5225, 1.18031, 159.236, 126625, 0.158833, 159.246, 126615, -0.0169421
0.5275, 1.1802, 159.243, 126625, 0.158833, 159.246, 126615, -0.0119421
0.5325, 1.18013, 159.247, 126622, 0.158833, 159.246, 126615, -0.00694214
0.5375, 1.18009, 159.246, 126617, 0.158833, 159.246, 126615, -0.00194213
0.5425, 1.18007, 159.246, 126616, 0.158833, 159.246, 126615, 0.00305787
0.5475, 1.18007, 159.246, 126615, 0.158832, 159.242, 126615, 0.00805788
0.5525, 1.18007, 159.246, 126615, 0.158831, 159.239, 126614, 0.0130579
0.5575, 1.18007, 159.246, 126615, 0.158829, 159.232, 126613, 0.0180579
0.5625, 1.18007, 159.246, 126615, 0.158826, 159.221, 126611, 0.023058
0.5675, 1.18007, 159.246, 126615, 0.158824, 159.211, 126609, 0.028058
0.5725, 1.18007, 159.246, 126615, 0.158822, 159.201, 126607, 0.033058
0.5775, 1.18007, 159.246, 126615, 0.15882, 159.193, 126606, 0.038058
0.5825, 1.18007, 159.246, 126615, 0.158819, 159.186, 126604, 0.0430581
0.5875, 1.18007, 159.246, 126615, 0.158818, 159.179, 126603, 0.0480581
0.5925, 1.18007, 159.246, 126615, 0.158817, 159.173, 126602, 0.0530581
0.5975, 1.18007, 159.246, 126615, 0.158816, 159.168, 126601, 0.0580581
0.6025, 1.18007, 159.246, 126615, 0.158816, 159.165, 126601, 0.0630581
0.6075, 1.18007, 159.246, 126615, 0.158816, 159.164, 126600, 0.0680581
0.6125, 1.18007, 159.246, 126615, 0.158815, 159.165, 126600, 0.0730581
0.6175, 1.18007, 159.246, 126615, 0.158816, 159.168, 126601, 0.0780581
0.6225, 1.18007, 159.246, 126615, 0.158817, 159.179, 126603, 0.083058
0.6275, 1.18007, 159.246, 126615, 0.158819, 159.2, 126607, 0.0880579
0.6325, 1.18007, 159.246, 126615, 0.158824, 159.231, 126613, 0.0930578
0.6375, 1.18007, 159.246, 126615, 0.158829, 159.269, 126619, 0.0980577
0.6425, 1.18007, 159.246, 126615, 0.158833, 159.305, 126626, 0.103058
0.6475, 1.18007, 159.246, 126615, 0.158838, 159.34, 126632, 0.108057
0.6525, 1.18007, 159.246, 126615, 0.158843, 159.375, 126639, 0.113057
0.6575, 1.18007, 159.246, 126615, 0.158848, 159.416, 126646, 0.118057
0.6625, 1.18007, 159.246, 126615, 0.158854, 159.466, 126656, 0.123057
0.6675, 1.18007, 159.246, 126615, 0.158861, 159.52, 126666, 0.128057
0.6725, 1.18007, 159.246, 126615, 0.158867, 159.568, 126674, 0.133057
0.6775, 1.18007, 159.246, 126615, 0.158872, 159.606, 126681, 0.138057
0.6825, 1.18007, 159.246, 126615, 0.158875, 159.632, 126686, 0.143057
0.6875, 1.18007, 159.246, 126615, 0.158877, 159.646, 126689, 0.148057
0.6925, 1.18007, 159.246, 126615, 0.158877, 159.652, 126690, 0.153057
0.6975, 1.18007, 159.246, 126615, 0.158877, 159.652, 126690, 0.158057
0.7025, 1.18007, 159.246, 126615, 0.158875, 159.644, 126688, 0.163057
0.7075, 1.18007, 159.246, 126615, 0.15887, 159.604, 126681, 0.168057
0.7125, 1.18007, 159.246, 126615, 0.158858, 159.52, 126666, 0.173057
0.7175, 1.18007, 159.246, 126615, 0.158845, 159.425, 126648, 0.178058
0.7225, 1.18007, 159.246, 126615, 0.15883, 159.319, 126628, 0.183058
0.7275, 1.18007, 159.246, 126615, 0.158809, 159.171, 126601, 0.188059
0.7325, 1.18007, 159.246, 126615, 0.158775, 158.932, 126557, 0.19306
0.7375, 1.18007, 159.246, 126615, 0.158724, 158.561, 126490, 0.198061
0.7425, 1.18007, 159.246, 126615, 0.158654, 158.052, 126397, 0.203063
0.7475, 1.18007, 159.246, 126615, 0.158571, 157.453, 126287, 0.208065
0.7525, 1.18007, 159.246, 126615, 0.158485, 156.829, 126172, 0.213067
0.7575, 1.18007, 159.246, 126615, 0.158395, 156.183, 126055, 0.218069
0.7625, 1.18007, 159.246, 126615, 0.158284, 155.381, 125908, 0.223072
0.7675, 1.18007, 159.246, 126615, 0.158119, 154.186, 125691, 0.228077
0.7725, 1.18007, 159.246, 126615, 0.157881, 152.464, 125377, 0.233084
0.7775, 1.18007, 159.246, 126615, 0.157592, 150.356, 124994, 0.238091
0.7825, 1.18007, 159.246, 126615, 0.157261, 147.946, 124557, 0.2431
0.7875, 1.18007, 159.246, 126615, 0.15676, 144.259, 123892, 0.24812
0.7925, 1.18007, 159.246, 126615, 0.155646, 136.174, 122444, 0.253176
0.7975, 1.18007, 159.246, 126615, 0.152326, 111.74, 118145, 0.258289
0.8025, 1.18007, 159.246, 126615, 0.147244, 73.242, 111619, 0.26339
0.8075, 1.18007, 159.246, 126615, 0.143399, 43.4306, 106767, 0.268452
0.8125, 1.18007, 159.246, 126615, 0.141134, 25.645, 103953, 0.273488
0.8175, 1.18007, 159.246, 126615, 0.139884, 15.7699, 102416, 0.278508
0.8225, 1.18007, 159.246, 126615, 0.139177, 10.1624, 101552, 0.283519
0.8275, 1.18007, 159.246, 126615, 0.138753, 6.79655, 101036, 0.288527
0.8325, 1.18007, 159.246, 126615, 0.138485, 4.66383, 100710, 0.293532
0.8375, 1.18007, 159.246, 126615, 0.138308, 3.25529, 100495, 0.298535
0.8425, 1.18007, 159.246, 126615, 0.138188, 2.29784, 100349, 0.303537
0.8475, 1.18007, 159.246, 126615, 0.138105, 1.63423, 100248, 0.308539
0.8525, 1.18007, 159.246, 126615, 0.138046, 1.16821, 100177, 0.31354
0.8575, 1.18007, 159.246, 126615, 0.138005, 0.837977, 100127, 0.318541
0.8625, 1.18007, 159.246, 126615, 0.137976, 0.602505, 100091, 0.323541
0.8675, 1.18007, 159.246, 126615, 0.137954, 0.433868, 100066, 0.328542
0.8725, 1.18007, 159.246, 126615, 0.137939, 0.312727, 100047, 0.333542
0.8775, 1.18007, 159.246, 126615, 0.137928, 0.225519, 100034, 0.338542
0.8825, 1.18007, 159.246, 126615, 0.13792, 0.162648, 100025, 0.343542
0.8875, 1.18007, 159.246, 126615, 0.137915, 0.117279, 100018, 0.348542
0.8925, 1.18007, 159.246, 126615, 0.137911, 0.0845222, 100013, 0.353543
0.8975, 1.18007, 159.246, 126615, 0.137908, 0.0608642, 100009, 0.358543
0.9025, 1.18007, 159.246, 126615, 0.137905, 0.0437775, 100007, 0.363543
0.9075, 1.18007, 159.246, 126615, 0.137904, 0.0314393, 100005, 0.368543
0.9125, 1.18007, 159.246, 126615, 0.137903, 0.0225334, 100003, 0.373543
0.9175, 1.18007, 159.246, 126615, 0.137902, 0.0161087, 100002, 0.378543
0.9225, 1.18007, 159.246, 126615, 0.137901, 0.0114774, 100002, 0.383543
0.9275, 1.18007, 159.246, 126615, 0.137901, 0.00814153, 100001, 0.388543
0.9325, 1.18007, 159.246, 126615, 0.137901, 0.00574085, 100001, 0.393543
0.9375, 1.18007, 159.246, 126615, 0.137901, 0.00401445, 100001, 0.398543
0.9425, 1.18007, 159.246, 126615, 0.1379, 0.0027735, 100000, 0.403543
0.9475, 1.18007, 159.246, 126615, 0.1379, 0.00188147, 100000, 0.408543
0.9525, 1.18007, 159.246, 126615, 0.1379, 0.00123982, 100000, 0.413543
0.9575, 1.18007, 159.246, 126615, 0.1379, 0.000777614, 100000, 0.418543
0.9625, 1.18007, 159.246, 126615, 0.1379, 0.000443942, 100000, 0.423543
0.9675, 1.18007, 159.246, 126615, 0.1379, 0.000202417, 100000, 0.428543
0.9725, 1.18007, 159.246, 126615, 0.1379, 2.71056e-05, 100000, 0.433543
0.9775, 1.18007, 159.246, 126615, 0.1379, -0.000100437, 100000, 0.438543
0.9825, 1.18007, 159.246, 126615, 0.1379, -0.000193323, 100000, 0.443543
0.9875, 1.18007, 159.246, 126615, 0.1379, -0.000260848, 100000, 0.448543
0.9925, 1.18007, 159.246, 126615, 0.1379, -0.000310511, 100000, 0.453543
0.9975, 1.18007, 159.246, 126615, 0.1379, -0.000348357, 99999.9, 0.458543
