0.0025, 1.33196, 112.093, 149838, 0.1379, -0.000238514, 99999.9, -0.4975
0.0075, 1.332, 112.081, 149844, 0.1379, -0.000238514, 99999.9, -0.492907
0.0125, 1.33215, 112.037, 149868, 0.1379, -0.000238514, 99999.9, -0.487907
0.0175, 1.33239, 111.968, 149904, 0.1379, -0.000238514, 99999.9, -0.482907
0.0225, 1.3326, 111.911, 149934, 0.1379, -0.000238514, 99999.9, -0.477907
0.0275, 1.33273, 111.878, 149951, 0.1379, -0.000238514, 99999.9, -0.472907
0.0325, 1.33278, 111.863, 149960, 0.1379, -0.000238514, 99999.9, -0.467907
0.0375, 1.33279, 111.857, 149963, 0.1379, -0.000238514, 99999.9, -0.462907
0.0425, 1.33278, 111.856, 149963, 0.1379, -0.000238514, 99999.9, -0.457907
0.0475, 1.33276, 111.856, 149963, 0.1379, -0.000238514, 99999.9, -0.452907
0.0525, 1.3327, 111.855, 149963, 0.1379, -0.000238514, 99999.9, -0.447907
0.0575, 1.33258, 111.848, 149967, 0.1379, -0.000238514, 99999.9, -0.442907
0.0625, 1.33223, 111.837, 149973, 0.1379, -0.000238514, 99999.9, -0.437907
0.0675, 1.33144, 111.827, 149978, 0.1379, -0.000238514, 99999.9, -0.432906
0.0725, 1.3304, 111.823, 149981, 0.1379, -0.000238514, 99999.9, -0.427906
0.0775, 1.32952, 111.822, 149982, 0.1379, -0.000238514, 99999.9, -0.422906
0.0825, 1.32898, 111.822, 149983, 0.1379, -0.000238514, 99999.9, -0.417906
0.0875, 1.32878, 111.822, 149983, 0.1379, -0.000238514, 99999.9, -0.412906
0.0925, 1.32878, 111.822, 149983, 0.1379, -0.000238514, 99999.9, -0.407906
0.0975, 1.32916, 111.825, 149984, 0.1379, -0.000238514, 99999.9, -0.402906
0.1025, 1.33015, 111.83, 149986, 0.1379, -0.000238514, 99999.9, -0.397906
0.1075, 1.33133, 111.831, 149988, 0.1379, -0.000238514, 99999.9, -0.392906
0.1125, 1.33222, 111.817, 149986, 0.1379, -0.000238514, 99999.9, -0.387906
0.1175, 1.33278, 111.795, 149966, 0.1379, -0.000238514, 99999.9, -0.382906
0.1225, 1.33308, 111.706, 149917, 0.1379, -0.000238514, 99999.9, -0.377906
0.1275, 1.33262, 111.369, 149757, 0.1379, -0.000238514, 99999.9, -0.372904
0.1325, 1.32897, 110.253, 149173, 0.1379, -0.000238514, 99999.9, -0.367898
0.1375, 1.31097, 105.133, 146495, 0.1379, -0.000238514, 99999.9, -0.362868
0.1425, 1.25324, 87.9248, 137737, 0.1379, -0.000238514, 99999.9, -0.357787
0.1475, 1.16139, 58.146, 123756, 0.1379, -0.000238514, 99999.9, -0.352676
0.1525, 1.08607, 31.8056, 112469, 0.1379, -0.000238514, 99999.9, -0.347592
0.1575, 1.04108, 15.3332, 105865, 0.1379, -0.000238514, 99999.9, -0.342543
0.1625, 1.01806, 6.76086, 102554, 0.1379, -0.000238514, 99999.9, -0.337518
0.1675, 1.00748, 2.80111, 101052, 0.1379, -0.000238514, 99999.9, -0.332507
0.1725, 1.00295, 1.1052, 100414, 0.1379, -0.000238514, 99999.9, -0.327503
0.1775, 1.00112, 0.417353, 100156, 0.1379, -0.000238514, 99999.9, -0.322501
0.1825, 1.0004, 0.15095, 100056, 0.1379, -0.000238514, 99999.9, -0.3175
0.1875, 1.00014, 0.0522383, 100020, 0.1379, -0.000238514, 99999.9, -0.3125
0.1925, 1.00005, 0.0172695, 100006, 0.1379, -0.000238514, 99999.9, -0.3075
0.1975, 1.00001, 0.00544453, 100002, 0.1379, -0.000238514, 99999.9, -0.3025
0.2025, 1, 0.00163423, 100001, 0.1379, -0.000238514, 99999.9, -0.2975
0.2075, 1, 0.000466284, 100000, 0.1379, -0.000238514, 99999.9, -0.2925
0.2125, 1, 0.000126276, 100000, 0.1379, -0.000238514, 99999.9, -0.2875
0.2175, 1, 3.24104e-05, 100000, 0.1379, -0.000238514, 99999.9, -0.2825
0.2225, 1, 7.87229e-06, 100000, 0.1379, -0.000238514, 99999.9, -0.2775
0.2275, 1, 1.80684e-06, 100000, 0.1379, -0.000238514, 99999.9, -0.2725
0.2325, 1, 3.91254e-07, 100000, 0.1379, -0.000238514, 99999.9, -0.2675
0.2375, 1, 7.97995e-08, 100000, 0.1379, -0.000238514, 99999.9, -0.2625
0.2425, 1, 1.53028e-08, 100000, 0.1379, -0.000238514, 99999.9, -0.2575
0.2475, 1, 2.75383e-09, 100000, 0.1379, -0.000238514, 99999.9, -0.2525
0.2525, 1, 4.64068e-10, 100000, 0.1379, -0.000238514, 99999.9, -0.2475
0.2575, 1, 7.30674e-11, 100000, 0.1379, -0.000238514, 99999.9, -0.2425
0.2625, 1, 1.07163e-11, 100000, 0.1379, -0.000238514, 99999.9, -0.2375
0.2675, 1, 1.44929e-12, 100000, 0.1379, -0.000238514, 99999.9, -0.2325
0.2725, 1, 1.90417e-13, 100000, 0.1379, -0.000238514, 99999.9, -0.2275
0.2775, 1, 0, 100000, 0.1379, -0.000238514, 99999.9, -0.2225
0.2825, 1, 0, 100000, 0.1379, -0.000238514, 99999.9, -0.2175
0.2875, 1, 0, 100000, 0.1379, -0.000238514, 99999.9, -0.2125
0.2925, 1, 0, 100000, 0.1379, -0.000238514, 99999.9, -0.2075
0.2975, 1, 0, 100000, 0.1379, -0.000238514, 99999.9, -0.2025
0.3025, 1, 0, 100000, 0.1379, -0.000238514, 99999.9, -0.1975
0.3075, 1, 0, 100000, 0.1379, -0.000238514, 99999.9, -0.1925
0.3125, 1, 0, 100000, 0.1379, -0.000238514, 99999.9, -0.1875
0.3175, 1, 0, 100000, 0.1379, -0.000238514, 99999.9, -0.1825
0.3225, 1, 0, 100000, 0.1379, -0.000238514, 99999.9, -0.1775
0.3275, 1, 0, 100000, 0.1379, -0.000238514, 99999.9, -0.1725
0.3325, 1, 8.46299e-14, 100000, 0.1379, -0.000238514, 99999.9, -0.1675
0.3375, 1, 4.2315e-13, 100000, 0.1379, -0.000238514, 99999.9, -0.1625
0.3425, 1, 1.58681e-12, 100000, 0.1379, -0.000238514, 99999.9, -0.1575
0.3475, 1, 5.78657e-12, 100000, 0.1379, -0.000238514, 99999.9, -0.1525
0.3525, 1, 2.01313e-11, 100000, 0.1379, -0.000238514, 99999.9, -0.1475
0.3575, 1, 6.72914e-11, 100000, 0.1379, -0.000238514, 99999.9, -0.1425
0.3625, 1, 2.16684e-10, 100000, 0.1379, -0.000238514, 99999.9, -0.1375
0.3675, 1, 6.74215e-10, 100000, 0.1379, -0.000238514, 99999.9, -0.1325
0.3725, 1, 2.02982e-09, 100000, 0.1379, -0.000238514, 99999.9, -0.1275
0.3775, 1, 5.92379e-09, 100000, 0.1379, -0.000238514, 99999.9, -0.1225
0.3825, 1, 1.67909e-08, 100000, 0.1379, -0.000238514, 99999.9, -0.1175
0.3875, 1, 4.63321e-08, 100000, 0.1379, -0.000238514, 99999.9, -0.1125
0.3925, 1, 1.24822e-07, 100000, 0.1379, -0.000238514, 99999.9, -0.1075
0.3975, 1, 3.27616e-07, 100000, 0.1379, -0.000238514, 99999.9, -0.1025
0.4025, 1, 8.64322e-07, 100000, 0.1379, -0.000238514, 99999.9, -0.0975
0.4075, 1, 1.95471e-06, 100000, 0.1379, -0.000238514, 99999.9, -0.0925
0.4125, 1, 3.40363e-06, 100000, 0.1379, -0.000238514, 99999.9, -0.0875
0.4175, 1, 4.73332e-06, 100000, 0.1379, -0.000238514, 99999.9, -0.0825
0.4225, 1, 5.72289e-06, 100000, 0.1379, -0.000238514, 99999.9, -0.0775
0.4275, 1, 6.38059e-06, 100000, 0.1379, -0.000238514, 99999.9, -0.0725
0.4325, 1, 6.77127e-06, 100000, 0.1379, -0.000238514, 99999.9, -0.0675
0.4375, 1, 6.97349e-06, 100000, 0.1379, -0.000238514, 99999.9, -0.0625
0.4425, 1, 7.0586e-06, 100000, 0.1379, -0.000238514, 99999.9, -0.0575
0.4475, 1, 7.08119e-06, 100000, 0.1379, -0.000238514, 99999.9, -0.0525
0.4525, 1, 7.07812e-06, 100000, 0.1379, -0.000238514, 99999.9, -0.0475
0.4575, 1, 7.04081e-06, 100000, 0.1379, -0.000238514, 99999.9, -0.0425
0.4625, 1, 6.97431e-06, 100000, 0.1379, -0.000238514, 99999.9, -0.0375
0.4675, 1, 6.91598e-06, 100000, 0.1379, -0.000238514, 99999.9, -0.0325
0.4725, 1, 6.88273e-06, 100000, 0.1379, -0.000238514, 99999.9, -0.0275
0.4775, 1, 6.85819e-06, 100000, 0.1379, -0.000238514, 99999.9, -0.0225
0.4825, 1, 6.80504e-06, 100000, 0.1379, -0.000238514, 99999.9, -0.0175
0.4875, 1, 6.51933e-06, 100000, 0.1379, -0.000238514, 99999.9, -0.0125
0.4925, 1, 3.65727e-06, 100000, 0.1379, -0.000238514, 99999.9, -0.00749999
0.4975, 1, -4.90164e-05, 100000, 0.1379, -0.000391834, 99999.9, -0.00249999
0.5025, 1, -0.000171776, 99999.9, 0.1379, -0.000428013, 99999.9, 0.00250001
0.5075, 0.999999, -0.000238515, 99999.9, 0.1379, -0.000430166, 99999.9, 0.00750001
0.5125, 0.999999, -0.000238514, 99999.9, 0.1379, -0.000430173, 99999.9, 0.0125
0.5175, 0.999999, -0.000238514, 99999.9, 0.1379, -0.000430177, 99999.9, 0.0175
0.5225, 0.999999, -0.000238514, 99999.9, 0.1379, -0.000430182, 99999.9, 0.0225
0.5275, 0.999999, -0.000238514, 99999.9, 0.1379, -0.000430186, 99999.9, 0.0275
0.5325, 0.999999, -0.000238514, 99999.9, 0.1379, -0.000430188, 99999.9, 0.0325
0.5375, 0.999999, -0.000238514, 99999.9, 0.1379, -0.000430189, 99999.9, 0.0375
0.5425, 0.999999, -0.000238514, 99999.9, 0.1379, -0.000430188, 99999.9, 0.0425
0.5475, 0.999999, -0.000238514, 99999.9, 0.1379, -0.000430185, 99999.9, 0.0475
0.5525, 0.999999, -0.000238514, 99999.9, 0.1379, -0.00043018, 99999.9, 0.0525
0.5575, 0.999999, -0.000238514, 99999.9, 0.1379, -0.000430173, 99999.9, 0.0575
0.5625, 0.999999, -0.000238514, 99999.9, 0.1379, -0.000430162, 99999.9, 0.0625
0.5675, 0.999999, -0.000238514, 99999.9, 0.1379, -0.000430149, 99999.9, 0.0675
0.5725, 0.999999, -0.000238514, 99999.9, 0.1379, -0.000430131, 99999.9, 0.0725
0.5775, 0.999999, -0.000238514, 99999.9, 0.1379, -0.00043011, 99999.9, 0.0775
0.5825, 0.999999, -0.000238514, 99999.9, 0.1379, -0.000430085, 99999.9, 0.0825
0.5875, 0.999999, -0.000238514, 99999.9, 0.1379, -0.00043006, 99999.9, 0.0875
0.5925, 0.999999, -0.000238514, 99999.9, 0.1379, -0.000430036, 99999.9, 0.0925
0.5975, 0.999999, -0.000238514, 99999.9, 0.1379, -0.000430013, 99999.9, 0.0975
0.6025, 0.999999, -0.000238514, 99999.9, 0.1379, -0.000429992, 99999.9, 0.1025
0.6075, 0.999999, -0.000238514, 99999.9, 0.1379, -0.000429972, 99999.9, 0.1075
0.6125, 0.999999, -0.000238514, 99999.9, 0.1379, -0.000429952, 99999.9, 0.1125
0.6175, 0.999999, -0.000238514, 99999.9, 0.1379, -0.000429928, 99999.9, 0.1175
0.6225, 0.999999, -0.000238514, 99999.9, 0.1379, -0.000429899, 99999.9, 0.1225
0.6275, 0.999999, -0.000238514, 99999.9, 0.1379, -0.000429864, 99999.9, 0.1275
0.6325, 0.999999, -0.000238514, 99999.9, 0.1379, -0.00042983, 99999.9, 0.1325
0.6375, 0.999999, -0.000238514, 99999.9, 0.1379, -0.000429804, 99999.9, 0.1375
0.6425, 0.999999, -0.000238514, 99999.9, 0.1379, -0.000429789, 99999.9, 0.1425
0.6475, 0.999999, -0.000238514, 99999.9, 0.1379, -0.000429783, 99999.9, 0.1475
0.6525, 0.999999, -0.000238514, 99999.9, 0.1379, -0.000429783, 99999.9, 0.1525
0.6575, 0.999999, -0.000238514, 99999.9, 0.1379, -0.000429798, 99999.9, 0.1575
0.6625, 0.999999, -0.000238514, 99999.9, 0.1379, -0.000429857, 99999.9, 0.1625
0.6675, 0.999999, -0.000238514, 99999.9, 0.1379, -0.000429942, 99999.9, 0.1675
0.6725, 0.999999, -0.000238514, 99999.9, 0.1379, -0.000430013, 99999.9, 0.1725
0.6775, 0.999999, -0.000238514, 99999.9, 0.1379, -0.000430061, 99999.9, 0.1775
0.6825, 0.999999, -0.000238514, 99999.9, 0.1379, -0.000430086, 99999.9, 0.1825
0.6875, 0.999999, -0.000238514, 99999.9, 0.1379, -0.000430093, 99999.9, 0.1875
0.6925, 0.999999, -0.000238514, 99999.9, 0.1379, -0.000430087, 99999.9, 0.1925
0.6975, 0.999999, -0.000238514, 99999.9, 0.1379, -0.000430037, 99999.9, 0.1975
0.7025, 0.999999, -0.000238514, 99999.9, 0.1379, -0.000429854, 99999.9, 0.2025
0.7075, 0.999999, -0.000238514, 99999.9, 0.1379, -0.000429336, 99999.9, 0.2075
0.7125, 0.999999, -0.000238514, 99999.9, 0.1379, -0.000428022, 99999.9, 0.2125
0.7175, 0.999999, -0.000238514, 99999.9, 0.1379, -0.000424768, 99999.9, 0.2175
0.7225, 0.999999, -0.000238514, 99999.9, 0.1379, -0.000416422, 99999.9, 0.2225
0.7275, 0.999999, -0.000238514, 99999.9, 0.1379, -0.000390535, 99999.9, 0.2275
0.7325, 0.999999, -0.000238514, 99999.9, 0.1379, -0.000315312, 100000, 0.2325
0.7375, 0.999999, -0.000238514, 99999.9, 0.1379, -0.00021284, 100000, 0.2375
0.7425, 0.999999, -0.000238514, 99999.9, 0.1379, -0.00012637, 100000, 0.2425
0.7475, 0.999999, -0.000238514, 99999.9, 0.1379, -6.62142e-05, 100000, 0.2475
0.7525, 0.999999, -0.000238514, 99999.9, 0.1379, -3.03995e-05, 100000, 0.2525
0.7575, 0.999999, -0.000238514, 99999.9, 0.1379, -1.21238e-05, 100000, 0.2575
0.7625, 0.999999, -0.000238514, 99999.9, 0.1379, -4.1546e-06, 100000, 0.2625
0.7675, 0.999999, -0.000238514, 99999.9, 0.1379, -1.20603e-06, 100000, 0.2675
0.7725, 0.999999, -0.000238514, 99999.9, 0.1379, -2.90949e-07, 100000, 0.2725
0.7775, 0.999999, -0.000238514, 99999.9, 0.1379, -5.67923e-08, 100000, 0.2775
0.7825, 0.999999, -0.000238514, 99999.9, 0.1379, -8.62202e-09, 100000, 0.2825
0.7875, 0.999999, -0.000238514, 99999.9, 0.1379, -9.55615e-10, 100000, 0.2875
0.7925, 0.999999, -0.000238514, 99999.9, 0.1379, -6.88117e-11, 100000, 0.2925
0.7975, 0.999999, -0.000238514, 99999.9, 0.1379, -2.37811e-12, 100000, 0.2975
0.8025, 0.999999, -0.000238514, 99999.9, 0.1379, 7.67131e-14, 100000, 0.3025
0.8075, 0.999999, -0.000238514, 99999.9, 0.1379, 0, 100000, 0.3075
0.8125, 0.999999, -0.000238514, 99999.9, 0.1379, 0, 100000, 0.3125
0.8175, 0.999999, -0.000238514, 99999.9, 0.1379, 0, 100000, 0.3175
0.8225, 0.999999, -0.000238514, 99999.9, 0.1379, 0, 100000, 0.3225
0.8275, 0.999999, -0.000238514, 99999.9, 0.1379, 0, 100000, 0.3275
0.8325, 0.999999, -0.000238514, 99999.9, 0.1379, 0, 100000, 0.3325
0.8375, 0.999999, -0.000238514, 99999.9, 0.1379, 0, 100000, 0.3375
0.8425, 0.999999, -0.000238514, 99999.9, 0.1379, 0, 100000, 0.3425
0.8475, 0.999999, -0.000238514, 99999.9, 0.1379, 0, 100000, 0.3475
0.8525, 0.999999, -0.000238514, 99999.9, 0.1379, 0, 100000, 0.3525
0.8575, 0.999999, -0.000238514, 99999.9, 0.1379, 0, 100000, 0.3575
0.8625, 0.999999, -0.000238514, 99999.9, 0.1379, 0, 100000, 0.3625
0.8675, 0.999999, -0.000238514, 99999.9, 0.1379, 0, 100000, 0.3675
0.8725, 0.999999, -0.000238514, 99999.9, 0.1379, 0, 100000, 0.3725
0.8775, 0.999999, -0.000238514, 99999.9, 0.1379, 0, 100000, 0.3775
0.8825, 0.999999, -0.000238514, 99999.9, 0.1379, 0, 100000, 0.3825
0.8875, 0.999999, -0.000238514, 99999.9, 0.1379, 0, 100000, 0.3875
0.8925, 0.999999, -0.000238514, 99999.9, 0.1379, 0, 100000, 0.3925
0.8975, 0.999999, -0.000238514, 99999.9, 0.1379, 0, 100000, 0.3975
0.9025, 0.999999, -0.000238514, 99999.9, 0.1379, 0, 100000, 0.4025
0.9075, 0.999999, -0.000238514, 99999.9, 0.1379, 0, 100000, 0.4075
0.9125, 0.999999, -0.000238514, 99999.9, 0.1379, 0, 100000, 0.4125
0.9175, 0.999999, -0.000238514, 99999.9, 0.1379, 0, 100000, 0.4175
0.9225, 0.999999, -0.000238514, 99999.9, 0.1379, 0, 100000, 0.4225
0.9275, 0.999999, -0.000238514, 99999.9, 0.1379, 0, 100000, 0.4275
0.9325, 0.999999, -0.000238514, 99999.9, 0.1379, 0, 100000, 0.4325
0.9375, 0.999999, -0.000238514, 99999.9, 0.1379, 0, 100000, 0.4375
0.9425, 0.999999, -0.000238514, 99999.9, 0.1379, 0, 100000, 0.4425
0.9475, 0.999999, -0.000238514, 99999.9, 0.1379, 0, 100000, 0.4475
0.9525, 0.999999, -0.000238514, 99999.9, 0.1379, 0, 100000, 0.4525
0.9575, 0.999999, -0.000238514, 99999.9, 0.1379, 0, 100000, 0.4575
0.9625, 0.999999, -0.000238514, 99999.9, 0.1379, 0, 100000, 0.4625
0.9675, 0.999999, -0.000238514, 99999.9, 0.1379, 0, 100000, 0.4675
0.9725, 0.999999, -0.000238514, 99999.9, 0.1379, 0, 100000, 0.4725
0.9775, 0.999999, -0.000238514, 99999.9, 0.1379, 0, 100000, 0.4775
0.9825, 0.999999, -0.000238514, 99999.9, 0.1379, 0, 100000, 0.4825
0.9875, 0.999999, -0.000238514, 99999.9, 0.1379, 0, 100000, 0.4875
0.9925, 0.999999, -0.000238514, 99999.9, 0.1379, 0, 100000, 0.4925
0.9975, 0.999999, -0.000238514, 99999.9, 0.1379, 0, 100000, 0.4975
