0.0025, 1.33196, 112.096, 149836, 0.1379, -0.000238521, 99999.9, -0.4975
0.0075, 1.33197, 112.09, 149839, 0.1379, -0.000238521, 99999.9, -0.492907
0.0125, 1.33207, 112.062, 149854, 0.1379, -0.000238521, 99999.9, -0.487907
0.0175, 1.33229, 111.998, 149888, 0.1379, -0.000238521, 99999.9, -0.482907
0.0225, 1.33254, 111.931, 149924, 0.1379, -0.000238521, 99999.9, -0.477907
0.0275, 1.3327, 111.888, 149946, 0.1379, -0.000238521, 99999.9, -0.472907
0.0325, 1.33277, 111.866, 149958, 0.1379, -0.000238521, 99999.9, -0.467907
0.0375, 1.33279, 111.858, 149963, 0.1379, -0.000238521, 99999.9, -0.462907
0.0425, 1.33278, 111.856, 149964, 0.1379, -0.000238521, 99999.9, -0.457907
0.0475, 1.33275, 111.856, 149963, 0.1379, -0.000238521, 99999.9, -0.452907
0.0525, 1.33268, 111.856, 149962, 0.1379, -0.000238521, 99999.9, -0.447907
0.0575, 1.33254, 111.852, 149965, 0.1379, -0.000238521, 99999.9, -0.442907
0.0625, 1.33214, 111.841, 149971, 0.1379, -0.000238521, 99999.9, -0.437907
0.0675, 1.3313, 111.831, 149977, 0.1379, -0.000238521, 99999.9, -0.432906
0.0725, 1.33026, 111.825, 149980, 0.1379, -0.000238521, 99999.9, -0.427906
0.0775, 1.32939, 111.823, 149982, 0.1379, -0.000238521, 99999.9, -0.422906
0.0825, 1.32889, 111.822, 149983, 0.1379, -0.000238521, 99999.9, -0.417906
0.0875, 1.32872, 111.822, 149983, 0.1379, -0.000238521, 99999.9, -0.412906
0.0925, 1.32875, 111.823, 149983, 0.1379, -0.000238521, 99999.9, -0.407906
0.0975, 1.32926, 111.827, 149985, 0.1379, -0.000238521, 99999.9, -0.402906
0.1025, 1.33036, 111.831, 149988, 0.1379, -0.000238521, 99999.9, -0.397906
0.1075, 1.33147, 111.827, 149987, 0.1379, -0.000238521, 99999.9, -0.392906
0.1125, 1.33229, 111.808, 149977, 0.1379, -0.000238521, 99999.9, -0.387906
0.1175, 1.33275, 111.758, 149937, 0.1379, -0.000238521, 99999.9, -0.382906
0.1225, 1.33282, 111.546, 149836, 0.1379, -0.000238521, 99999.9, -0.377905
0.1275, 1.331, 110.818, 149468, 0.1379, -0.000238521, 99999.9, -0.372901
0.1325, 1.32063, 107.822, 147909, 0.1379, -0.000238521, 99999.9, -0.367883
0.1375, 1.27955, 95.8823, 141722, 0.1379, -0.000238521, 99999.9, -0.362822
0.1425, 1.19434, 69.155, 128757, 0.1379, -0.000238521, 99999.9, -0.357714
0.1475, 1.10873, 39.9176, 115844, 0.1379, -0.000238521, 99999.9, -0.352617
0.1525, 1.05356, 19.9503, 107683, 0.1379, -0.000238521, 99999.9, -0.347556
0.1575, 1.02405, 8.99832, 103410, 0.1379, -0.000238521, 99999.9, -0.342525
0.1625, 1.01009, 3.77759, 101421, 0.1379, -0.000238521, 99999.9, -0.33751
0.1675, 1.00401, 1.50263, 100563, 0.1379, -0.000238521, 99999.9, -0.332504
0.1725, 1.00152, 0.570447, 100214, 0.1379, -0.000238521, 99999.9, -0.327501
0.1775, 1.00055, 0.207048, 100077, 0.1379, -0.000238521, 99999.9, -0.322501
0.1825, 1.00019, 0.0717998, 100027, 0.1379, -0.000238521, 99999.9, -0.3175
0.1875, 1.00006, 0.0237521, 100009, 0.1379, -0.000238521, 99999.9, -0.3125
0.1925, 1.00002, 0.00748236, 100003, 0.1379, -0.000238521, 99999.9, -0.3075
0.1975, 1.00001, 0.00224065, 100001, 0.1379, -0.000238521, 99999.9, -0.3025
0.2025, 1, 0.000636764, 100000, 0.1379, -0.000238521, 99999.9, -0.2975
0.2075, 1, 0.000171456, 100000, 0.1379, -0.000238521, 99999.9, -0.2925
0.2125, 1, 4.36727e-05, 100000, 0.1379, -0.000238521, 99999.9, -0.2875
0.2175, 1, 1.05066e-05, 100000, 0.1379, -0.000238521, 99999.9, -0.2825
0.2225, 1, 2.38346e-06, 100000, 0.1379, -0.000238521, 99999.9, -0.2775
0.2275, 1, 5.08988e-07, 100000, 0.1379, -0.000238521, 99999.9, -0.2725
0.2325, 1, 1.02136e-07, 100000, 0.1379, -0.000238521, 99999.9, -0.2675
0.2375, 1, 1.92209e-08, 100000, 0.1379, -0.000238521, 99999.9, -0.2625
0.2425, 1, 3.3851e-09, 100000, 0.1379, -0.000238521, 99999.9, -0.2575
0.2475, 1, 5.56632e-10, 100000, 0.1379, -0.000238521, 99999.9, -0.2525
0.2525, 1, 8.52541e-11, 100000, 0.1379, -0.000238521, 99999.9, -0.2475
0.2575, 1, 1.21232e-11, 100000, 0.1379, -0.000238521, 99999.9, -0.2425
0.2625, 1, 1.58681e-12, 100000, 0.1379, -0.000238521, 99999.9, -0.2375
0.2675, 1, 2.00996e-13, 100000, 0.1379, -0.000238521, 99999.9, -0.2325
0.2725, 1, 0, 100000, 0.1379, -0.000238521, 99999.9, -0.2275
0.2775, 1, 0, 100000, 0.1379, -0.000238521, 99999.9, -0.2225
0.2825, 1, 0, 100000, 0.1379, -0.000238521, 99999.9, -0.2175
0.2875, 1, 0, 100000, 0.1379, -0.000238521, 99999.9, -0.2125
0.2925, 1, 0, 100000, 0.1379, -0.000238521, 99999.9, -0.2075
0.2975, 1, 0, 100000, 0.1379, -0.000238521, 99999.9, -0.2025
0.3025, 1, 0, 100000, 0.1379, -0.000238521, 99999.9, -0.1975
0.3075, 1, 0, 100000, 0.1379, -0.000238521, 99999.9, -0.1925
0.3125, 1, 0, 100000, 0.1379, -0.000238521, 99999.9, -0.1875
0.3175, 1, 0, 100000, 0.1379, -0.000238521, 99999.9, -0.1825
0.3225, 1, 0, 100000, 0.1379, -0.000238521, 99999.9, -0.1775
0.3275, 1, 0, 100000, 0.1379, -0.000238521, 99999.9, -0.1725
0.3325, 1, 1.05787e-14, 100000, 0.1379, -0.000238521, 99999.9, -0.1675
0.3375, 1, 1.48102e-13, 100000, 0.1379, -0.000238521, 99999.9, -0.1625
0.3425, 1, 6.34724e-13, 100000, 0.1379, -0.000238521, 99999.9, -0.1575
0.3475, 1, 2.45427e-12, 100000, 0.1379, -0.000238521, 99999.9, -0.1525
0.3525, 1, 8.91788e-12, 100000, 0.1379, -0.000238521, 99999.9, -0.1475
0.3575, 1, 3.09745e-11, 100000, 0.1379, -0.000238521, 99999.9, -0.1425
0.3625, 1, 1.03545e-10, 100000, 0.1379, -0.000238521, 99999.9, -0.1375
0.3675, 1, 3.33474e-10, 100000, 0.1379, -0.000238521, 99999.9, -0.1325
0.3725, 1, 1.03607e-09, 100000, 0.1379, -0.000238521, 99999.9, -0.1275
0.3775, 1, 3.11196e-09, 100000, 0.1379, -0.000238521, 99999.9, -0.1225
0.3825, 1, 9.05421e-09, 100000, 0.1379, -0.000238521, 99999.9, -0.1175
0.3875, 1, 2.55767e-08, 100000, 0.1379, -0.000238521, 99999.9, -0.1125
0.3925, 1, 7.0258e-08, 100000, 0.1379, -0.000238521, 99999.9, -0.1075
0.3975, 1, 1.88759e-07, 100000, 0.1379, -0.000238521, 99999.9, -0.1025
0.4025, 1, 4.9057e-07, 100000, 0.1379, -0.000238521, 99999.9, -0.0975
0.4075, 1, 1.27498e-06, 100000, 0.1379, -0.000238521, 99999.9, -0.0925
0.4125, 1, 2.58287e-06, 100000, 0.1379, -0.000238521, 99999.9, -0.0875
0.4175, 1, 4.03701e-06, 100000, 0.1379, -0.000238521, 99999.9, -0.0825
0.4225, 1, 5.23778e-06, 100000, 0.1379, -0.000238521, 99999.9, -0.0775
0.4275, 1, 6.07675e-06, 100000, 0.1379, -0.000238521, 99999.9, -0.0725
0.4325, 1, 6.60402e-06, 100000, 0.1379, -0.000238521, 99999.9, -0.0675
0.4375, 1, 6.89656e-06, 100000, 0.1379, -0.000238521, 99999.9, -0.0625
0.4425, 1, 7.03341e-06, 100000, 0.1379, -0.000238521, 99999.9, -0.0575
0.4475, 1, 7.08082e-06, 100000, 0.1379, -0.000238521, 99999.9, -0.0525
0.4525, 1, 7.08765e-06, 100000, 0.1379, -0.000238521, 99999.9, -0.0475
0.4575, 1, 7.06844e-06, 100000, 0.1379, -0.000238521, 99999.9, -0.0425
0.4625, 1, 7.01078e-06, 100000, 0.1379, -0.000238521, 99999.9, -0.0375
0.4675, 1, 6.94577e-06, 100000, 0.1379, -0.000238521, 99999.9, -0.0325
0.4725, 1, 6.90371e-06, 100000, 0.1379, -0.000238521, 99999.9, -0.0275
0.4775, 1, 6.87266e-06, 100000, 0.1379, -0.000238521, 99999.9, -0.0225
0.4825, 1, 6.81343e-06, 100000, 0.1379, -0.000238521, 99999.9, -0.0175
0.4875, 1, 6.51936e-06, 100000, 0.1379, -0.000238521, 99999.9, -0.0125
0.4925, 1, 3.65143e-06, 100000, 0.1379, -0.000238521, 99999.9, -0.00749999
0.4975, 1, -4.9024e-05, 100000, 0.1379, -0.000391841, 99999.9, -0.00249999
0.5025, 1, -0.000171784, 99999.9, 0.1379, -0.00042802, 99999.9, 0.00250001
0.5075, 0.999999, -0.000238522, 99999.9, 0.1379, -0.000430173, 99999.9, 0.00750001
0.5125, 0.999999, -0.000238521, 99999.9, 0.1379, -0.00043018, 99999.9, 0.0125
0.5175, 0.999999, -0.000238521, 99999.9, 0.1379, -0.000430184, 99999.9, 0.0175
0.5225, 0.999999, -0.000238521, 99999.9, 0.1379, -0.000430187, 99999.9, 0.0225
0.5275, 0.999999, -0.000238521, 99999.9, 0.1379, -0.000430189, 99999.9, 0.0275
0.5325, 0.999999, -0.000238521, 99999.9, 0.1379, -0.000430189, 99999.9, 0.0325
0.5375, 0.999999, -0.000238521, 99999.9, 0.1379, -0.000430187, 99999.9, 0.0375
0.5425, 0.999999, -0.000238521, 99999.9, 0.1379, -0.000430182, 99999.9, 0.0425
0.5475, 0.999999, -0.000238521, 99999.9, 0.1379, -0.000430176, 99999.9, 0.0475
0.5525, 0.999999, -0.000238521, 99999.9, 0.1379, -0.000430167, 99999.9, 0.0525
0.5575, 0.999999, -0.000238521, 99999.9, 0.1379, -0.000430155, 99999.9, 0.0575
0.5625, 0.999999, -0.000238521, 99999.9, 0.1379, -0.000430139, 99999.9, 0.0625
0.5675, 0.999999, -0.000238521, 99999.9, 0.1379, -0.000430119, 99999.9, 0.0675
0.5725, 0.999999, -0.000238521, 99999.9, 0.1379, -0.000430095, 99999.9, 0.0725
0.5775, 0.999999, -0.000238521, 99999.9, 0.1379, -0.00043007, 99999.9, 0.0775
0.5825, 0.999999, -0.000238521, 99999.9, 0.1379, -0.000430045, 99999.9, 0.0825
0.5875, 0.999999, -0.000238521, 99999.9, 0.1379, -0.000430022, 99999.9, 0.0875
0.5925, 0.999999, -0.000238521, 99999.9, 0.1379, -0.00043, 99999.9, 0.0925
0.5975, 0.999999, -0.000238521, 99999.9, 0.1379, -0.00042998, 99999.9, 0.0975
0.6025, 0.999999, -0.000238521, 99999.9, 0.1379, -0.00042996, 99999.9, 0.1025
0.6075, 0.999999, -0.000238521, 99999.9, 0.1379, -0.000429938, 99999.9, 0.1075
0.6125, 0.999999, -0.000238521, 99999.9, 0.1379, -0.000429912, 99999.9, 0.1125
0.6175, 0.999999, -0.000238521, 99999.9, 0.1379, -0.000429879, 99999.9, 0.1175
0.6225, 0.999999, -0.000238521, 99999.9, 0.1379, -0.000429844, 99999.9, 0.1225
0.6275, 0.999999, -0.000238521, 99999.9, 0.1379, -0.000429813, 99999.9, 0.1275
0.6325, 0.999999, -0.000238521, 99999.9, 0.1379, -0.000429793, 99999.9, 0.1325
0.6375, 0.999999, -0.000238521, 99999.9, 0.1379, -0.000429784, 99999.9, 0.1375
0.6425, 0.999999, -0.000238521, 99999.9, 0.1379, -0.000429782, 99999.9, 0.1425
0.6475, 0.999999, -0.000238521, 99999.9, 0.1379, -0.000429788, 99999.9, 0.1475
0.6525, 0.999999, -0.000238521, 99999.9, 0.1379, -0.000429826, 99999.9, 0.1525
0.6575, 0.999999, -0.000238521, 99999.9, 0.1379, -0.000429908, 99999.9, 0.1575
0.6625, 0.999999, -0.000238521, 99999.9, 0.1379, -0.000429986, 99999.9, 0.1625
0.6675, 0.999999, -0.000238521, 99999.9, 0.1379, -0.000430045, 99999.9, 0.1675
0.6725, 0.999999, -0.000238521, 99999.9, 0.1379, -0.00043008, 99999.9, 0.1725
0.6775, 0.999999, -0.000238521, 99999.9, 0.1379, -0.000430094, 99999.9, 0.1775
0.6825, 0.999999, -0.000238521, 99999.9, 0.1379, -0.000430093, 99999.9, 0.1825
0.6875, 0.999999, -0.000238521, 99999.9, 0.1379, -0.000430067, 99999.9, 0.1875
0.6925, 0.999999, -0.000238521, 99999.9, 0.1379, -0.000429949, 99999.9, 0.1925
0.6975, 0.999999, -0.000238521, 99999.9, 0.1379, -0.000429591, 99999.9, 0.1975
0.7025, 0.999999, -0.000238521, 99999.9, 0.1379, -0.000428668, 99999.9, 0.2025
0.7075, 0.999999, -0.000238521, 99999.9, 0.1379, -0.000426411, 99999.9, 0.2075
0.7125, 0.999999, -0.000238521, 99999.9, 0.1379, -0.0004209, 99999.9, 0.2125
0.7175, 0.999999, -0.000238521, 99999.9, 0.1379, -0.000405238, 99999.9, 0.2175
0.7225, 0.999999, -0.000238521, 99999.9, 0.1379, -0.000353295, 99999.9, 0.2225
0.7275, 0.999999, -0.000238521, 99999.9, 0.1379, -0.000254638, 100000, 0.2275
0.7325, 0.999999, -0.000238521, 99999.9, 0.1379, -0.000157899, 100000, 0.2325
0.7375, 0.999999, -0.000238521, 99999.9, 0.1379, -8.6332e-05, 100000, 0.2375
0.7425, 0.999999, -0.000238521, 99999.9, 0.1379, -4.13141e-05, 100000, 0.2425
0.7475, 0.999999, -0.000238521, 99999.9, 0.1379, -1.71544e-05, 100000, 0.2475
0.7525, 0.999999, -0.000238521, 99999.9, 0.1379, -6.11306e-06, 100000, 0.2525
0.7575, 0.999999, -0.000238521, 99999.9, 0.1379, -1.84327e-06, 100000, 0.2575
0.7625, 0.999999, -0.000238521, 99999.9, 0.1379, -4.61407e-07, 100000, 0.2625
0.7675, 0.999999, -0.000238521, 99999.9, 0.1379, -9.33594e-08, 100000, 0.2675
0.7725, 0.999999, -0.000238521, 99999.9, 0.1379, -1.46785e-08, 100000, 0.2725
0.7775, 0.999999, -0.000238521, 99999.9, 0.1379, -1.68347e-09, 100000, 0.2775
0.7825, 0.999999, -0.000238521, 99999.9, 0.1379, -1.25273e-10, 100000, 0.2825
0.7875, 0.999999, -0.000238521, 99999.9, 0.1379, -4.52607e-12, 100000, 0.2875
0.7925, 0.999999, -0.000238521, 99999.9, 0.1379, 7.67131e-14, 100000, 0.2925
0.7975, 0.999999, -0.000238521, 99999.9, 0.1379, 0, 100000, 0.2975
0.8025, 0.999999, -0.000238521, 99999.9, 0.1379, 0, 100000, 0.3025
0.8075, 0.999999, -0.000238521, 99999.9, 0.1379, 0, 100000, 0.3075
0.8125, 0.999999, -0.000238521, 99999.9, 0.1379, 0, 100000, 0.3125
0.8175, 0.999999, -0.000238521, 99999.9, 0.1379, 0, 100000, 0.3175
0.8225, 0.999999, -0.000238521, 99999.9, 0.1379, 0, 100000, 0.3225
0.8275, 0.999999, -0.000238521, 99999.9, 0.1379, 0, 100000, 0.3275
0.8325, 0.999999, -0.000238521, 99999.9, 0.1379, 0, 100000, 0.3325
0.8375, 0.999999, -0.000238521, 99999.9, 0.1379, 0, 100000, 0.3375
0.8425, 0.999999, -0.000238521, 99999.9, 0.1379, 0, 100000, 0.3425
0.8475, 0.999999, -0.000238521, 99999.9, 0.1379, 0, 100000, 0.3475
0.8525, 0.999999, -0.000238521, 99999.9, 0.1379, 0, 100000, 0.3525
0.8575, 0.999999, -0.000238521, 99999.9, 0.1379, 0, 100000, 0.3575
0.8625, 0.999999, -0.000238521, 99999.9, 0.1379, 0, 100000, 0.3625
0.8675, 0.999999, -0.000238521, 99999.9, 0.1379, 0, 100000, 0.3675
0.8725, 0.999999, -0.000238521, 99999.9, 0.1379, 0, 100000, 0.3725
0.8775, 0.999999, -0.000238521, 99999.9, 0.1379, 0, 100000, 0.3775
0.8825, 0.999999, -0.000238521, 99999.9, 0.1379, 0, 100000, 0.3825
0.8875, 0.999999, -0.000238521, 99999.9, 0.1379, 0, 100000, 0.3875
0.8925, 0.999999, -0.000238521, 99999.9, 0.1379, 0, 100000, 0.3925
0.8975, 0.999999, -0.000238521, 99999.9, 0.1379, 0, 100000, 0.3975
0.9025, 0.999999, -0.000238521, 99999.9, 0.1379, 0, 100000, 0.4025
0.9075, 0.999999, -0.000238521, 99999.9, 0.1379, 0, 100000, 0.4075
0.9125, 0.999999, -0.000238521, 99999.9, 0.1379, 0, 100000, 0.4125
0.9175, 0.999999, -0.000238521, 99999.9, 0.1379, 0, 100000, 0.4175
0.9225, 0.999999, -0.000238521, 99999.9, 0.1379, 0, 100000, 0.4225
0.9275, 0.999999, -0.000238521, 99999.9, 0.1379, 0, 100000, 0.4275
0.9325, 0.999999, -0.000238521, 99999.9, 0.1379, 0, 100000, 0.4325
0.9375, 0.999999, -0.000238521, 99999.9, 0.1379, 0, 100000, 0.4375
0.9425, 0.999999, -0.000238521, 99999.9, 0.1379, 0, 100000, 0.4425
0.9475, 0.999999, -0.000238521, 99999.9, 0.1379, 0, 100000, 0.4475
0.9525, 0.999999, -0.000238521, 99999.9, 0.1379, 0, 100000, 0.4525
0.9575, 0.999999, -0.000238521, 99999.9, 0.1379, 0, 100000, 0.4575
0.9625, 0.999999, -0.000238521, 99999.9, 0.1379, 0, 100000, 0.4625
0.9675, 0.999999, -0.000238521, 99999.9, 0.1379, 0, 100000, 0.4675
0.9725, 0.999999, -0.000238521, 99999.9, 0.1379, 0, 100000, 0.4725
0.9775, 0.999999, -0.000238521, 99999.9, 0.1379, 0, 100000, 0.4775
0.9825, 0.999999, -0.000238521, 99999.9, 0.1379, 0, 100000, 0.4825
0.9875, 0.999999, -0.000238521, 99999.9, 0.1379, 0, 100000, 0.4875
0.9925, 0.999999, -0.000238521, 99999.9, 0.1379, 0, 100000, 0.4925
0.9975, 0.999999, -0.000238521, 99999.9, 0.1379, 0, 100000, 0.4975
