0.0025, 1.33291, 111.807, 149989, 0.137906, 0.050542, 100008, -0.4975
0.0075, 1.33291, 111.807, 149989, 0.137906, 0.050542, 100008, -0.492907
0.0125, 1.33291, 111.806, 149990, 0.137906, 0.050542, 100008, -0.487907
0.0175, 1.33291, 111.805, 149990, 0.137906, 0.050542, 100008, -0.482907
0.0225, 1.33292, 111.803, 149991, 0.137906, 0.050542, 100008, -0.477907
0.0275, 1.33292, 111.802, 149992, 0.137906, 0.050542, 100008, -0.472907
0.0325, 1.33293, 111.8, 149993, 0.137906, 0.050542, 100008, -0.467907
0.0375, 1.33294, 111.798, 149994, 0.137906, 0.050542, 100008, -0.462907
0.0425, 1.33294, 111.796, 149995, 0.137906, 0.050542, 100008, -0.457907
0.0475, 1.33294, 111.795, 149995, 0.137906, 0.050542, 100008, -0.452907
0.0525, 1.33295, 111.795, 149996, 0.137906, 0.050542, 100008, -0.447907
0.0575, 1.33296, 111.794, 149996, 0.137906, 0.050542, 100008, -0.442907
0.0625, 1.33296, 111.794, 149996, 0.137906, 0.050542, 100008, -0.437907
0.0675, 1.33296, 111.795, 149995, 0.137906, 0.050542, 100008, -0.432907
0.0725, 1.33296, 111.797, 149995, 0.137906, 0.050542, 100008, -0.427907
0.0775, 1.33296, 111.798, 149994, 0.137906, 0.050542, 100008, -0.422907
0.0825, 1.33296, 111.8, 149993, 0.137906, 0.050542, 100008, -0.417907
0.0875, 1.33296, 111.801, 149992, 0.137906, 0.050542, 100008, -0.412907
0.0925, 1.33296, 111.801, 149992, 0.137906, 0.050542, 100008, -0.407907
0.0975, 1.33296, 111.801, 149992, 0.137906, 0.050542, 100008, -0.402907
0.1025, 1.33296, 111.801, 149992, 0.137906, 0.050542, 100008, -0.397907
0.1075, 1.33295, 111.8, 149993, 0.137906, 0.050542, 100008, -0.392907
0.1125, 1.33292, 111.799, 149993, 0.137906, 0.050542, 100008, -0.387907
0.1175, 1.33284, 111.798, 149994, 0.137906, 0.050542, 100008, -0.382907
0.1225, 1.33263, 111.796, 149995, 0.137906, 0.050542, 100008, -0.377907
0.1275, 1.33224, 111.794, 149995, 0.137906, 0.050542, 100008, -0.372907
0.1325, 1.33177, 111.793, 149996, 0.137906, 0.050542, 100008, -0.367907
0.1375, 1.33134, 111.792, 149997, 0.137906, 0.050542, 100008, -0.362907
0.1425, 1.331, 111.792, 149997, 0.137906, 0.050542, 100008, -0.357907
0.1475, 1.33076, 111.792, 149997, 0.137906, 0.050542, 100008, -0.352907
0.1525, 1.33061, 111.794, 149996, 0.137906, 0.050542, 100008, -0.347907
0.1575, 1.33054, 111.795, 149996, 0.137906, 0.050542, 100008, -0.342907
0.1625, 1.33051, 111.797, 149995, 0.137906, 0.050542, 100008, -0.337907
0.1675, 1.33052, 111.798, 149994, 0.137906, 0.050542, 100008, -0.332907
0.1725, 1.3306, 111.8, 149993, 0.137906, 0.050542, 100008, -0.327907
0.1775, 1.33089, 111.801, 149992, 0.137906, 0.050542, 100008, -0.322907
0.1825, 1.3314, 111.801, 149992, 0.137906, 0.050542, 100008, -0.317907
0.1875, 1.33193, 111.801, 149993, 0.137906, 0.050542, 100008, -0.312907
0.1925, 1.33236, 111.8, 149993, 0.137906, 0.050542, 100008, -0.307907
0.1975, 1.33267, 111.8, 149993, 0.137906, 0.050542, 100008, -0.302907
0.2025, 1.33289, 111.799, 149993, 0.137906, 0.050542, 100008, -0.297907
0.2075, 1.33302, 111.799, 149994, 0.137906, 0.050542, 100008, -0.292907
0.2125, 1.33309, 111.798, 149994, 0.137906, 0.050542, 100008, -0.287907
0.2175, 1.33311, 111.798, 149994, 0.137906, 0.050542, 100008, -0.282907
0.2225, 1.33312, 111.797, 149994, 0.137906, 0.050542, 100008, -0.277907
0.2275, 1.3331, 111.795, 149995, 0.137906, 0.050542, 100008, -0.272907
0.2325, 1.33304, 111.793, 149997, 0.137906, 0.050542, 100008, -0.267907
0.2375, 1.33298, 111.791, 149998, 0.137906, 0.050542, 100008, -0.262907
0.2425, 1.33295, 111.789, 149998, 0.137906, 0.050542, 100008, -0.257907
0.2475, 1.33293, 111.789, 149998, 0.137906, 0.050542, 100008, -0.252907
0.2525, 1.33293, 111.789, 149998, 0.137906, 0.050542, 100008, -0.247907
0.2575, 1.33295, 111.79, 149998, 0.137906, 0.050542, 100008, -0.242907
0.2625, 1.33303, 111.792, 149997, 0.137906, 0.050542, 100008, -0.237907
0.2675, 1.33317, 111.795, 149996, 0.137906, 0.050542, 100008, -0.232907
0.2725, 1.3333, 111.797, 149995, 0.137906, 0.050542, 100008, -0.227907
0.2775, 1.33339, 111.799, 149994, 0.137906, 0.050542, 100008, -0.222907
0.2825, 1.33344, 111.799, 149994, 0.137906, 0.050542, 100008, -0.217907
0.2875, 1.33347, 111.799, 149994, 0.137906, 0.050542, 100008, -0.212907
0.2925, 1.33348, 111.799, 149994, 0.137906, 0.050542, 100008, -0.207907
0.2975, 1.33347, 111.799, 149994, 0.137906, 0.050542, 100008, -0.202907
0.3025, 1.33342, 111.798, 149994, 0.137906, 0.050542, 100008, -0.197907
0.3075, 1.33329, 111.797, 149994, 0.137906, 0.050542, 100008, -0.192907
0.3125, 1.33315, 111.797, 149994, 0.137906, 0.050542, 100008, -0.187907
0.3175, 1.33305, 111.797, 149994, 0.137906, 0.050542, 100008, -0.182907
0.3225, 1.333, 111.797, 149994, 0.137906, 0.050542, 100008, -0.177907
0.3275, 1.33298, 111.797, 149994, 0.137906, 0.050542, 100008, -0.172907
0.3325, 1.33298, 111.797, 149994, 0.137906, 0.050542, 100008, -0.167907
0.3375, 1.33301, 111.796, 149995, 0.137906, 0.050542, 100008, -0.162907
0.3425, 1.33312, 111.795, 149996, 0.137906, 0.050542, 100008, -0.157907
0.3475, 1.33329, 111.793, 149997, 0.137906, 0.050542, 100008, -0.152907
0.3525, 1.33344, 111.793, 149998, 0.137906, 0.050542, 100008, -0.147907
0.3575, 1.33353, 111.792, 149998, 0.137906, 0.050542, 100008, -0.142907
0.3625, 1.33358, 111.792, 149998, 0.137906, 0.050542, 100008, -0.137907
0.3675, 1.3336, 111.792, 149997, 0.137906, 0.050542, 100008, -0.132907
0.3725, 1.3336, 111.793, 149997, 0.137906, 0.050542, 100008, -0.127907
0.3775, 1.33359, 111.794, 149996, 0.137906, 0.050542, 100008, -0.122907
0.3825, 1.33351, 111.796, 149994, 0.137906, 0.050542, 100008, -0.117907
0.3875, 1.33333, 111.798, 149994, 0.137906, 0.050542, 100008, -0.112907
0.3925, 1.3331, 111.799, 149994, 0.137906, 0.050542, 100008, -0.107907
0.3975, 1.33293, 111.8, 149995, 0.137906, 0.050542, 100008, -0.102907
0.4025, 1.33285, 111.799, 149996, 0.137906, 0.050542, 100008, -0.0979068
0.4075, 1.33283, 111.798, 149996, 0.137906, 0.050542, 100008, -0.0929068
0.4125, 1.3329, 111.792, 149994, 0.137906, 0.050542, 100008, -0.0879068
0.4175, 1.333, 111.778, 149984, 0.137906, 0.050542, 100008, -0.0829067
0.4225, 1.33306, 111.723, 149953, 0.137906, 0.050542, 100008, -0.0779064
0.4275, 1.33271, 111.51, 149842, 0.137906, 0.050542, 100008, -0.0729052
0.4325, 1.33039, 110.783, 149456, 0.137906, 0.050542, 100008, -0.0679013
0.4375, 1.3206, 107.88, 147948, 0.137906, 0.050542, 100008, -0.0628842
0.4425, 1.28243, 96.5987, 142106, 0.137906, 0.050542, 100008, -0.0578268
0.4475, 1.20162, 71.3514, 129795, 0.137906, 0.050542, 100008, -0.0527244
0.4525, 1.11805, 43.095, 117200, 0.137906, 0.050542, 100008, -0.0476296
0.4575, 1.06208, 23.0212, 108910, 0.137906, 0.050542, 100008, -0.0425675
0.4625, 1.03044, 11.357, 104320, 0.137906, 0.050542, 100008, -0.0375329
0.4675, 1.01432, 5.35326, 102019, 0.137906, 0.050542, 100008, -0.0325156
0.4725, 1.00659, 2.46493, 100926, 0.137906, 0.050542, 100008, -0.0275074
0.4775, 1.003, 1.12195, 100420, 0.137906, 0.050542, 100008, -0.0225036
0.4825, 1.00135, 0.508214, 100190, 0.137906, 0.050542, 100008, -0.0175019
0.4875, 1.0006, 0.230097, 100084, 0.137906, 0.050542, 100008, -0.0125011
0.4925, 1.00025, 0.105291, 100035, 0.137906, 0.050542, 100008, -0.00750078
0.4975, 1.00009, 0.0576273, 100013, 0.137906, 0.0503523, 100008, -0.00250065
0.5025, 1.00005, 0.0495577, 100008, 0.137906, 0.0485819, 100007, 0.00249937
0.5075, 1.00005, 0.050542, 100008, 0.137904, 0.0349032, 100005, 0.00749941
0.5125, 1.00005, 0.050542, 100008, 0.137903, 0.0250237, 100004, 0.0124994
0.5175, 1.00005, 0.050542, 100008, 0.137902, 0.0178927, 100003, 0.0174995
0.5225, 1.00005, 0.050542, 100008, 0.137902, 0.0127501, 100002, 0.0224995
0.5275, 1.00005, 0.050542, 100008, 0.137901, 0.0090452, 100001, 0.0274995
0.5325, 1.00005, 0.050542, 100008, 0.137901, 0.00637919, 100001, 0.0324995
0.5375, 1.00005, 0.050542, 100008, 0.137901, 0.0044635, 100001, 0.0374995
0.5425, 1.00005, 0.050542, 100008, 0.1379, 0.00308923, 100000, 0.0424995
0.5475, 1.00005, 0.050542, 100008, 0.1379, 0.00210485, 100000, 0.0474995
0.5525, 1.00005, 0.050542, 100008, 0.1379, 0.0014001, 100000, 0.0524995
0.5575, 1.00005, 0.050542, 100008, 0.1379, 0.000895141, 100000, 0.0574995
0.5625, 1.00005, 0.050542, 100008, 0.1379, 0.000532541, 100000, 0.0624995
0.5675, 1.00005, 0.050542, 100008, 0.1379, 0.000271037, 100000, 0.0674995
0.5725, 1.00005, 0.050542, 100008, 0.1379, 8.09952e-05, 100000, 0.0724995
0.5775, 1.00005, 0.050542, 100008, 0.1379, -5.83291e-05, 100000, 0.0774995
0.5825, 1.00005, 0.050542, 100008, 0.1379, -0.000161013, 100000, 0.0824995
0.5875, 1.00005, 0.050542, 100008, 0.1379, -0.000236754, 100000, 0.0874995
0.5925, 1.00005, 0.050542, 100008, 0.1379, -0.000292584, 100000, 0.0924995
0.5975, 1.00005, 0.050542, 100008, 0.1379, -0.000333682, 99999.9, 0.0974995
0.6025, 1.00005, 0.050542, 100008, 0.1379, -0.000363719, 99999.9, 0.1025
0.6075, 1.00005, 0.050542, 100008, 0.1379, -0.00038525, 99999.9, 0.1075
0.6125, 1.00005, 0.050542, 100008, 0.1379, -0.000400222, 99999.9, 0.1125
0.6175, 1.00005, 0.050542, 100008, 0.1379, -0.000410328, 99999.9, 0.1175
0.6225, 1.00005, 0.050542, 100008, 0.1379, -0.000417054, 99999.9, 0.1225
0.6275, 1.00005, 0.050542, 100008, 0.1379, -0.000421562, 99999.9, 0.1275
0.6325, 1.00005, 0.050542, 100008, 0.1379, -0.000424628, 99999.9, 0.1325
0.6375, 1.00005, 0.050542, 100008, 0.1379, -0.000426726, 99999.9, 0.1375
0.6425, 1.00005, 0.050542, 100008, 0.1379, -0.000428144, 99999.9, 0.1425
0.6475, 1.00005, 0.050542, 100008, 0.1379, -0.000429072, 99999.9, 0.1475
0.6525, 1.00005, 0.050542, 100008, 0.1379, -0.00042965, 99999.9, 0.1525
0.6575, 1.00005, 0.050542, 100008, 0.1379, -0.000429986, 99999.9, 0.1575
0.6625, 1.00005, 0.050542, 100008, 0.1379, -0.000430163, 99999.9, 0.1625
0.6675, 1.00005, 0.050542, 100008, 0.1379, -0.000430245, 99999.9, 0.1675
0.6725, 1.00005, 0.050542, 100008, 0.1379, -0.000430275, 99999.9, 0.1725
0.6775, 1.00005, 0.050542, 100008, 0.1379, -0.000430282, 99999.9, 0.1775
0.6825, 1.00005, 0.050542, 100008, 0.1379, -0.00043028, 99999.9, 0.1825
0.6875, 1.00005, 0.050542, 100008, 0.1379, -0.000430263, 99999.9, 0.1875
0.6925, 1.00005, 0.050542, 100008, 0.1379, -0.000430241, 99999.9, 0.1925
0.6975, 1.00005, 0.050542, 100008, 0.1379, -0.000430224, 99999.9, 0.1975
0.7025, 1.00005, 0.050542, 100008, 0.1379, -0.000430209, 99999.9, 0.2025
0.7075, 1.00005, 0.050542, 100008, 0.1379, -0.000430197, 99999.9, 0.2075
0.7125, 1.00005, 0.050542, 100008, 0.1379, -0.000430187, 99999.9, 0.2125
0.7175, 1.00005, 0.050542, 100008, 0.1379, -0.00043018, 99999.9, 0.2175
0.7225, 1.00005, 0.050542, 100008, 0.1379, -0.000430174, 99999.9, 0.2225
0.7275, 1.00005, 0.050542, 100008, 0.1379, -0.00043017, 99999.9, 0.2275
0.7325, 1.00005, 0.050542, 100008, 0.1379, -0.000430167, 99999.9, 0.2325
0.7375, 1.00005, 0.050542, 100008, 0.1379, -0.000430165, 99999.9, 0.2375
0.7425, 1.00005, 0.050542, 100008, 0.1379, -0.000430163, 99999.9, 0.2425
0.7475, 1.00005, 0.050542, 100008, 0.1379, -0.000430162, 99999.9, 0.2475
0.7525, 1.00005, 0.050542, 100008, 0.1379, -0.000430161, 99999.9, 0.2525
0.7575, 1.00005, 0.050542, 100008, 0.1379, -0.000430161, 99999.9, 0.2575
0.7625, 1.00005, 0.050542, 100008, 0.1379, -0.000430161, 99999.9, 0.2625
0.7675, 1.00005, 0.050542, 100008, 0.1379, -0.000430161, 99999.9, 0.2675
0.7725, 1.00005, 0.050542, 100008, 0.1379, -0.00043016, 99999.9, 0.2725
0.7775, 1.00005, 0.050542, 100008, 0.1379, -0.00043016, 99999.9, 0.2775
0.7825, 1.00005, 0.050542, 100008, 0.1379, -0.00043016, 99999.9, 0.2825
0.7875, 1.00005, 0.050542, 100008, 0.1379, -0.00043016, 99999.9, 0.2875
0.7925, 1.00005, 0.050542, 100008, 0.1379, -0.00043016, 99999.9, 0.2925
0.7975, 1.00005, 0.050542, 100008, 0.1379, -0.00043016, 99999.9, 0.2975
0.8025, 1.00005, 0.050542, 100008, 0.1379, -0.00043016, 99999.9, 0.3025
0.8075, 1.00005, 0.050542, 100008, 0.1379, -0.00043016, 99999.9, 0.3075
0.8125, 1.00005, 0.050542, 100008, 0.1379, -0.00043016, 99999.9, 0.3125
0.8175, 1.00005, 0.050542, 100008, 0.1379, -0.00043016, 99999.9, 0.3175
0.8225, 1.00005, 0.050542, 100008, 0.1379, -0.00043016, 99999.9, 0.3225
0.8275, 1.00005, 0.050542, 100008, 0.1379, -0.00043016, 99999.9, 0.3275
0.8325, 1.00005, 0.050542, 100008, 0.1379, -0.00043016, 99999.9, 0.3325
0.8375, 1.00005, 0.050542, 100008, 0.1379, -0.00043016, 99999.9, 0.3375
0.8425, 1.00005, 0.050542, 100008, 0.1379, -0.00043016, 99999.9, 0.3425
0.8475, 1.00005, 0.050542, 100008, 0.1379, -0.00043016, 99999.9, 0.3475
0.8525, 1.00005, 0.050542, 100008, 0.1379, -0.00043016, 99999.9, 0.3525
0.8575, 1.00005, 0.050542, 100008, 0.1379, -0.00043016, 99999.9, 0.3575
0.8625, 1.00005, 0.050542, 100008, 0.1379, -0.00043016, 99999.9, 0.3625
0.8675, 1.00005, 0.050542, 100008, 0.1379, -0.00043016, 99999.9, 0.3675
0.8725, 1.00005, 0.050542, 100008, 0.1379, -0.00043016, 99999.9, 0.3725
0.8775, 1.00005, 0.050542, 100008, 0.1379, -0.00043016, 99999.9, 0.3775
0.8825, 1.00005, 0.050542, 100008, 0.1379, -0.00043016, 99999.9, 0.3825
0.8875, 1.00005, 0.050542, 100008, 0.1379, -0.00043016, 99999.9, 0.3875
0.8925, 1.00005, 0.050542, 100008, 0.1379, -0.00043016, 99999.9, 0.3925
0.8975, 1.00005, 0.050542, 100008, 0.1379, -0.00043016, 99999.9, 0.3975
0.9025, 1.00005, 0.050542, 100008, 0.1379, -0.00043016, 99999.9, 0.4025
0.9075, 1.00005, 0.050542, 100008, 0.1379, -0.00043016, 99999.9, 0.4075
0.9125, 1.00005, 0.050542, 100008, 0.1379, -0.00043016, 99999.9, 0.4125
0.9175, 1.00005, 0.050542, 100008, 0.1379, -0.00043016, 99999.9, 0.4175
0.9225, 1.00005, 0.050542, 100008, 0.1379, -0.00043016, 99999.9, 0.4225
0.9275, 1.00005, 0.050542, 100008, 0.1379, -0.00043016, 99999.9, 0.4275
0.9325, 1.00005, 0.050542, 100008, 0.1379, -0.00043016, 99999.9, 0.4325
0.9375, 1.00005, 0.050542, 100008, 0.1379, -0.000430161, 99999.9, 0.4375
0.9425, 1.00005, 0.050542, 100008, 0.1379, -0.000430161, 99999.9, 0.4425
0.9475, 1.00005, 0.050542, 100008, 0.1379, -0.000430161, 99999.9, 0.4475
0.9525, 1.00005, 0.050542, 100008, 0.1379, -0.000430161, 99999.9, 0.4525
0.9575, 1.00005, 0.050542, 100008, 0.1379, -0.000430161, 99999.9, 0.4575
0.9625, 1.00005, 0.050542, 100008, 0.1379, -0.000430161, 99999.9, 0.4625
0.9675, 1.00005, 0.050542, 100008, 0.1379, -0.000430161, 99999.9, 0.4675
0.9725, 1.00005, 0.050542, 100008, 0.1379, -0.000430161, 99999.9, 0.4725
0.9775, 1.00005, 0.050542, 100008, 0.1379, -0.00043016, 99999.9, 0.4775
0.9825, 1.00005, 0.050542, 100008, 0.1379, -0.00043016, 99999.9, 0.4825
0.9875, 1.00005, 0.050542, 100008, 0.1379, -0.00043016, 99999.9, 0.4875
0.9925, 1.00005, 0.050542, 100008, 0.1379, -0.00043016, 99999.9, 0.4925
0.9975, 1.00005, 0.050542, 100008, 0.1379, -0.00043016, 99999.9, 0.4975
