0.0025, 1.33273, 111.862, 149960, 0.1379, -0.000238512, 99999.9, -0.4975
0.0075, 1.33275, 111.856, 149963, 0.1379, -0.000238512, 99999.9, -0.492907
0.0125, 1.33278, 111.847, 149968, 0.1379, -0.000238512, 99999.9, -0.487907
0.0175, 1.33281, 111.84, 149972, 0.1379, -0.000238512, 99999.9, -0.482907
0.0225, 1.33284, 111.833, 149976, 0.1379, -0.000238512, 99999.9, -0.477906
0.0275, 1.33287, 111.827, 149979, 0.1379, -0.000238512, 99999.9, -0.472906
0.0325, 1.3329, 111.823, 149981, 0.1379, -0.000238512, 99999.9, -0.467906
0.0375, 1.33291, 111.821, 149982, 0.1379, -0.000238512, 99999.9, -0.462906
0.0425, 1.33291, 111.82, 149982, 0.1379, -0.000238512, 99999.9, -0.457906
0.0475, 1.33291, 111.819, 149983, 0.1379, -0.000238512, 99999.9, -0.452906
0.0525, 1.3329, 111.819, 149983, 0.1379, -0.000238512, 99999.9, -0.447906
0.0575, 1.33289, 111.82, 149982, 0.1379, -0.000238512, 99999.9, -0.442906
0.0625, 1.33286, 111.82, 149982, 0.1379, -0.000238512, 99999.9, -0.437906
0.0675, 1.33279, 111.82, 149982, 0.1379, -0.000238512, 99999.9, -0.432906
0.0725, 1.33259, 111.818, 149983, 0.1379, -0.000238512, 99999.9, -0.427906
0.0775, 1.3321, 111.815, 149985, 0.1379, -0.000238512, 99999.9, -0.422906
0.0825, 1.33135, 111.811, 149987, 0.1379, -0.000238512, 99999.9, -0.417906
0.0875, 1.33059, 111.809, 149989, 0.1379, -0.000238512, 99999.9, -0.412906
0.0925, 1.33003, 111.806, 149990, 0.1379, -0.000238512, 99999.9, -0.407906
0.0975, 1.3297, 111.804, 149992, 0.1379, -0.000238512, 99999.9, -0.402906
0.1025, 1.32956, 111.803, 149992, 0.1379, -0.000238512, 99999.9, -0.397906
0.1075, 1.32953, 111.802, 149992, 0.1379, -0.000238512, 99999.9, -0.392906
0.1125, 1.32961, 111.803, 149992, 0.1379, -0.000238512, 99999.9, -0.387906
0.1175, 1.33003, 111.806, 149990, 0.1379, -0.000238512, 99999.9, -0.382906
0.1225, 1.33089, 111.808, 149988, 0.1379, -0.000238512, 99999.9, -0.377906
0.1275, 1.33179, 111.809, 149987, 0.1379, -0.000238512, 99999.9, -0.372906
0.1325, 1.33249, 111.809, 149986, 0.1379, -0.000238512, 99999.9, -0.367906
0.1375, 1.33298, 111.809, 149987, 0.1379, -0.000238512, 99999.9, -0.362906
0.1425, 1.3333, 111.807, 149988, 0.1379, -0.000238512, 99999.9, -0.357906
0.1475, 1.33348, 111.806, 149989, 0.1379, -0.000238512, 99999.9, -0.352906
0.1525, 1.33357, 111.805, 149991, 0.1379, -0.000238512, 99999.9, -0.347906
0.1575, 1.3336, 111.806, 149992, 0.1379, -0.000238512, 99999.9, -0.342906
0.1625, 1.33359, 111.807, 149993, 0.1379, -0.000238512, 99999.9, -0.337906
0.1675, 1.33354, 111.809, 149993, 0.1379, -0.000238512, 99999.9, -0.332906
0.1725, 1.33335, 111.813, 149992, 0.1379, -0.000238512, 99999.9, -0.327906
0.1775, 1.333, 111.811, 149992, 0.1379, -0.000238512, 99999.9, -0.322906
0.1825, 1.33257, 111.792, 149990, 0.1379, -0.000238512, 99999.9, -0.317906
0.1875, 1.33205, 111.741, 149970, 0.1379, -0.000238512, 99999.9, -0.312906
0.1925, 1.33134, 111.581, 149884, 0.1379, -0.000238512, 99999.9, -0.307905
0.1975, 1.32983, 111.027, 149588, 0.1379, -0.000238512, 99999.9, -0.302902
0.2025, 1.32441, 108.993, 148535, 0.1379, -0.000238512, 99999.9, -0.29789
0.2075, 1.29527, 100.215, 143947, 0.1379, -0.000238512, 99999.9, -0.292843
0.2125, 1.21993, 77.2379, 132552, 0.1379, -0.000238512, 99999.9, -0.287746
0.2175, 1.13169, 47.8972, 119255, 0.1379, -0.000238512, 99999.9, -0.282644
0.2225, 1.06949, 25.7419, 110003, 0.1379, -0.000238512, 99999.9, -0.277575
0.2275, 1.03368, 12.5694, 104789, 0.1379, -0.000238512, 99999.9, -0.272536
0.2325, 1.01545, 5.77804, 102180, 0.1379, -0.000238512, 99999.9, -0.267516
0.2375, 1.00684, 2.55785, 100961, 0.1379, -0.000238512, 99999.9, -0.262507
0.2425, 1.00295, 1.10291, 100413, 0.1379, -0.000238512, 99999.9, -0.257503
0.2475, 1.00124, 0.465296, 100174, 0.1379, -0.000238512, 99999.9, -0.252501
0.2525, 1.00051, 0.192269, 100072, 0.1379, -0.000238512, 99999.9, -0.247501
0.2575, 1.00021, 0.0777825, 100029, 0.1379, -0.000238512, 99999.9, -0.2425
0.2625, 1.00008, 0.0307747, 100012, 0.1379, -0.000238512, 99999.9, -0.2375
0.2675, 1.00003, 0.0118938, 100004, 0.1379, -0.000238512, 99999.9, -0.2325
0.2725, 1.00001, 0.00448489, 100002, 0.1379, -0.000238512, 99999.9, -0.2275
0.2775, 1, 0.00164822, 100001, 0.1379, -0.000238512, 99999.9, -0.2225
0.2825, 1, 0.000589781, 100000, 0.1379, -0.000238512, 99999.9, -0.2175
0.2875, 1, 0.000205306, 100000, 0.1379, -0.000238512, 99999.9, -0.2125
0.2925, 1, 6.94724e-05, 100000, 0.1379, -0.000238512, 99999.9, -0.2075
0.2975, 1, 2.28361e-05, 100000, 0.1379, -0.000238512, 99999.9, -0.2025
0.3025, 1, 7.28707e-06, 100000, 0.1379, -0.000238512, 99999.9, -0.1975
0.3075, 1, 2.2561e-06, 100000, 0.1379, -0.000238512, 99999.9, -0.1925
0.3125, 1, 6.78807e-07, 100000, 0.1379, -0.000238512, 99999.9, -0.1875
0.3175, 1, 2.05506e-07, 100000, 0.1379, -0.000238512, 99999.9, -0.1825
0.3225, 1, 8.28401e-08, 100000, 0.1379, -0.000238512, 99999.9, -0.1775
0.3275, 1, 7.2066e-08, 100000, 0.1379, -0.000238512, 99999.9, -0.1725
0.3325, 1, 1.27002e-07, 100000, 0.1379, -0.000238512, 99999.9, -0.1675
0.3375, 1, 3.03985e-07, 100000, 0.1379, -0.000238512, 99999.9, -0.1625
0.3425, 1, 7.72144e-07, 100000, 0.1379, -0.000238512, 99999.9, -0.1575
0.3475, 1, 1.67078e-06, 100000, 0.1379, -0.000238512, 99999.9, -0.1525
0.3525, 1, 2.87945e-06, 100000, 0.1379, -0.000238512, 99999.9, -0.1475
0.3575, 1, 4.079e-06, 100000, 0.1379, -0.000238512, 99999.9, -0.1425
0.3625, 1, 5.06307e-06, 100000, 0.1379, -0.000238512, 99999.9, -0.1375
0.3675, 1, 5.79778e-06, 100000, 0.1379, -0.000238512, 99999.9, -0.1325
0.3725, 1, 6.30962e-06, 100000, 0.1379, -0.000238512, 99999.9, -0.1275
0.3775, 1, 6.64006e-06, 100000, 0.1379, -0.000238512, 99999.9, -0.1225
0.3825, 1, 6.83495e-06, 100000, 0.1379, -0.000238512, 99999.9, -0.1175
0.3875, 1, 6.93639e-06, 100000, 0.1379, -0.000238512, 99999.9, -0.1125
0.3925, 1, 6.97942e-06, 100000, 0.1379, -0.000238512, 99999.9, -0.1075
0.3975, 1, 6.99035e-06, 100000, 0.1379, -0.000238512, 99999.9, -0.1025
0.4025, 1, 6.98753e-06, 100000, 0.1379, -0.000238512, 99999.9, -0.0975
0.4075, 1, 6.96189e-06, 100000, 0.1379, -0.000238512, 99999.9, -0.0925
0.4125, 1, 6.91631e-06, 100000, 0.1379, -0.000238512, 99999.9, -0.0875
0.4175, 1, 6.87642e-06, 100000, 0.1379, -0.000238512, 99999.9, -0.0825
0.4225, 1, 6.85121e-06, 100000, 0.1379, -0.000238512, 99999.9, -0.0775
0.4275, 1, 6.83706e-06, 100000, 0.1379, -0.000238512, 99999.9, -0.0725
0.4325, 1, 6.83037e-06, 100000, 0.1379, -0.000238512, 99999.9, -0.0675
0.4375, 1, 6.82809e-06, 100000, 0.1379, -0.000238512, 99999.9, -0.0625
0.4425, 1, 6.82786e-06, 100000, 0.1379, -0.000238512, 99999.9, -0.0575
0.4475, 1, 6.82944e-06, 100000, 0.1379, -0.000238512, 99999.9, -0.0525
0.4525, 1, 6.8339e-06, 100000, 0.1379, -0.000238512, 99999.9, -0.0475
0.4575, 1, 6.83899e-06, 100000, 0.1379, -0.000238512, 99999.9, -0.0425
0.4625, 1, 6.84292e-06, 100000, 0.1379, -0.000238512, 99999.9, -0.0375
0.4675, 1, 6.8458e-06, 100000, 0.1379, -0.000238512, 99999.9, -0.0325
0.4725, 1, 6.84719e-06, 100000, 0.1379, -0.000238512, 99999.9, -0.0275
0.4775, 1, 6.84516e-06, 100000, 0.1379, -0.000238512, 99999.9, -0.0225
0.4825, 1, 6.81958e-06, 100000, 0.1379, -0.000238512, 99999.9, -0.0175
0.4875, 1, 6.54411e-06, 100000, 0.1379, -0.000238512, 99999.9, -0.0125
0.4925, 1, 3.67402e-06, 100000, 0.1379, -0.000238512, 99999.9, -0.00749998
0.4975, 1, -4.90144e-05, 100000, 0.1379, -0.000391831, 99999.9, -0.00249998
0.5025, 1, -0.000171775, 99999.9, 0.1379, -0.00042801, 99999.9, 0.00250002
0.5075, 0.999999, -0.000238512, 99999.9, 0.1379, -0.000430159, 99999.9, 0.00750002
0.5125, 0.999999, -0.000238512, 99999.9, 0.1379, -0.000430162, 99999.9, 0.0125
0.5175, 0.999999, -0.000238512, 99999.9, 0.1379, -0.000430162, 99999.9, 0.0175
0.5225, 0.999999, -0.000238512, 99999.9, 0.1379, -0.000430162, 99999.9, 0.0225
0.5275, 0.999999, -0.000238512, 99999.9, 0.1379, -0.000430162, 99999.9, 0.0275
0.5325, 0.999999, -0.000238512, 99999.9, 0.1379, -0.000430162, 99999.9, 0.0325
0.5375, 0.999999, -0.000238512, 99999.9, 0.1379, -0.000430162, 99999.9, 0.0375
0.5425, 0.999999, -0.000238512, 99999.9, 0.1379, -0.000430162, 99999.9, 0.0425
0.5475, 0.999999, -0.000238512, 99999.9, 0.1379, -0.000430161, 99999.9, 0.0475
0.5525, 0.999999, -0.000238512, 99999.9, 0.1379, -0.00043016, 99999.9, 0.0525
0.5575, 0.999999, -0.000238512, 99999.9, 0.1379, -0.00043016, 99999.9, 0.0575
0.5625, 0.999999, -0.000238512, 99999.9, 0.1379, -0.000430159, 99999.9, 0.0625
0.5675, 0.999999, -0.000238512, 99999.9, 0.1379, -0.000430157, 99999.9, 0.0675
0.5725, 0.999999, -0.000238512, 99999.9, 0.1379, -0.000430156, 99999.9, 0.0725
0.5775, 0.999999, -0.000238512, 99999.9, 0.1379, -0.000430155, 99999.9, 0.0775
0.5825, 0.999999, -0.000238512, 99999.9, 0.1379, -0.000430153, 99999.9, 0.0825
0.5875, 0.999999, -0.000238512, 99999.9, 0.1379, -0.000430152, 99999.9, 0.0875
0.5925, 0.999999, -0.000238512, 99999.9, 0.1379, -0.000430151, 99999.9, 0.0925
0.5975, 0.999999, -0.000238512, 99999.9, 0.1379, -0.00043015, 99999.9, 0.0975
0.6025, 0.999999, -0.000238512, 99999.9, 0.1379, -0.000430149, 99999.9, 0.1025
0.6075, 0.999999, -0.000238512, 99999.9, 0.1379, -0.000430148, 99999.9, 0.1075
0.6125, 0.999999, -0.000238512, 99999.9, 0.1379, -0.000430148, 99999.9, 0.1125
0.6175, 0.999999, -0.000238512, 99999.9, 0.1379, -0.000430148, 99999.9, 0.1175
0.6225, 0.999999, -0.000238512, 99999.9, 0.1379, -0.000430148, 99999.9, 0.1225
0.6275, 0.999999, -0.000238512, 99999.9, 0.1379, -0.000430148, 99999.9, 0.1275
0.6325, 0.999999, -0.000238512, 99999.9, 0.1379, -0.000430149, 99999.9, 0.1325
0.6375, 0.999999, -0.000238512, 99999.9, 0.1379, -0.00043015, 99999.9, 0.1375
0.6425, 0.999999, -0.000238512, 99999.9, 0.1379, -0.00043015, 99999.9, 0.1425
0.6475, 0.999999, -0.000238512, 99999.9, 0.1379, -0.000430152, 99999.9, 0.1475
0.6525, 0.999999, -0.000238512, 99999.9, 0.1379, -0.000430153, 99999.9, 0.1525
0.6575, 0.999999, -0.000238512, 99999.9, 0.1379, -0.000430155, 99999.9, 0.1575
0.6625, 0.999999, -0.000238512, 99999.9, 0.1379, -0.000430158, 99999.9, 0.1625
0.6675, 0.999999, -0.000238512, 99999.9, 0.1379, -0.000430162, 99999.9, 0.1675
0.6725, 0.999999, -0.000238512, 99999.9, 0.1379, -0.000430166, 99999.9, 0.1725
0.6775, 0.999999, -0.000238512, 99999.9, 0.1379, -0.000430171, 99999.9, 0.1775
0.6825, 0.999999, -0.000238512, 99999.9, 0.1379, -0.000430176, 99999.9, 0.1825
0.6875, 0.999999, -0.000238512, 99999.9, 0.1379, -0.00043018, 99999.9, 0.1875
0.6925, 0.999999, -0.000238512, 99999.9, 0.1379, -0.000430183, 99999.9, 0.1925
0.6975, 0.999999, -0.000238512, 99999.9, 0.1379, -0.000430186, 99999.9, 0.1975
0.7025, 0.999999, -0.000238512, 99999.9, 0.1379, -0.000430187, 99999.9, 0.2025
0.7075, 0.999999, -0.000238512, 99999.9, 0.1379, -0.000430187, 99999.9, 0.2075
0.7125, 0.999999, -0.000238512, 99999.9, 0.1379, -0.000430187, 99999.9, 0.2125
0.7175, 0.999999, -0.000238512, 99999.9, 0.1379, -0.000430185, 99999.9, 0.2175
0.7225, 0.999999, -0.000238512, 99999.9, 0.1379, -0.000430179, 99999.9, 0.2225
0.7275, 0.999999, -0.000238512, 99999.9, 0.1379, -0.000430169, 99999.9, 0.2275
0.7325, 0.999999, -0.000238512, 99999.9, 0.1379, -0.000430157, 99999.9, 0.2325
0.7375, 0.999999, -0.000238512, 99999.9, 0.1379, -0.000430141, 99999.9, 0.2375
0.7425, 0.999999, -0.000238512, 99999.9, 0.1379, -0.000430121, 99999.9, 0.2425
0.7475, 0.999999, -0.000238512, 99999.9, 0.1379, -0.000430098, 99999.9, 0.2475
0.7525, 0.999999, -0.000238512, 99999.9, 0.1379, -0.000430074, 99999.9, 0.2525
0.7575, 0.999999, -0.000238512, 99999.9, 0.1379, -0.00043005, 99999.9, 0.2575
0.7625, 0.999999, -0.000238512, 99999.9, 0.1379, -0.000430028, 99999.9, 0.2625
0.7675, 0.999999, -0.000238512, 99999.9, 0.1379, -0.000430007, 99999.9, 0.2675
0.7725, 0.999999, -0.000238512, 99999.9, 0.1379, -0.000429987, 99999.9, 0.2725
0.7775, 0.999999, -0.000238512, 99999.9, 0.1379, -0.000429965, 99999.9, 0.2775
0.7825, 0.999999, -0.000238512, 99999.9, 0.1379, -0.00042994, 99999.9, 0.2825
0.7875, 0.999999, -0.000238512, 99999.9, 0.1379, -0.00042991, 99999.9, 0.2875
0.7925, 0.999999, -0.000238512, 99999.9, 0.1379, -0.000429875, 99999.9, 0.2925
0.7975, 0.999999, -0.000238512, 99999.9, 0.1379, -0.000429844, 99999.9, 0.2975
0.8025, 0.999999, -0.000238512, 99999.9, 0.1379, -0.000429819, 99999.9, 0.3025
0.8075, 0.999999, -0.000238512, 99999.9, 0.1379, -0.000429804, 99999.9, 0.3075
0.8125, 0.999999, -0.000238512, 99999.9, 0.1379, -0.000429796, 99999.9, 0.3125
0.8175, 0.999999, -0.000238512, 99999.9, 0.1379, -0.000429795, 99999.9, 0.3175
0.8225, 0.999999, -0.000238512, 99999.9, 0.1379, -0.0004298, 99999.9, 0.3225
0.8275, 0.999999, -0.000238512, 99999.9, 0.1379, -0.000429831, 99999.9, 0.3275
0.8325, 0.999999, -0.000238512, 99999.9, 0.1379, -0.000429904, 99999.9, 0.3325
0.8375, 0.999999, -0.000238512, 99999.9, 0.1379, -0.000429975, 99999.9, 0.3375
0.8425, 0.999999, -0.000238512, 99999.9, 0.1379, -0.000430025, 99999.9, 0.3425
0.8475, 0.999999, -0.000238512, 99999.9, 0.1379, -0.000430055, 99999.9, 0.3475
0.8525, 0.999999, -0.000238512, 99999.9, 0.1379, -0.000430068, 99999.9, 0.3525
0.8575, 0.999999, -0.000238512, 99999.9, 0.1379, -0.00043007, 99999.9, 0.3575
0.8625, 0.999999, -0.000238512, 99999.9, 0.1379, -0.000430059, 99999.9, 0.3625
0.8675, 0.999999, -0.000238512, 99999.9, 0.1379, -0.00043, 99999.9, 0.3675
0.8725, 0.999999, -0.000238512, 99999.9, 0.1379, -0.000429784, 99999.9, 0.3725
0.8775, 0.999999, -0.000238512, 99999.9, 0.1379, -0.000429101, 99999.9, 0.3775
0.8825, 0.999999, -0.000238512, 99999.9, 0.1379, -0.000427047, 99999.9, 0.3825
0.8875, 0.999999, -0.000238512, 99999.9, 0.1379, -0.000420969, 99999.9, 0.3875
0.8925, 0.999999, -0.000238512, 99999.9, 0.1379, -0.000401575, 99999.9, 0.3925
0.8975, 0.999999, -0.000238512, 99999.9, 0.1379, -0.00034361, 99999.9, 0.3975
0.9025, 0.999999, -0.000238512, 99999.9, 0.1379, -0.000256071, 100000, 0.4025
0.9075, 0.999999, -0.000238512, 99999.9, 0.1379, -0.000173748, 100000, 0.4075
0.9125, 0.999999, -0.000238512, 99999.9, 0.1379, -0.000108929, 100000, 0.4125
0.9175, 0.999999, -0.000238512, 99999.9, 0.1379, -6.30067e-05, 100000, 0.4175
0.9225, 0.999999, -0.000238512, 99999.9, 0.1379, -3.35693e-05, 100000, 0.4225
0.9275, 0.999999, -0.000238512, 99999.9, 0.1379, -1.64425e-05, 100000, 0.4275
0.9325, 0.999999, -0.000238512, 99999.9, 0.1379, -7.38648e-06, 100000, 0.4325
0.9375, 0.999999, -0.000238512, 99999.9, 0.1379, -3.03467e-06, 100000, 0.4375
0.9425, 0.999999, -0.000238512, 99999.9, 0.1379, -1.13629e-06, 100000, 0.4425
0.9475, 0.999999, -0.000238512, 99999.9, 0.1379, -3.86153e-07, 100000, 0.4475
0.9525, 0.999999, -0.000238512, 99999.9, 0.1379, -1.18502e-07, 100000, 0.4525
0.9575, 0.999999, -0.000238512, 99999.9, 0.1379, -3.26378e-08, 100000, 0.4575
0.9625, 0.999999, -0.000238512, 99999.9, 0.1379, -8.00701e-09, 100000, 0.4625
0.9675, 0.999999, -0.000238512, 99999.9, 0.1379, -1.73341e-09, 100000, 0.4675
0.9725, 0.999999, -0.000238512, 99999.9, 0.1379, -3.27258e-10, 100000, 0.4725
0.9775, 0.999999, -0.000238512, 99999.9, 0.1379, -5.30855e-11, 100000, 0.4775
0.9825, 0.999999, -0.000238512, 99999.9, 0.1379, -7.28775e-12, 100000, 0.4825
0.9875, 0.999999, -0.000238512, 99999.9, 0.1379, -8.43844e-13, 100000, 0.4875
0.9925, 0.999999, -0.000238512, 99999.9, 0.1379, -3.83566e-13, 100000, 0.4925
0.9975, 0.999999, -0.000238512, 99999.9, 0.1379, -1.53426e-13, 100000, 0.4975
