0.0025, 1.33291, 111.806, 149990, 0.137967, 0.531429, 100081, -0.497506
0.0075, 1.33291, 111.805, 149990, 0.137967, 0.531429, 100081, -0.492912
0.0125, 1.33292, 111.804, 149991, 0.137967, 0.531429, 100081, -0.487912
0.0175, 1.33292, 111.802, 149992, 0.137967, 0.531429, 100081, -0.482912
0.0225, 1.33293, 111.8, 149993, 0.137967, 0.531429, 100081, -0.477912
0.0275, 1.33294, 111.798, 149994, 0.137967, 0.531429, 100081, -0.472912
0.0325, 1.33294, 111.796, 149995, 0.137967, 0.531429, 100081, -0.467912
0.0375, 1.33294, 111.795, 149995, 0.137967, 0.531429, 100081, -0.462912
0.0425, 1.33295, 111.795, 149996, 0.137967, 0.531429, 100081, -0.457912
0.0475, 1.33295, 111.795, 149996, 0.137967, 0.531429, 100081, -0.452912
0.0525, 1.33295, 111.795, 149996, 0.137967, 0.531429, 100081, -0.447912
0.0575, 1.33295, 111.795, 149995, 0.137967, 0.531429, 100081, -0.442912
0.0625, 1.33295, 111.797, 149995, 0.137967, 0.531429, 100081, -0.437912
0.0675, 1.33295, 111.798, 149994, 0.137967, 0.531429, 100081, -0.432912
0.0725, 1.33295, 111.8, 149993, 0.137967, 0.531429, 100081, -0.427912
0.0775, 1.33295, 111.8, 149993, 0.137967, 0.531429, 100081, -0.422912
0.0825, 1.33295, 111.801, 149992, 0.137967, 0.531429, 100081, -0.417912
0.0875, 1.33296, 111.801, 149992, 0.137967, 0.531429, 100081, -0.412912
0.0925, 1.33296, 111.801, 149992, 0.137967, 0.531429, 100081, -0.407912
0.0975, 1.33296, 111.801, 149993, 0.137967, 0.531429, 100081, -0.402912
0.1025, 1.33296, 111.8, 149993, 0.137967, 0.531429, 100081, -0.397912
0.1075, 1.33296, 111.798, 149994, 0.137967, 0.531429, 100081, -0.392912
0.1125, 1.33295, 111.797, 149995, 0.137967, 0.531429, 100081, -0.387912
0.1175, 1.33292, 111.795, 149996, 0.137967, 0.531429, 100081, -0.382912
0.1225, 1.3328, 111.793, 149996, 0.137967, 0.531429, 100081, -0.377912
0.1275, 1.33252, 111.792, 149997, 0.137967, 0.531429, 100081, -0.372912
0.1325, 1.33209, 111.792, 149997, 0.137967, 0.531429, 100081, -0.367912
0.1375, 1.33163, 111.792, 149997, 0.137967, 0.531429, 100081, -0.362912
0.1425, 1.33123, 111.793, 149996, 0.137967, 0.531429, 100081, -0.357912
0.1475, 1.33093, 111.794, 149995, 0.137967, 0.531429, 100081, -0.352912
0.1525, 1.33072, 111.796, 149995, 0.137967, 0.531429, 100081, -0.347912
0.1575, 1.3306, 111.798, 149994, 0.137967, 0.531429, 100081, -0.342912
0.1625, 1.33055, 111.799, 149993, 0.137967, 0.531429, 100081, -0.337912
0.1675, 1.33054, 111.8, 149993, 0.137967, 0.531429, 100081, -0.332912
0.1725, 1.33056, 111.801, 149992, 0.137967, 0.531429, 100081, -0.327912
0.1775, 1.33069, 111.801, 149992, 0.137967, 0.531429, 100081, -0.322912
0.1825, 1.33104, 111.801, 149993, 0.137967, 0.531429, 100081, -0.317912
0.1875, 1.33156, 111.8, 149993, 0.137967, 0.531429, 100081, -0.312912
0.1925, 1.33206, 111.8, 149993, 0.137967, 0.531429, 100081, -0.307912
0.1975, 1.33244, 111.799, 149994, 0.137967, 0.531429, 100081, -0.302912
0.2025, 1.33272, 111.799, 149994, 0.137967, 0.531429, 100081, -0.297912
0.2075, 1.33291, 111.798, 149994, 0.137967, 0.531429, 100081, -0.292912
0.2125, 1.33303, 111.797, 149995, 0.137967, 0.531429, 100081, -0.287912
0.2175, 1.33309, 111.795, 149995, 0.137967, 0.531429, 100081, -0.282912
0.2225, 1.33311, 111.793, 149996, 0.137967, 0.531429, 100081, -0.277912
0.2275, 1.33311, 111.791, 149998, 0.137967, 0.531429, 100081, -0.272912
0.2325, 1.33309, 111.79, 149998, 0.137967, 0.531429, 100081, -0.267912
0.2375, 1.33304, 111.789, 149998, 0.137967, 0.531429, 100081, -0.262912
0.2425, 1.33298, 111.789, 149998, 0.137967, 0.531429, 100081, -0.257912
0.2475, 1.33295, 111.79, 149998, 0.137967, 0.531429, 100081, -0.252912
0.2525, 1.33294, 111.792, 149997, 0.137967, 0.531429, 100081, -0.247912
0.2575, 1.33294, 111.794, 149996, 0.137967, 0.531429, 100081, -0.242912
0.2625, 1.33296, 111.796, 149994, 0.137967, 0.531429, 100081, -0.237912
0.2675, 1.33305, 111.798, 149994, 0.137967, 0.531429, 100081, -0.232912
0.2725, 1.33319, 111.799, 149994, 0.137967, 0.531429, 100081, -0.227912
0.2775, 1.33331, 111.799, 149994, 0.137967, 0.531429, 100081, -0.222912
0.2825, 1.3334, 111.799, 149994, 0.137967, 0.531429, 100081, -0.217912
0.2875, 1.33344, 111.798, 149994, 0.137967, 0.531429, 100081, -0.212912
0.2925, 1.33346, 111.798, 149994, 0.137967, 0.531429, 100081, -0.207912
0.2975, 1.33346, 111.798, 149994, 0.137967, 0.531429, 100081, -0.202912
0.3025, 1.33345, 111.798, 149994, 0.137967, 0.531429, 100081, -0.197912
0.3075, 1.33338, 111.798, 149994, 0.137967, 0.531429, 100081, -0.192912
0.3125, 1.33325, 111.798, 149994, 0.137967, 0.531429, 100081, -0.187912
0.3175, 1.33313, 111.798, 149994, 0.137967, 0.531429, 100081, -0.182912
0.3225, 1.33305, 111.797, 149994, 0.137967, 0.531429, 100081, -0.177912
0.3275, 1.33302, 111.796, 149995, 0.137967, 0.531429, 100081, -0.172912
0.3325, 1.333, 111.794, 149995, 0.137967, 0.531429, 100081, -0.167912
0.3375, 1.33301, 111.793, 149996, 0.137967, 0.531429, 100081, -0.162912
0.3425, 1.33306, 111.792, 149997, 0.137967, 0.531429, 100081, -0.157912
0.3475, 1.33319, 111.791, 149997, 0.137967, 0.531429, 100081, -0.152912
0.3525, 1.33334, 111.791, 149997, 0.137967, 0.531429, 100081, -0.147912
0.3575, 1.33346, 111.792, 149997, 0.137967, 0.531429, 100081, -0.142912
0.3625, 1.33353, 111.793, 149997, 0.137967, 0.531429, 100081, -0.137912
0.3675, 1.33356, 111.795, 149996, 0.137967, 0.531429, 100081, -0.132912
0.3725, 1.33358, 111.797, 149995, 0.137967, 0.531429, 100081, -0.127912
0.3775, 1.33357, 111.798, 149994, 0.137967, 0.531429, 100081, -0.122912
0.3825, 1.33355, 111.798, 149994, 0.137967, 0.531429, 100081, -0.117912
0.3875, 1.33344, 111.797, 149994, 0.137967, 0.531429, 100081, -0.112912
0.3925, 1.33324, 111.796, 149994, 0.137967, 0.531429, 100081, -0.107912
0.3975, 1.33305, 111.796, 149995, 0.137967, 0.531429, 100081, -0.102912
0.4025, 1.33294, 111.796, 149995, 0.137967, 0.531429, 100081, -0.0979117
0.4075, 1.33289, 111.796, 149996, 0.137967, 0.531429, 100081, -0.0929117
0.4125, 1.33289, 111.798, 149996, 0.137967, 0.531429, 100081, -0.0879117
0.4175, 1.33298, 111.799, 149996, 0.137967, 0.531429, 100081, -0.0829117
0.4225, 1.33314, 111.798, 149995, 0.137967, 0.531429, 100081, -0.0779117
0.4275, 1.3333, 111.793, 149991, 0.137967, 0.531429, 100081, -0.0729117
0.4325, 1.33339, 111.776, 149980, 0.137967, 0.531429, 100081, -0.0679116
0.4375, 1.33337, 111.712, 149951, 0.137967, 0.531429, 100081, -0.0629113
0.4425, 1.33271, 111.476, 149833, 0.137967, 0.531429, 100081, -0.05791
0.4475, 1.32987, 110.685, 149418, 0.137967, 0.531429, 100081, -0.0529057
0.4525, 1.31885, 107.447, 147722, 0.137967, 0.531429, 100081, -0.0478868
0.4575, 1.27761, 95.1859, 141380, 0.137967, 0.531429, 100081, -0.0428252
0.4625, 1.1947, 69.1001, 128746, 0.137967, 0.531429, 100081, -0.0377213
0.4675, 1.11278, 41.2463, 116415, 0.137967, 0.531429, 100081, -0.0326289
0.4725, 1.05896, 21.879, 108454, 0.137967, 0.531429, 100081, -0.0275691
0.4775, 1.0288, 10.7528, 104085, 0.137967, 0.531429, 100081, -0.0225363
0.4825, 1.01351, 5.06916, 101904, 0.137967, 0.531429, 100081, -0.01752
0.4875, 1.00613, 2.34582, 100861, 0.137967, 0.531429, 100081, -0.0125122
0.4925, 1.00258, 1.0886, 100362, 0.137967, 0.531429, 100081, -0.00750868
0.4975, 1.00098, 0.602168, 100137, 0.137967, 0.530904, 100081, -0.00250731
0.5025, 1.00058, 0.520539, 100081, 0.137964, 0.512972, 100078, 0.00249294
0.5075, 1.00058, 0.531429, 100081, 0.137947, 0.371487, 100056, 0.00749333
0.5125, 1.00058, 0.531429, 100081, 0.137934, 0.26882, 100041, 0.0124936
0.5175, 1.00058, 0.531429, 100081, 0.137924, 0.194373, 100030, 0.0174938
0.5225, 1.00058, 0.531429, 100081, 0.137918, 0.140422, 100021, 0.022494
0.5275, 1.00058, 0.531429, 100081, 0.137913, 0.101349, 100015, 0.0274941
0.5325, 1.00058, 0.531429, 100081, 0.137909, 0.0730653, 100011, 0.0324942
0.5375, 1.00058, 0.531429, 100081, 0.137907, 0.0526046, 100008, 0.0374942
0.5425, 1.00058, 0.531429, 100081, 0.137905, 0.0378122, 100006, 0.0424943
0.5475, 1.00058, 0.531429, 100081, 0.137903, 0.0271251, 100004, 0.0474943
0.5525, 1.00058, 0.531429, 100081, 0.137902, 0.0194096, 100003, 0.0524943
0.5575, 1.00058, 0.531429, 100081, 0.137902, 0.0138443, 100002, 0.0574943
0.5625, 1.00058, 0.531429, 100081, 0.137901, 0.00983374, 100001, 0.0624943
0.5675, 1.00058, 0.531429, 100081, 0.137901, 0.00694697, 100001, 0.0674944
0.5725, 1.00058, 0.531429, 100081, 0.137901, 0.00487199, 100001, 0.0724944
0.5775, 1.00058, 0.531429, 100081, 0.1379, 0.00338279, 100001, 0.0774944
0.5825, 1.00058, 0.531429, 100081, 0.1379, 0.00231548, 100000, 0.0824944
0.5875, 1.00058, 0.531429, 100081, 0.1379, 0.0015511, 100000, 0.0874944
0.5925, 1.00058, 0.531429, 100081, 0.1379, 0.00100346, 100000, 0.0924944
0.5975, 1.00058, 0.531429, 100081, 0.1379, 0.000610335, 100000, 0.0974944
0.6025, 1.00058, 0.531429, 100081, 0.1379, 0.000326928, 100000, 0.102494
0.6075, 1.00058, 0.531429, 100081, 0.1379, 0.000121292, 100000, 0.107494
0.6125, 1.00058, 0.531429, 100081, 0.1379, -2.89993e-05, 100000, 0.112494
0.6175, 1.00058, 0.531429, 100081, 0.1379, -0.000139464, 100000, 0.117494
0.6225, 1.00058, 0.531429, 100081, 0.1379, -0.000220899, 100000, 0.122494
0.6275, 1.00058, 0.531429, 100081, 0.1379, -0.000280973, 100000, 0.127494
0.6325, 1.00058, 0.531429, 100081, 0.1379, -0.000325196, 100000, 0.132494
0.6375, 1.00058, 0.531429, 100081, 0.1379, -0.000357493, 99999.9, 0.137494
0.6425, 1.00058, 0.531429, 100081, 0.1379, -0.000380687, 99999.9, 0.142494
0.6475, 1.00058, 0.531429, 100081, 0.1379, -0.000396943, 99999.9, 0.147494
0.6525, 1.00058, 0.531429, 100081, 0.1379, -0.000408057, 99999.9, 0.152494
0.6575, 1.00058, 0.531429, 100081, 0.1379, -0.000415536, 99999.9, 0.157494
0.6625, 1.00058, 0.531429, 100081, 0.1379, -0.000420559, 99999.9, 0.162494
0.6675, 1.00058, 0.531429, 100081, 0.1379, -0.00042396, 99999.9, 0.167494
0.6725, 1.00058, 0.531429, 100081, 0.1379, -0.000426273, 99999.9, 0.172494
0.6775, 1.00058, 0.531429, 100081, 0.1379, -0.000427835, 99999.9, 0.177494
0.6825, 1.00058, 0.531429, 100081, 0.1379, -0.000428864, 99999.9, 0.182494
0.6875, 1.00058, 0.531429, 100081, 0.1379, -0.000429515, 99999.9, 0.187494
0.6925, 1.00058, 0.531429, 100081, 0.1379, -0.000429902, 99999.9, 0.192494
0.6975, 1.00058, 0.531429, 100081, 0.1379, -0.000430115, 99999.9, 0.197494
0.7025, 1.00058, 0.531429, 100081, 0.1379, -0.00043022, 99999.9, 0.202494
0.7075, 1.00058, 0.531429, 100081, 0.1379, -0.000430264, 99999.9, 0.207494
0.7125, 1.00058, 0.531429, 100081, 0.1379, -0.000430277, 99999.9, 0.212494
0.7175, 1.00058, 0.531429, 100081, 0.1379, -0.000430278, 99999.9, 0.217494
0.7225, 1.00058, 0.531429, 100081, 0.1379, -0.000430269, 99999.9, 0.222494
0.7275, 1.00058, 0.531429, 100081, 0.1379, -0.000430246, 99999.9, 0.227494
0.7325, 1.00058, 0.531429, 100081, 0.1379, -0.000430227, 99999.9, 0.232494
0.7375, 1.00058, 0.531429, 100081, 0.1379, -0.000430212, 99999.9, 0.237494
0.7425, 1.00058, 0.531429, 100081, 0.1379, -0.000430199, 99999.9, 0.242494
0.7475, 1.00058, 0.531429, 100081, 0.1379, -0.000430189, 99999.9, 0.247494
0.7525, 1.00058, 0.531429, 100081, 0.1379, -0.000430181, 99999.9, 0.252494
0.7575, 1.00058, 0.531429, 100081, 0.1379, -0.000430175, 99999.9, 0.257494
0.7625, 1.00058, 0.531429, 100081, 0.1379, -0.000430171, 99999.9, 0.262494
0.7675, 1.00058, 0.531429, 100081, 0.1379, -0.000430168, 99999.9, 0.267494
0.7725, 1.00058, 0.531429, 100081, 0.1379, -0.000430165, 99999.9, 0.272494
0.7775, 1.00058, 0.531429, 100081, 0.1379, -0.000430164, 99999.9, 0.277494
0.7825, 1.00058, 0.531429, 100081, 0.1379, -0.000430162, 99999.9, 0.282494
0.7875, 1.00058, 0.531429, 100081, 0.1379, -0.000430162, 99999.9, 0.287494
0.7925, 1.00058, 0.531429, 100081, 0.1379, -0.000430161, 99999.9, 0.292494
0.7975, 1.00058, 0.531429, 100081, 0.1379, -0.000430161, 99999.9, 0.297494
0.8025, 1.00058, 0.531429, 100081, 0.1379, -0.000430161, 99999.9, 0.302494
0.8075, 1.00058, 0.531429, 100081, 0.1379, -0.00043016, 99999.9, 0.307494
0.8125, 1.00058, 0.531429, 100081, 0.1379, -0.00043016, 99999.9, 0.312494
0.8175, 1.00058, 0.531429, 100081, 0.1379, -0.00043016, 99999.9, 0.317494
0.8225, 1.00058, 0.531429, 100081, 0.1379, -0.00043016, 99999.9, 0.322494
0.8275, 1.00058, 0.531429, 100081, 0.1379, -0.00043016, 99999.9, 0.327494
0.8325, 1.00058, 0.531429, 100081, 0.1379, -0.00043016, 99999.9, 0.332494
0.8375, 1.00058, 0.531429, 100081, 0.1379, -0.00043016, 99999.9, 0.337494
0.8425, 1.00058, 0.531429, 100081, 0.1379, -0.00043016, 99999.9, 0.342494
0.8475, 1.00058, 0.531429, 100081, 0.1379, -0.00043016, 99999.9, 0.347494
0.8525, 1.00058, 0.531429, 100081, 0.1379, -0.00043016, 99999.9, 0.352494
0.8575, 1.00058, 0.531429, 100081, 0.1379, -0.00043016, 99999.9, 0.357494
0.8625, 1.00058, 0.531429, 100081, 0.1379, -0.00043016, 99999.9, 0.362494
0.8675, 1.00058, 0.531429, 100081, 0.1379, -0.00043016, 99999.9, 0.367494
0.8725, 1.00058, 0.531429, 100081, 0.1379, -0.00043016, 99999.9, 0.372494
0.8775, 1.00058, 0.531429, 100081, 0.1379, -0.00043016, 99999.9, 0.377494
0.8825, 1.00058, 0.531429, 100081, 0.1379, -0.00043016, 99999.9, 0.382494
0.8875, 1.00058, 0.531429, 100081, 0.1379, -0.00043016, 99999.9, 0.387494
0.8925, 1.00058, 0.531429, 100081, 0.1379, -0.00043016, 99999.9, 0.392494
0.8975, 1.00058, 0.531429, 100081, 0.1379, -0.00043016, 99999.9, 0.397494
0.9025, 1.00058, 0.531429, 100081, 0.1379, -0.00043016, 99999.9, 0.402494
0.9075, 1.00058, 0.531429, 100081, 0.1379, -0.00043016, 99999.9, 0.407494
0.9125, 1.00058, 0.531429, 100081, 0.1379, -0.00043016, 99999.9, 0.412494
0.9175, 1.00058, 0.531429, 100081, 0.1379, -0.00043016, 99999.9, 0.417494
0.9225, 1.00058, 0.531429, 100081, 0.1379, -0.00043016, 99999.9, 0.422494
0.9275, 1.00058, 0.531429, 100081, 0.1379, -0.00043016, 99999.9, 0.427494
0.9325, 1.00058, 0.531429, 100081, 0.1379, -0.00043016, 99999.9, 0.432494
0.9375, 1.00058, 0.531429, 100081, 0.1379, -0.00043016, 99999.9, 0.437494
0.9425, 1.00058, 0.531429, 100081, 0.1379, -0.00043016, 99999.9, 0.442494
0.9475, 1.00058, 0.531429, 100081, 0.1379, -0.00043016, 99999.9, 0.447494
0.9525, 1.00058, 0.531429, 100081, 0.1379, -0.00043016, 99999.9, 0.452494
0.9575, 1.00058, 0.531429, 100081, 0.1379, -0.00043016, 99999.9, 0.457494
0.9625, 1.00058, 0.531429, 100081, 0.1379, -0.00043016, 99999.9, 0.462494
0.9675, 1.00058, 0.531429, 100081, 0.1379, -0.00043016, 99999.9, 0.467494
0.9725, 1.00058, 0.531429, 100081, 0.1379, -0.00043016, 99999.9, 0.472494
0.9775, 1.00058, 0.531429, 100081, 0.1379, -0.000430161, 99999.9, 0.477494
0.9825, 1.00058, 0.531429, 100081, 0.1379, -0.000430161, 99999.9, 0.482494
0.9875, 1.00058, 0.531429, 100081, 0.1379, -0.000430161, 99999.9, 0.487494
0.9925, 1.00058, 0.531429, 100081, 0.1379, -0.000430161, 99999.9, 0.492494
0.9975, 1.00058, 0.531429, 100081, 0.1379, -0.000430161, 99999.9, 0.497494
