0.0025, 1.3324, 111.961, 149908, 0.1379, -0.000238499, 99999.9, -0.4975
0.0075, 1.33254, 111.92, 149929, 0.1379, -0.000238499, 99999.9, -0.492907
0.0125, 1.33266, 111.884, 149948, 0.1379, -0.000238499, 99999.9, -0.487907
0.0175, 1.33272, 111.869, 149957, 0.1379, -0.000238499, 99999.9, -0.482907
0.0225, 1.33276, 111.862, 149960, 0.1379, -0.000238499, 99999.9, -0.477907
0.0275, 1.33278, 111.858, 149962, 0.1379, -0.000238499, 99999.9, -0.472907
0.0325, 1.3328, 111.855, 149964, 0.1379, -0.000238499, 99999.9, -0.467907
0.0375, 1.33281, 111.852, 149965, 0.1379, -0.000238499, 99999.9, -0.462907
0.0425, 1.33283, 111.846, 149969, 0.1379, -0.000238499, 99999.9, -0.457907
0.0475, 1.33284, 111.837, 149973, 0.1379, -0.000238499, 99999.9, -0.452907
0.0525, 1.33284, 111.829, 149978, 0.1379, -0.000238499, 99999.9, -0.447906
0.0575, 1.33281, 111.823, 149982, 0.1379, -0.000238499, 99999.9, -0.442906
0.0625, 1.3327, 111.82, 149984, 0.1379, -0.000238499, 99999.9, -0.437906
0.0675, 1.33232, 111.819, 149984, 0.1379, -0.000238499, 99999.9, -0.432906
0.0725, 1.33151, 111.82, 149982, 0.1379, -0.000238499, 99999.9, -0.427906
0.0775, 1.33055, 111.82, 149981, 0.1379, -0.000238499, 99999.9, -0.422906
0.0825, 1.32978, 111.82, 149981, 0.1379, -0.000238499, 99999.9, -0.417906
0.0875, 1.32931, 111.82, 149981, 0.1379, -0.000238499, 99999.9, -0.412906
0.0925, 1.32912, 111.82, 149982, 0.1379, -0.000238499, 99999.9, -0.407906
0.0975, 1.3291, 111.819, 149982, 0.1379, -0.000238499, 99999.9, -0.402906
0.1025, 1.32926, 111.817, 149984, 0.1379, -0.000238499, 99999.9, -0.397906
0.1075, 1.3299, 111.814, 149986, 0.1379, -0.000238499, 99999.9, -0.392906
0.1125, 1.33097, 111.811, 149989, 0.1379, -0.000238499, 99999.9, -0.387906
0.1175, 1.33199, 111.81, 149992, 0.1379, -0.000238499, 99999.9, -0.382906
0.1225, 1.33274, 111.81, 149995, 0.1379, -0.000238499, 99999.9, -0.377906
0.1275, 1.33324, 111.808, 149996, 0.1379, -0.000238499, 99999.9, -0.372906
0.1325, 1.33353, 111.804, 149995, 0.1379, -0.000238499, 99999.9, -0.367906
0.1375, 1.33365, 111.8, 149990, 0.1379, -0.000238499, 99999.9, -0.362906
0.1425, 1.33367, 111.783, 149977, 0.1379, -0.000238499, 99999.9, -0.357906
0.1475, 1.33345, 111.714, 149939, 0.1379, -0.000238499, 99999.9, -0.352906
0.1525, 1.33226, 111.45, 149796, 0.1379, -0.000238499, 99999.9, -0.347904
0.1575, 1.32856, 110.53, 149309, 0.1379, -0.000238499, 99999.9, -0.342899
0.1625, 1.31482, 106.525, 147217, 0.1379, -0.000238499, 99999.9, -0.337876
0.1675, 1.26696, 92.1391, 139837, 0.1379, -0.000238499, 99999.9, -0.332806
0.1725, 1.17934, 64.1136, 126452, 0.1379, -0.000238499, 99999.9, -0.327697
0.1775, 1.09939, 36.5554, 114438, 0.1379, -0.000238499, 99999.9, -0.322607
0.1825, 1.04938, 18.3897, 107067, 0.1379, -0.000238499, 99999.9, -0.317552
0.1875, 1.02268, 8.48293, 103213, 0.1379, -0.000238499, 99999.9, -0.312524
0.1925, 1.00988, 3.69678, 101390, 0.1379, -0.000238499, 99999.9, -0.30751
0.1975, 1.00413, 1.54695, 100580, 0.1379, -0.000238499, 99999.9, -0.302504
0.2025, 1.00167, 0.625876, 100234, 0.1379, -0.000238499, 99999.9, -0.297502
0.2075, 1.00066, 0.245291, 100092, 0.1379, -0.000238499, 99999.9, -0.292501
0.2125, 1.00025, 0.0930922, 100035, 0.1379, -0.000238499, 99999.9, -0.2875
0.2175, 1.00009, 0.0341727, 100013, 0.1379, -0.000238499, 99999.9, -0.2825
0.2225, 1.00003, 0.0121165, 100005, 0.1379, -0.000238499, 99999.9, -0.2775
0.2275, 1.00001, 0.00414386, 100002, 0.1379, -0.000238499, 99999.9, -0.2725
0.2325, 1, 0.00136526, 100001, 0.1379, -0.000238499, 99999.9, -0.2675
0.2375, 1, 0.000432815, 100000, 0.1379, -0.000238499, 99999.9, -0.2625
0.2425, 1, 0.000131887, 100000, 0.1379, -0.000238499, 99999.9, -0.2575
0.2475, 1, 3.85913e-05, 100000, 0.1379, -0.000238499, 99999.9, -0.2525
0.2525, 1, 1.08332e-05, 100000, 0.1379, -0.000238499, 99999.9, -0.2475
0.2575, 1, 2.91481e-06, 100000, 0.1379, -0.000238499, 99999.9, -0.2425
0.2625, 1, 7.5105e-07, 100000, 0.1379, -0.000238499, 99999.9, -0.2375
0.2675, 1, 1.85159e-07, 100000, 0.1379, -0.000238499, 99999.9, -0.2325
0.2725, 1, 4.36364e-08, 100000, 0.1379, -0.000238499, 99999.9, -0.2275
0.2775, 1, 9.82141e-09, 100000, 0.1379, -0.000238499, 99999.9, -0.2225
0.2825, 1, 2.10913e-09, 100000, 0.1379, -0.000238499, 99999.9, -0.2175
0.2875, 1, 4.31718e-10, 100000, 0.1379, -0.000238499, 99999.9, -0.2125
0.2925, 1, 8.41433e-11, 100000, 0.1379, -0.000238499, 99999.9, -0.2075
0.2975, 1, 1.55507e-11, 100000, 0.1379, -0.000238499, 99999.9, -0.2025
0.3025, 1, 2.75047e-12, 100000, 0.1379, -0.000238499, 99999.9, -0.1975
0.3075, 1, 6.87618e-13, 100000, 0.1379, -0.000238499, 99999.9, -0.1925
0.3125, 1, 7.61669e-13, 100000, 0.1379, -0.000238499, 99999.9, -0.1875
0.3175, 1, 2.09459e-12, 100000, 0.1379, -0.000238499, 99999.9, -0.1825
0.3225, 1, 6.9185e-12, 100000, 0.1379, -0.000238499, 99999.9, -0.1775
0.3275, 1, 2.19086e-11, 100000, 0.1379, -0.000238499, 99999.9, -0.1725
0.3325, 1, 6.69528e-11, 100000, 0.1379, -0.000238499, 99999.9, -0.1675
0.3375, 1, 1.99134e-10, 100000, 0.1379, -0.000238499, 99999.9, -0.1625
0.3425, 1, 5.77493e-10, 100000, 0.1379, -0.000238499, 99999.9, -0.1575
0.3475, 1, 1.63531e-09, 100000, 0.1379, -0.000238499, 99999.9, -0.1525
0.3525, 1, 4.52809e-09, 100000, 0.1379, -0.000238499, 99999.9, -0.1475
0.3575, 1, 1.2278e-08, 100000, 0.1379, -0.000238499, 99999.9, -0.1425
0.3625, 1, 3.26631e-08, 100000, 0.1379, -0.000238499, 99999.9, -0.1375
0.3675, 1, 8.52591e-08, 100000, 0.1379, -0.000238499, 99999.9, -0.1325
0.3725, 1, 2.19513e-07, 100000, 0.1379, -0.000238499, 99999.9, -0.1275
0.3775, 1, 5.59196e-07, 100000, 0.1379, -0.000238499, 99999.9, -0.1225
0.3825, 1, 1.36297e-06, 100000, 0.1379, -0.000238499, 99999.9, -0.1175
0.3875, 1, 2.60731e-06, 100000, 0.1379, -0.000238499, 99999.9, -0.1125
0.3925, 1, 3.94801e-06, 100000, 0.1379, -0.000238499, 99999.9, -0.1075
0.3975, 1, 5.06784e-06, 100000, 0.1379, -0.000238499, 99999.9, -0.1025
0.4025, 1, 5.88219e-06, 100000, 0.1379, -0.000238499, 99999.9, -0.0975
0.4075, 1, 6.42604e-06, 100000, 0.1379, -0.000238499, 99999.9, -0.0925
0.4125, 1, 6.75603e-06, 100000, 0.1379, -0.000238499, 99999.9, -0.0875
0.4175, 1, 6.93386e-06, 100000, 0.1379, -0.000238499, 99999.9, -0.0825
0.4225, 1, 7.01396e-06, 100000, 0.1379, -0.000238499, 99999.9, -0.0775
0.4275, 1, 7.0393e-06, 100000, 0.1379, -0.000238499, 99999.9, -0.0725
0.4325, 1, 7.04034e-06, 100000, 0.1379, -0.000238499, 99999.9, -0.0675
0.4375, 1, 7.01737e-06, 100000, 0.1379, -0.000238499, 99999.9, -0.0625
0.4425, 1, 6.96369e-06, 100000, 0.1379, -0.000238499, 99999.9, -0.0575
0.4475, 1, 6.90807e-06, 100000, 0.1379, -0.000238499, 99999.9, -0.0525
0.4525, 1, 6.86877e-06, 100000, 0.1379, -0.000238499, 99999.9, -0.0475
0.4575, 1, 6.84312e-06, 100000, 0.1379, -0.000238499, 99999.9, -0.0425
0.4625, 1, 6.82787e-06, 100000, 0.1379, -0.000238499, 99999.9, -0.0375
0.4675, 1, 6.82137e-06, 100000, 0.1379, -0.000238499, 99999.9, -0.0325
0.4725, 1, 6.82039e-06, 100000, 0.1379, -0.000238499, 99999.9, -0.0275
0.4775, 1, 6.82096e-06, 100000, 0.1379, -0.000238499, 99999.9, -0.0225
0.4825, 1, 6.80501e-06, 100000, 0.1379, -0.000238499, 99999.9, -0.0175
0.4875, 1, 6.54413e-06, 100000, 0.1379, -0.000238499, 99999.9, -0.0125
0.4925, 1, 3.6848e-06, 100000, 0.1379, -0.000238499, 99999.9, -0.00749999
0.4975, 1, -4.9e-05, 100000, 0.1379, -0.000391819, 99999.9, -0.00249999
0.5025, 1, -0.000171761, 99999.9, 0.1379, -0.000427997, 99999.9, 0.00250001
0.5075, 0.999999, -0.0002385, 99999.9, 0.1379, -0.000430146, 99999.9, 0.00750001
0.5125, 0.999999, -0.000238499, 99999.9, 0.1379, -0.000430148, 99999.9, 0.0125
0.5175, 0.999999, -0.000238499, 99999.9, 0.1379, -0.000430148, 99999.9, 0.0175
0.5225, 0.999999, -0.000238499, 99999.9, 0.1379, -0.000430148, 99999.9, 0.0225
0.5275, 0.999999, -0.000238499, 99999.9, 0.1379, -0.000430149, 99999.9, 0.0275
0.5325, 0.999999, -0.000238499, 99999.9, 0.1379, -0.000430149, 99999.9, 0.0325
0.5375, 0.999999, -0.000238499, 99999.9, 0.1379, -0.00043015, 99999.9, 0.0375
0.5425, 0.999999, -0.000238499, 99999.9, 0.1379, -0.000430151, 99999.9, 0.0425
0.5475, 0.999999, -0.000238499, 99999.9, 0.1379, -0.000430153, 99999.9, 0.0475
0.5525, 0.999999, -0.000238499, 99999.9, 0.1379, -0.000430155, 99999.9, 0.0525
0.5575, 0.999999, -0.000238499, 99999.9, 0.1379, -0.000430157, 99999.9, 0.0575
0.5625, 0.999999, -0.000238499, 99999.9, 0.1379, -0.000430161, 99999.9, 0.0625
0.5675, 0.999999, -0.000238499, 99999.9, 0.1379, -0.000430165, 99999.9, 0.0675
0.5725, 0.999999, -0.000238499, 99999.9, 0.1379, -0.000430169, 99999.9, 0.0725
0.5775, 0.999999, -0.000238499, 99999.9, 0.1379, -0.000430174, 99999.9, 0.0775
0.5825, 0.999999, -0.000238499, 99999.9, 0.1379, -0.000430179, 99999.9, 0.0825
0.5875, 0.999999, -0.000238499, 99999.9, 0.1379, -0.000430183, 99999.9, 0.0875
0.5925, 0.999999, -0.000238499, 99999.9, 0.1379, -0.000430186, 99999.9, 0.0925
0.5975, 0.999999, -0.000238499, 99999.9, 0.1379, -0.000430187, 99999.9, 0.0975
0.6025, 0.999999, -0.000238499, 99999.9, 0.1379, -0.000430188, 99999.9, 0.1025
0.6075, 0.999999, -0.000238499, 99999.9, 0.1379, -0.000430188, 99999.9, 0.1075
0.6125, 0.999999, -0.000238499, 99999.9, 0.1379, -0.000430185, 99999.9, 0.1125
0.6175, 0.999999, -0.000238499, 99999.9, 0.1379, -0.000430179, 99999.9, 0.1175
0.6225, 0.999999, -0.000238499, 99999.9, 0.1379, -0.000430171, 99999.9, 0.1225
0.6275, 0.999999, -0.000238499, 99999.9, 0.1379, -0.00043016, 99999.9, 0.1275
0.6325, 0.999999, -0.000238499, 99999.9, 0.1379, -0.000430145, 99999.9, 0.1325
0.6375, 0.999999, -0.000238499, 99999.9, 0.1379, -0.000430127, 99999.9, 0.1375
0.6425, 0.999999, -0.000238499, 99999.9, 0.1379, -0.000430104, 99999.9, 0.1425
0.6475, 0.999999, -0.000238499, 99999.9, 0.1379, -0.000430079, 99999.9, 0.1475
0.6525, 0.999999, -0.000238499, 99999.9, 0.1379, -0.000430055, 99999.9, 0.1525
0.6575, 0.999999, -0.000238499, 99999.9, 0.1379, -0.000430031, 99999.9, 0.1575
0.6625, 0.999999, -0.000238499, 99999.9, 0.1379, -0.00043001, 99999.9, 0.1625
0.6675, 0.999999, -0.000238499, 99999.9, 0.1379, -0.000429989, 99999.9, 0.1675
0.6725, 0.999999, -0.000238499, 99999.9, 0.1379, -0.000429969, 99999.9, 0.1725
0.6775, 0.999999, -0.000238499, 99999.9, 0.1379, -0.000429947, 99999.9, 0.1775
0.6825, 0.999999, -0.000238499, 99999.9, 0.1379, -0.000429921, 99999.9, 0.1825
0.6875, 0.999999, -0.000238499, 99999.9, 0.1379, -0.000429888, 99999.9, 0.1875
0.6925, 0.999999, -0.000238499, 99999.9, 0.1379, -0.000429853, 99999.9, 0.1925
0.6975, 0.999999, -0.000238499, 99999.9, 0.1379, -0.000429824, 99999.9, 0.1975
0.7025, 0.999999, -0.000238499, 99999.9, 0.1379, -0.000429802, 99999.9, 0.2025
0.7075, 0.999999, -0.000238499, 99999.9, 0.1379, -0.000429791, 99999.9, 0.2075
0.7125, 0.999999, -0.000238499, 99999.9, 0.1379, -0.000429788, 99999.9, 0.2125
0.7175, 0.999999, -0.000238499, 99999.9, 0.1379, -0.000429789, 99999.9, 0.2175
0.7225, 0.999999, -0.000238499, 99999.9, 0.1379, -0.000429811, 99999.9, 0.2225
0.7275, 0.999999, -0.000238499, 99999.9, 0.1379, -0.000429879, 99999.9, 0.2275
0.7325, 0.999999, -0.000238499, 99999.9, 0.1379, -0.00042996, 99999.9, 0.2325
0.7375, 0.999999, -0.000238499, 99999.9, 0.1379, -0.000430022, 99999.9, 0.2375
0.7425, 0.999999, -0.000238499, 99999.9, 0.1379, -0.000430061, 99999.9, 0.2425
0.7475, 0.999999, -0.000238499, 99999.9, 0.1379, -0.000430079, 99999.9, 0.2475
0.7525, 0.999999, -0.000238499, 99999.9, 0.1379, -0.000430083, 99999.9, 0.2525
0.7575, 0.999999, -0.000238499, 99999.9, 0.1379, -0.000430075, 99999.9, 0.2575
0.7625, 0.999999, -0.000238499, 99999.9, 0.1379, -0.000430023, 99999.9, 0.2625
0.7675, 0.999999, -0.000238499, 99999.9, 0.1379, -0.000429833, 99999.9, 0.2675
0.7725, 0.999999, -0.000238499, 99999.9, 0.1379, -0.000429267, 99999.9, 0.2725
0.7775, 0.999999, -0.000238499, 99999.9, 0.1379, -0.000427701, 99999.9, 0.2775
0.7825, 0.999999, -0.000238499, 99999.9, 0.1379, -0.000423434, 99999.9, 0.2825
0.7875, 0.999999, -0.000238499, 99999.9, 0.1379, -0.000411049, 99999.9, 0.2875
0.7925, 0.999999, -0.000238499, 99999.9, 0.1379, -0.000371479, 99999.9, 0.2925
0.7975, 0.999999, -0.000238499, 99999.9, 0.1379, -0.000285703, 100000, 0.2975
0.8025, 0.999999, -0.000238499, 99999.9, 0.1379, -0.000191415, 100000, 0.3025
0.8075, 0.999999, -0.000238499, 99999.9, 0.1379, -0.000115929, 100000, 0.3075
0.8125, 0.999999, -0.000238499, 99999.9, 0.1379, -6.33641e-05, 100000, 0.3125
0.8175, 0.999999, -0.000238499, 99999.9, 0.1379, -3.11296e-05, 100000, 0.3175
0.8225, 0.999999, -0.000238499, 99999.9, 0.1379, -1.36811e-05, 100000, 0.3225
0.8275, 0.999999, -0.000238499, 99999.9, 0.1379, -5.34847e-06, 100000, 0.3275
0.8325, 0.999999, -0.000238499, 99999.9, 0.1379, -1.84696e-06, 100000, 0.3325
0.8375, 0.999999, -0.000238499, 99999.9, 0.1379, -5.58443e-07, 100000, 0.3375
0.8425, 0.999999, -0.000238499, 99999.9, 0.1379, -1.46186e-07, 100000, 0.3425
0.8475, 0.999999, -0.000238499, 99999.9, 0.1379, -3.26493e-08, 100000, 0.3475
0.8525, 0.999999, -0.000238499, 99999.9, 0.1379, -6.10053e-09, 100000, 0.3525
0.8575, 0.999999, -0.000238499, 99999.9, 0.1379, -9.27999e-10, 100000, 0.3575
0.8625, 0.999999, -0.000238499, 99999.9, 0.1379, -1.10237e-10, 100000, 0.3625
0.8675, 0.999999, -0.000238499, 99999.9, 0.1379, -9.58914e-12, 100000, 0.3675
0.8725, 0.999999, -0.000238499, 99999.9, 0.1379, -4.60279e-13, 100000, 0.3725
0.8775, 0.999999, -0.000238499, 99999.9, 0.1379, -2.30139e-13, 100000, 0.3775
0.8825, 0.999999, -0.000238499, 99999.9, 0.1379, 7.67131e-14, 100000, 0.3825
0.8875, 0.999999, -0.000238499, 99999.9, 0.1379, 0, 100000, 0.3875
0.8925, 0.999999, -0.000238499, 99999.9, 0.1379, 0, 100000, 0.3925
0.8975, 0.999999, -0.000238499, 99999.9, 0.1379, 0, 100000, 0.3975
0.9025, 0.999999, -0.000238499, 99999.9, 0.1379, 0, 100000, 0.4025
0.9075, 0.999999, -0.000238499, 99999.9, 0.1379, 0, 100000, 0.4075
0.9125, 0.999999, -0.000238499, 99999.9, 0.1379, 0, 100000, 0.4125
0.9175, 0.999999, -0.000238499, 99999.9, 0.1379, 0, 100000, 0.4175
0.9225, 0.999999, -0.000238499, 99999.9, 0.1379, 0, 100000, 0.4225
0.9275, 0.999999, -0.000238499, 99999.9, 0.1379, 0, 100000, 0.4275
0.9325, 0.999999, -0.000238499, 99999.9, 0.1379, 0, 100000, 0.4325
0.9375, 0.999999, -0.000238499, 99999.9, 0.1379, 0, 100000, 0.4375
0.9425, 0.999999, -0.000238499, 99999.9, 0.1379, 0, 100000, 0.4425
0.9475, 0.999999, -0.000238499, 99999.9, 0.1379, 0, 100000, 0.4475
0.9525, 0.999999, -0.000238499, 99999.9, 0.1379, 0, 100000, 0.4525
0.9575, 0.999999, -0.000238499, 99999.9, 0.1379, 0, 100000, 0.4575
0.9625, 0.999999, -0.000238499, 99999.9, 0.1379, 0, 100000, 0.4625
0.9675, 0.999999, -0.000238499, 99999.9, 0.1379, 0, 100000, 0.4675
0.9725, 0.999999, -0.000238499, 99999.9, 0.1379, 0, 100000, 0.4725
0.9775, 0.999999, -0.000238499, 99999.9, 0.1379, 0, 100000, 0.4775
0.9825, 0.999999, -0.000238499, 99999.9, 0.1379, 0, 100000, 0.4825
0.9875, 0.999999, -0.000238499, 99999.9, 0.1379, 0, 100000, 0.4875
0.9925, 0.999999, -0.000238499, 99999.9, 0.1379, 0, 100000, 0.4925
0.9975, 0.999999, -0.000238499, 99999.9, 0.1379, 0, 100000, 0.4975
