0.0025, 1.33298, 111.792, 149997, 0.1379, -0.000238154, 99999.9, -0.4975
0.0075, 1.33295, 111.803, 149991, 0.1379, -0.000238154, 99999.9, -0.492906
0.0125, 1.33283, 111.837, 149973, 0.1379, -0.000238154, 99999.9, -0.487906
0.0175, 1.33254, 111.922, 149929, 0.1379, -0.000238154, 99999.9, -0.482907
0.0225, 1.33217, 112.035, 149869, 0.1379, -0.000238154, 99999.9, -0.477907
0.0275, 1.33192, 112.123, 149822, 0.1379, -0.000238154, 99999.9, -0.472907
0.0325, 1.33181, 112.164, 149800, 0.1379, -0.000238154, 99999.9, -0.467908
0.0375, 1.33174, 112.172, 149795, 0.1379, -0.000238154, 99999.9, -0.462908
0.0425, 1.33175, 112.146, 149810, 0.1379, -0.000238154, 99999.9, -0.457908
0.0475, 1.33179, 112.057, 149858, 0.1379, -0.000238154, 99999.9, -0.452907
0.0525, 1.33165, 111.953, 149923, 0.1379, -0.000238154, 99999.9, -0.447907
0.0575, 1.33116, 111.886, 149969, 0.1379, -0.000238154, 99999.9, -0.442907
0.0625, 1.33009, 111.837, 149985, 0.1379, -0.000238154, 99999.9, -0.437906
0.0675, 1.32836, 111.769, 149966, 0.1379, -0.000238154, 99999.9, -0.432906
0.0725, 1.32608, 111.566, 149817, 0.1379, -0.000238154, 99999.9, -0.427905
0.0775, 1.32312, 110.724, 149324, 0.1379, -0.000238154, 99999.9, -0.4229
0.0825, 1.3116, 106.366, 147065, 0.1379, -0.000238154, 99999.9, -0.417875
0.0875, 1.259, 89.7962, 138615, 0.1379, -0.000238154, 99999.9, -0.412793
0.0925, 1.15942, 57.6257, 123494, 0.1379, -0.000238154, 99999.9, -0.40767
0.0975, 1.07648, 28.4911, 111101, 0.1379, -0.000238154, 99999.9, -0.402578
0.1025, 1.03122, 11.7272, 104458, 0.1379, -0.000238154, 99999.9, -0.39753
0.1075, 1.01108, 4.16149, 101565, 0.1379, -0.000238154, 99999.9, -0.39251
0.1125, 1.00348, 1.30661, 100490, 0.1379, -0.000238154, 99999.9, -0.387503
0.1175, 1.00098, 0.365989, 100137, 0.1379, -0.000238154, 99999.9, -0.382501
0.1225, 1.00024, 0.091343, 100034, 0.1379, -0.000238154, 99999.9, -0.3775
0.1275, 1.00005, 0.0201927, 100008, 0.1379, -0.000238154, 99999.9, -0.3725
0.1325, 1.00001, 0.00392145, 100001, 0.1379, -0.000238154, 99999.9, -0.3675
0.1375, 1, 0.000662312, 100000, 0.1379, -0.000238154, 99999.9, -0.3625
0.1425, 1, 9.60994e-05, 100000, 0.1379, -0.000238154, 99999.9, -0.3575
0.1475, 1, 1.17958e-05, 100000, 0.1379, -0.000238154, 99999.9, -0.3525
0.1525, 1, 1.20039e-06, 100000, 0.1379, -0.000238154, 99999.9, -0.3475
0.1575, 1, 9.84991e-08, 100000, 0.1379, -0.000238154, 99999.9, -0.3425
0.1625, 1, 6.25481e-09, 100000, 0.1379, -0.000238154, 99999.9, -0.3375
0.1675, 1, 2.868e-10, 100000, 0.1379, -0.000238154, 99999.9, -0.3325
0.1725, 1, 8.061e-12, 100000, 0.1379, -0.000238154, 99999.9, -0.3275
0.1775, 1, -1.05787e-14, 100000, 0.1379, -0.000238154, 99999.9, -0.3225
0.1825, 1, -2.11575e-14, 100000, 0.1379, -0.000238154, 99999.9, -0.3175
0.1875, 1, 0, 100000, 0.1379, -0.000238154, 99999.9, -0.3125
0.1925, 1, 0, 100000, 0.1379, -0.000238154, 99999.9, -0.3075
0.1975, 1, 0, 100000, 0.1379, -0.000238154, 99999.9, -0.3025
0.2025, 1, 0, 100000, 0.1379, -0.000238154, 99999.9, -0.2975
0.2075, 1, 0, 100000, 0.1379, -0.000238154, 99999.9, -0.2925
0.2125, 1, 0, 100000, 0.1379, -0.000238154, 99999.9, -0.2875
0.2175, 1, 0, 100000, 0.1379, -0.000238154, 99999.9, -0.2825
0.2225, 1, 0, 100000, 0.1379, -0.000238154, 99999.9, -0.2775
0.2275, 1, 0, 100000, 0.1379, -0.000238154, 99999.9, -0.2725
0.2325, 1, 0, 100000, 0.1379, -0.000238154, 99999.9, -0.2675
0.2375, 1, 0, 100000, 0.1379, -0.000238154, 99999.9, -0.2625
0.2425, 1, 0, 100000, 0.1379, -0.000238154, 99999.9, -0.2575
0.2475, 1, 0, 100000, 0.1379, -0.000238154, 99999.9, -0.2525
0.2525, 1, 0, 100000, 0.1379, -0.000238154, 99999.9, -0.2475
0.2575, 1, 0, 100000, 0.1379, -0.000238154, 99999.9, -0.2425
0.2625, 1, 0, 100000, 0.1379, -0.000238154, 99999.9, -0.2375
0.2675, 1, 0, 100000, 0.1379, -0.000238154, 99999.9, -0.2325
0.2725, 1, 0, 100000, 0.1379, -0.000238154, 99999.9, -0.2275
0.2775, 1, 0, 100000, 0.1379, -0.000238154, 99999.9, -0.2225
0.2825, 1, 0, 100000, 0.1379, -0.000238154, 99999.9, -0.2175
0.2875, 1, 0, 100000, 0.1379, -0.000238154, 99999.9, -0.2125
0.2925, 1, 0, 100000, 0.1379, -0.000238154, 99999.9, -0.2075
0.2975, 1, 0, 100000, 0.1379, -0.000238154, 99999.9, -0.2025
0.3025, 1, 0, 100000, 0.1379, -0.000238154, 99999.9, -0.1975
0.3075, 1, 0, 100000, 0.1379, -0.000238154, 99999.9, -0.1925
0.3125, 1, 0, 100000, 0.1379, -0.000238154, 99999.9, -0.1875
0.3175, 1, 0, 100000, 0.1379, -0.000238154, 99999.9, -0.1825
0.3225, 1, 0, 100000, 0.1379, -0.000238154, 99999.9, -0.1775
0.3275, 1, 0, 100000, 0.1379, -0.000238154, 99999.9, -0.1725
0.3325, 1, 0, 100000, 0.1379, -0.000238154, 99999.9, -0.1675
0.3375, 1, 0, 100000, 0.1379, -0.000238154, 99999.9, -0.1625
0.3425, 1, 0, 100000, 0.1379, -0.000238154, 99999.9, -0.1575
0.3475, 1, 0, 100000, 0.1379, -0.000238154, 99999.9, -0.1525
0.3525, 1, 0, 100000, 0.1379, -0.000238154, 99999.9, -0.1475
0.3575, 1, 0, 100000, 0.1379, -0.000238154, 99999.9, -0.1425
0.3625, 1, 0, 100000, 0.1379, -0.000238154, 99999.9, -0.1375
0.3675, 1, 0, 100000, 0.1379, -0.000238154, 99999.9, -0.1325
0.3725, 1, 0, 100000, 0.1379, -0.000238154, 99999.9, -0.1275
0.3775, 1, 0, 100000, 0.1379, -0.000238154, 99999.9, -0.1225
0.3825, 1, 0, 100000, 0.1379, -0.000238154, 99999.9, -0.1175
0.3875, 1, 0, 100000, 0.1379, -0.000238154, 99999.9, -0.1125
0.3925, 1, 0, 100000, 0.1379, -0.000238154, 99999.9, -0.1075
0.3975, 1, 4.2315e-14, 100000, 0.1379, -0.000238154, 99999.9, -0.1025
0.4025, 1, 3.80835e-13, 100000, 0.1379, -0.000238154, 99999.9, -0.0975
0.4075, 1, 3.0361e-12, 100000, 0.1379, -0.000238154, 99999.9, -0.0925
0.4125, 1, 1.92533e-11, 100000, 0.1379, -0.000238154, 99999.9, -0.0875
0.4175, 1, 1.07364e-10, 100000, 0.1379, -0.000238154, 99999.9, -0.0825
0.4225, 1, 5.31021e-10, 100000, 0.1379, -0.000238154, 99999.9, -0.0775
0.4275, 1, 2.35386e-09, 100000, 0.1379, -0.000238154, 99999.9, -0.0725
0.4325, 1, 9.43639e-09, 100000, 0.1379, -0.000238154, 99999.9, -0.0675
0.4375, 1, 3.44992e-08, 100000, 0.1379, -0.000238154, 99999.9, -0.0625
0.4425, 1, 1.16125e-07, 100000, 0.1379, -0.000238154, 99999.9, -0.0575
0.4475, 1, 3.61129e-07, 100000, 0.1379, -0.000238154, 99999.9, -0.0525
0.4525, 1, 1.08647e-06, 100000, 0.1379, -0.000238154, 99999.9, -0.0475
0.4575, 1, 2.61258e-06, 100000, 0.1379, -0.000238154, 99999.9, -0.0425
0.4625, 1, 4.41348e-06, 100000, 0.1379, -0.000238154, 99999.9, -0.0375
0.4675, 1, 5.77356e-06, 100000, 0.1379, -0.000238154, 99999.9, -0.0325
0.4725, 1, 6.60362e-06, 100000, 0.1379, -0.000238154, 99999.9, -0.0275
0.4775, 1, 7.10313e-06, 100000, 0.1379, -0.000238154, 99999.9, -0.0225
0.4825, 1, 7.33734e-06, 100000, 0.1379, -0.000238154, 99999.9, -0.0175
0.4875, 1, 7.1262e-06, 100000, 0.1379, -0.000238154, 99999.9, -0.0125
0.4925, 1, 4.18835e-06, 100000, 0.1379, -0.000238154, 99999.9, -0.0075
0.4975, 1, -4.86655e-05, 100000, 0.1379, -0.000391473, 99999.9, -0.0025
0.5025, 1, -0.000171433, 99999.9, 0.1379, -0.000427647, 99999.9, 0.00250001
0.5075, 0.999999, -0.000238154, 99999.9, 0.1379, -0.00042977, 99999.9, 0.00750001
0.5125, 0.999999, -0.000238154, 99999.9, 0.1379, -0.000429767, 99999.9, 0.0125
0.5175, 0.999999, -0.000238154, 99999.9, 0.1379, -0.000429778, 99999.9, 0.0175
0.5225, 0.999999, -0.000238154, 99999.9, 0.1379, -0.000429811, 99999.9, 0.0225
0.5275, 0.999999, -0.000238154, 99999.9, 0.1379, -0.000429863, 99999.9, 0.0275
0.5325, 0.999999, -0.000238154, 99999.9, 0.1379, -0.000429932, 99999.9, 0.0325
0.5375, 0.999999, -0.000238154, 99999.9, 0.1379, -0.000430014, 99999.9, 0.0375
0.5425, 0.999999, -0.000238154, 99999.9, 0.1379, -0.000430084, 99999.9, 0.0425
0.5475, 0.999999, -0.000238154, 99999.9, 0.1379, -0.000430122, 99999.9, 0.0475
0.5525, 0.999999, -0.000238154, 99999.9, 0.1379, -0.000430129, 99999.9, 0.0525
0.5575, 0.999999, -0.000238154, 99999.9, 0.1379, -0.000430087, 99999.9, 0.0575
0.5625, 0.999999, -0.000238154, 99999.9, 0.1379, -0.00042988, 99999.9, 0.0625
0.5675, 0.999999, -0.000238154, 99999.9, 0.1379, -0.000429458, 99999.9, 0.0675
0.5725, 0.999999, -0.000238154, 99999.9, 0.1379, -0.000428743, 99999.9, 0.0725
0.5775, 0.999999, -0.000238154, 99999.9, 0.1379, -0.000427325, 99999.9, 0.0775
0.5825, 0.999999, -0.000238154, 99999.9, 0.1379, -0.000424303, 99999.9, 0.0825
0.5875, 0.999999, -0.000238154, 99999.9, 0.1379, -0.000417202, 99999.9, 0.0875
0.5925, 0.999999, -0.000238154, 99999.9, 0.1379, -0.00039697, 99999.9, 0.0925
0.5975, 0.999999, -0.000238154, 99999.9, 0.1379, -0.00033012, 99999.9, 0.0975
0.6025, 0.999999, -0.000238154, 99999.9, 0.1379, -0.000204895, 100000, 0.1025
0.6075, 0.999999, -0.000238154, 99999.9, 0.1379, -9.74221e-05, 100000, 0.1075
0.6125, 0.999999, -0.000238154, 99999.9, 0.1379, -3.50555e-05, 100000, 0.1125
0.6175, 0.999999, -0.000238154, 99999.9, 0.1379, -8.96779e-06, 100000, 0.1175
0.6225, 0.999999, -0.000238154, 99999.9, 0.1379, -1.45385e-06, 100000, 0.1225
0.6275, 0.999999, -0.000238154, 99999.9, 0.1379, -1.12344e-07, 100000, 0.1275
0.6325, 0.999999, -0.000238154, 99999.9, 0.1379, 1.30412e-12, 100000, 0.1325
0.6375, 0.999999, -0.000238154, 99999.9, 0.1379, 0, 100000, 0.1375
0.6425, 0.999999, -0.000238154, 99999.9, 0.1379, 0, 100000, 0.1425
0.6475, 0.999999, -0.000238154, 99999.9, 0.1379, 0, 100000, 0.1475
0.6525, 0.999999, -0.000238154, 99999.9, 0.1379, 0, 100000, 0.1525
0.6575, 0.999999, -0.000238154, 99999.9, 0.1379, 0, 100000, 0.1575
0.6625, 0.999999, -0.000238154, 99999.9, 0.1379, 0, 100000, 0.1625
0.6675, 0.999999, -0.000238154, 99999.9, 0.1379, 0, 100000, 0.1675
0.6725, 0.999999, -0.000238154, 99999.9, 0.1379, 0, 100000, 0.1725
0.6775, 0.999999, -0.000238154, 99999.9, 0.1379, 0, 100000, 0.1775
0.6825, 0.999999, -0.000238154, 99999.9, 0.1379, 0, 100000, 0.1825
0.6875, 0.999999, -0.000238154, 99999.9, 0.1379, 0, 100000, 0.1875
0.6925, 0.999999, -0.000238154, 99999.9, 0.1379, 0, 100000, 0.1925
0.6975, 0.999999, -0.000238154, 99999.9, 0.1379, 0, 100000, 0.1975
0.7025, 0.999999, -0.000238154, 99999.9, 0.1379, 0, 100000, 0.2025
0.7075, 0.999999, -0.000238154, 99999.9, 0.1379, 0, 100000, 0.2075
0.7125, 0.999999, -0.000238154, 99999.9, 0.1379, 0, 100000, 0.2125
0.7175, 0.999999, -0.000238154, 99999.9, 0.1379, 0, 100000, 0.2175
0.7225, 0.999999, -0.000238154, 99999.9, 0.1379, 0, 100000, 0.2225
0.7275, 0.999999, -0.000238154, 99999.9, 0.1379, 0, 100000, 0.2275
0.7325, 0.999999, -0.000238154, 99999.9, 0.1379, 0, 100000, 0.2325
0.7375, 0.999999, -0.000238154, 99999.9, 0.1379, 0, 100000, 0.2375
0.7425, 0.999999, -0.000238154, 99999.9, 0.1379, 0, 100000, 0.2425
0.7475, 0.999999, -0.000238154, 99999.9, 0.1379, 0, 100000, 0.2475
0.7525, 0.999999, -0.000238154, 99999.9, 0.1379, 0, 100000, 0.2525
0.7575, 0.999999, -0.000238154, 99999.9, 0.1379, 0, 100000, 0.2575
0.7625, 0.999999, -0.000238154, 99999.9, 0.1379, 0, 100000, 0.2625
0.7675, 0.999999, -0.000238154, 99999.9, 0.1379, 0, 100000, 0.2675
0.7725, 0.999999, -0.000238154, 99999.9, 0.1379, 0, 100000, 0.2725
0.7775, 0.999999, -0.000238154, 99999.9, 0.1379, 0, 100000, 0.2775
0.7825, 0.999999, -0.000238154, 99999.9, 0.1379, 0, 100000, 0.2825
0.7875, 0.999999, -0.000238154, 99999.9, 0.1379, 0, 100000, 0.2875
0.7925, 0.999999, -0.000238154, 99999.9, 0.1379, 0, 100000, 0.2925
0.7975, 0.999999, -0.000238154, 99999.9, 0.1379, 0, 100000, 0.2975
0.8025, 0.999999, -0.000238154, 99999.9, 0.1379, 0, 100000, 0.3025
0.8075, 0.999999, -0.000238154, 99999.9, 0.1379, 0, 100000, 0.3075
0.8125, 0.999999, -0.000238154, 99999.9, 0.1379, 0, 100000, 0.3125
0.8175, 0.999999, -0.000238154, 99999.9, 0.1379, 0, 100000, 0.3175
0.8225, 0.999999, -0.000238154, 99999.9, 0.1379, 0, 100000, 0.3225
0.8275, 0.999999, -0.000238154, 99999.9, 0.1379, 0, 100000, 0.3275
0.8325, 0.999999, -0.000238154, 99999.9, 0.1379, 0, 100000, 0.3325
0.8375, 0.999999, -0.000238154, 99999.9, 0.1379, 0, 100000, 0.3375
0.8425, 0.999999, -0.000238154, 99999.9, 0.1379, 0, 100000, 0.3425
0.8475, 0.999999, -0.000238154, 99999.9, 0.1379, 0, 100000, 0.3475
0.8525, 0.999999, -0.000238154, 99999.9, 0.1379, 0, 100000, 0.3525
0.8575, 0.999999, -0.000238154, 99999.9, 0.1379, 0, 100000, 0.3575
0.8625, 0.999999, -0.000238154, 99999.9, 0.1379, 0, 100000, 0.3625
0.8675, 0.999999, -0.000238154, 99999.9, 0.1379, 0, 100000, 0.3675
0.8725, 0.999999, -0.000238154, 99999.9, 0.1379, 0, 100000, 0.3725
0.8775, 0.999999, -0.000238154, 99999.9, 0.1379, 0, 100000, 0.3775
0.8825, 0.999999, -0.000238154, 99999.9, 0.1379, 0, 100000, 0.3825
0.8875, 0.999999, -0.000238154, 99999.9, 0.1379, 0, 100000, 0.3875
0.8925, 0.999999, -0.000238154, 99999.9, 0.1379, 0, 100000, 0.3925
0.8975, 0.999999, -0.000238154, 99999.9, 0.1379, 0, 100000, 0.3975
0.9025, 0.999999, -0.000238154, 99999.9, 0.1379, 0, 100000, 0.4025
0.9075, 0.999999, -0.000238154, 99999.9, 0.1379, 0, 100000, 0.4075
0.9125, 0.999999, -0.000238154, 99999.9, 0.1379, 0, 100000, 0.4125
0.9175, 0.999999, -0.000238154, 99999.9, 0.1379, 0, 100000, 0.4175
0.9225, 0.999999, -0.000238154, 99999.9, 0.1379, 0, 100000, 0.4225
0.9275, 0.999999, -0.000238154, 99999.9, 0.1379, 0, 100000, 0.4275
0.9325, 0.999999, -0.000238154, 99999.9, 0.1379, 0, 100000, 0.4325
0.9375, 0.999999, -0.000238154, 99999.9, 0.1379, 0, 100000, 0.4375
0.9425, 0.999999, -0.000238154, 99999.9, 0.1379, 0, 100000, 0.4425
0.9475, 0.999999, -0.000238154, 99999.9, 0.1379, 0, 100000, 0.4475
0.9525, 0.999999, -0.000238154, 99999.9, 0.1379, 0, 100000, 0.4525
0.9575, 0.999999, -0.000238154, 99999.9, 0.1379, 0, 100000, 0.4575
0.9625, 0.999999, -0.000238154, 99999.9, 0.1379, 0, 100000, 0.4625
0.9675, 0.999999, -0.000238154, 99999.9, 0.1379, 0, 100000, 0.4675
0.9725, 0.999999, -0.000238154, 99999.9, 0.1379, 0, 100000, 0.4725
0.9775, 0.999999, -0.000238154, 99999.9, 0.1379, 0, 100000, 0.4775
0.9825, 0.999999, -0.000238154, 99999.9, 0.1379, 0, 100000, 0.4825
0.9875, 0.999999, -0.000238154, 99999.9, 0.1379, 0, 100000, 0.4875
0.9925, 0.999999, -0.000238154, 99999.9, 0.1379, 0, 100000, 0.4925
0.9975, 0.999999, -0.000238154, 99999.9, 0.1379, 0, 100000, 0.4975
