0.0025, 1.333, 111.788, 149999, 0.1379, -0.000238155, 99999.9, -0.4975
0.0075, 1.33299, 111.791, 149998, 0.1379, -0.000238155, 99999.9, -0.492906
0.0125, 1.33295, 111.801, 149993, 0.1379, -0.000238155, 99999.9, -0.487906
0.0175, 1.33285, 111.829, 149977, 0.1379, -0.000238155, 99999.9, -0.482906
0.0225, 1.33259, 111.907, 149936, 0.1379, -0.000238155, 99999.9, -0.477907
0.0275, 1.33223, 112.025, 149874, 0.1379, -0.000238155, 99999.9, -0.472907
0.0325, 1.33194, 112.127, 149820, 0.1379, -0.000238155, 99999.9, -0.467907
0.0375, 1.33174, 112.178, 149792, 0.1379, -0.000238155, 99999.9, -0.462908
0.0425, 1.33155, 112.191, 149785, 0.1379, -0.000238155, 99999.9, -0.457908
0.0475, 1.33135, 112.163, 149806, 0.1379, -0.000238155, 99999.9, -0.452908
0.0525, 1.331, 112.068, 149867, 0.1379, -0.000238155, 99999.9, -0.447907
0.0575, 1.33025, 111.928, 149927, 0.1379, -0.000238155, 99999.9, -0.442907
0.0625, 1.32851, 111.692, 149920, 0.1379, -0.000238155, 99999.9, -0.437906
0.0675, 1.3251, 111.224, 149676, 0.1379, -0.000238155, 99999.9, -0.432903
0.0725, 1.31861, 109.318, 148610, 0.1379, -0.000238155, 99999.9, -0.42789
0.0775, 1.28677, 99.0593, 143271, 0.1379, -0.000238155, 99999.9, -0.422835
0.0825, 1.19906, 71.1137, 129613, 0.1379, -0.000238155, 99999.9, -0.417717
0.0875, 1.10094, 37.4753, 114794, 0.1379, -0.000238155, 99999.9, -0.412604
0.0925, 1.04147, 15.6011, 105962, 0.1379, -0.000238155, 99999.9, -0.40754
0.0975, 1.01432, 5.39049, 102031, 0.1379, -0.000238155, 99999.9, -0.402513
0.1025, 1.00424, 1.59331, 100597, 0.1379, -0.000238155, 99999.9, -0.397504
0.1075, 1.00109, 0.407432, 100153, 0.1379, -0.000238155, 99999.9, -0.392501
0.1125, 1.00024, 0.0898392, 100034, 0.1379, -0.000238155, 99999.9, -0.3875
0.1175, 1.00005, 0.0168997, 100006, 0.1379, -0.000238155, 99999.9, -0.3825
0.1225, 1.00001, 0.00267068, 100001, 0.1379, -0.000238155, 99999.9, -0.3775
0.1275, 1, 0.000347423, 100000, 0.1379, -0.000238155, 99999.9, -0.3725
0.1325, 1, 3.61881e-05, 100000, 0.1379, -0.000238155, 99999.9, -0.3675
0.1375, 1, 2.89896e-06, 100000, 0.1379, -0.000238155, 99999.9, -0.3625
0.1425, 1, 1.67447e-07, 100000, 0.1379, -0.000238155, 99999.9, -0.3575
0.1475, 1, 6.16902e-09, 100000, 0.1379, -0.000238155, 99999.9, -0.3525
0.1525, 1, 9.91439e-11, 100000, 0.1379, -0.000238155, 99999.9, -0.3475
0.1575, 1, -2.96205e-12, 100000, 0.1379, -0.000238155, 99999.9, -0.3425
0.1625, 1, 0, 100000, 0.1379, -0.000238155, 99999.9, -0.3375
0.1675, 1, 0, 100000, 0.1379, -0.000238155, 99999.9, -0.3325
0.1725, 1, 0, 100000, 0.1379, -0.000238155, 99999.9, -0.3275
0.1775, 1, 0, 100000, 0.1379, -0.000238155, 99999.9, -0.3225
0.1825, 1, 0, 100000, 0.1379, -0.000238155, 99999.9, -0.3175
0.1875, 1, 0, 100000, 0.1379, -0.000238155, 99999.9, -0.3125
0.1925, 1, 0, 100000, 0.1379, -0.000238155, 99999.9, -0.3075
0.1975, 1, 0, 100000, 0.1379, -0.000238155, 99999.9, -0.3025
0.2025, 1, 0, 100000, 0.1379, -0.000238155, 99999.9, -0.2975
0.2075, 1, 0, 100000, 0.1379, -0.000238155, 99999.9, -0.2925
0.2125, 1, 0, 100000, 0.1379, -0.000238155, 99999.9, -0.2875
0.2175, 1, 0, 100000, 0.1379, -0.000238155, 99999.9, -0.2825
0.2225, 1, 0, 100000, 0.1379, -0.000238155, 99999.9, -0.2775
0.2275, 1, 0, 100000, 0.1379, -0.000238155, 99999.9, -0.2725
0.2325, 1, 0, 100000, 0.1379, -0.000238155, 99999.9, -0.2675
0.2375, 1, 0, 100000, 0.1379, -0.000238155, 99999.9, -0.2625
0.2425, 1, 0, 100000, 0.1379, -0.000238155, 99999.9, -0.2575
0.2475, 1, 0, 100000, 0.1379, -0.000238155, 99999.9, -0.2525
0.2525, 1, 0, 100000, 0.1379, -0.000238155, 99999.9, -0.2475
0.2575, 1, 0, 100000, 0.1379, -0.000238155, 99999.9, -0.2425
0.2625, 1, 0, 100000, 0.1379, -0.000238155, 99999.9, -0.2375
0.2675, 1, 0, 100000, 0.1379, -0.000238155, 99999.9, -0.2325
0.2725, 1, 0, 100000, 0.1379, -0.000238155, 99999.9, -0.2275
0.2775, 1, 0, 100000, 0.1379, -0.000238155, 99999.9, -0.2225
0.2825, 1, 0, 100000, 0.1379, -0.000238155, 99999.9, -0.2175
0.2875, 1, 0, 100000, 0.1379, -0.000238155, 99999.9, -0.2125
0.2925, 1, 0, 100000, 0.1379, -0.000238155, 99999.9, -0.2075
0.2975, 1, 0, 100000, 0.1379, -0.000238155, 99999.9, -0.2025
0.3025, 1, 0, 100000, 0.1379, -0.000238155, 99999.9, -0.1975
0.3075, 1, 0, 100000, 0.1379, -0.000238155, 99999.9, -0.1925
0.3125, 1, 0, 100000, 0.1379, -0.000238155, 99999.9, -0.1875
0.3175, 1, 0, 100000, 0.1379, -0.000238155, 99999.9, -0.1825
0.3225, 1, 0, 100000, 0.1379, -0.000238155, 99999.9, -0.1775
0.3275, 1, 0, 100000, 0.1379, -0.000238155, 99999.9, -0.1725
0.3325, 1, 0, 100000, 0.1379, -0.000238155, 99999.9, -0.1675
0.3375, 1, 0, 100000, 0.1379, -0.000238155, 99999.9, -0.1625
0.3425, 1, 0, 100000, 0.1379, -0.000238155, 99999.9, -0.1575
0.3475, 1, 0, 100000, 0.1379, -0.000238155, 99999.9, -0.1525
0.3525, 1, 0, 100000, 0.1379, -0.000238155, 99999.9, -0.1475
0.3575, 1, 0, 100000, 0.1379, -0.000238155, 99999.9, -0.1425
0.3625, 1, 0, 100000, 0.1379, -0.000238155, 99999.9, -0.1375
0.3675, 1, 0, 100000, 0.1379, -0.000238155, 99999.9, -0.1325
0.3725, 1, 0, 100000, 0.1379, -0.000238155, 99999.9, -0.1275
0.3775, 1, 0, 100000, 0.1379, -0.000238155, 99999.9, -0.1225
0.3825, 1, 0, 100000, 0.1379, -0.000238155, 99999.9, -0.1175
0.3875, 1, 0, 100000, 0.1379, -0.000238155, 99999.9, -0.1125
0.3925, 1, 0, 100000, 0.1379, -0.000238155, 99999.9, -0.1075
0.3975, 1, 0, 100000, 0.1379, -0.000238155, 99999.9, -0.1025
0.4025, 1, 0, 100000, 0.1379, -0.000238155, 99999.9, -0.0975
0.4075, 1, 0, 100000, 0.1379, -0.000238155, 99999.9, -0.0925
0.4125, 1, 1.6926e-13, 100000, 0.1379, -0.000238155, 99999.9, -0.0875
0.4175, 1, 1.77723e-12, 100000, 0.1379, -0.000238155, 99999.9, -0.0825
0.4225, 1, 1.53921e-11, 100000, 0.1379, -0.000238155, 99999.9, -0.0775
0.4275, 1, 1.08189e-10, 100000, 0.1379, -0.000238155, 99999.9, -0.0725
0.4325, 1, 6.39971e-10, 100000, 0.1379, -0.000238155, 99999.9, -0.0675
0.4375, 1, 3.25075e-09, 100000, 0.1379, -0.000238155, 99999.9, -0.0625
0.4425, 1, 1.44213e-08, 100000, 0.1379, -0.000238155, 99999.9, -0.0575
0.4475, 1, 5.66178e-08, 100000, 0.1379, -0.000238155, 99999.9, -0.0525
0.4525, 1, 1.99896e-07, 100000, 0.1379, -0.000238155, 99999.9, -0.0475
0.4575, 1, 6.37312e-07, 100000, 0.1379, -0.000238155, 99999.9, -0.0425
0.4625, 1, 1.8681e-06, 100000, 0.1379, -0.000238155, 99999.9, -0.0375
0.4675, 1, 3.71818e-06, 100000, 0.1379, -0.000238155, 99999.9, -0.0325
0.4725, 1, 5.38209e-06, 100000, 0.1379, -0.000238155, 99999.9, -0.0275
0.4775, 1, 6.58735e-06, 100000, 0.1379, -0.000238155, 99999.9, -0.0225
0.4825, 1, 7.27934e-06, 100000, 0.1379, -0.000238155, 99999.9, -0.0175
0.4875, 1, 7.30592e-06, 100000, 0.1379, -0.000238155, 99999.9, -0.0125
0.4925, 1, 4.42075e-06, 100000, 0.1379, -0.000238155, 99999.9, -0.0075
0.4975, 1, -4.86017e-05, 100000, 0.1379, -0.000391474, 99999.9, -0.0025
0.5025, 1, -0.000171466, 99999.9, 0.1379, -0.000427658, 99999.9, 0.0025
0.5075, 0.999999, -0.000238155, 99999.9, 0.1379, -0.000429866, 99999.9, 0.0075
0.5125, 0.999999, -0.000238155, 99999.9, 0.1379, -0.000429929, 99999.9, 0.0125
0.5175, 0.999999, -0.000238155, 99999.9, 0.1379, -0.000430007, 99999.9, 0.0175
0.5225, 0.999999, -0.000238155, 99999.9, 0.1379, -0.000430084, 99999.9, 0.0225
0.5275, 0.999999, -0.000238155, 99999.9, 0.1379, -0.000430131, 99999.9, 0.0275
0.5325, 0.999999, -0.000238155, 99999.9, 0.1379, -0.000430139, 99999.9, 0.0325
0.5375, 0.999999, -0.000238155, 99999.9, 0.1379, -0.000430082, 99999.9, 0.0375
0.5425, 0.999999, -0.000238155, 99999.9, 0.1379, -0.000429839, 99999.9, 0.0425
0.5475, 0.999999, -0.000238155, 99999.9, 0.1379, -0.000429414, 99999.9, 0.0475
0.5525, 0.999999, -0.000238155, 99999.9, 0.1379, -0.000428677, 99999.9, 0.0525
0.5575, 0.999999, -0.000238155, 99999.9, 0.1379, -0.000427249, 99999.9, 0.0575
0.5625, 0.999999, -0.000238155, 99999.9, 0.1379, -0.000424292, 99999.9, 0.0625
0.5675, 0.999999, -0.000238155, 99999.9, 0.1379, -0.000417548, 99999.9, 0.0675
0.5725, 0.999999, -0.000238155, 99999.9, 0.1379, -0.000399079, 99999.9, 0.0725
0.5775, 0.999999, -0.000238155, 99999.9, 0.1379, -0.000338204, 99999.9, 0.0775
0.5825, 0.999999, -0.000238155, 99999.9, 0.1379, -0.000208787, 100000, 0.0825
0.5875, 0.999999, -0.000238155, 99999.9, 0.1379, -9.31202e-05, 100000, 0.0875
0.5925, 0.999999, -0.000238155, 99999.9, 0.1379, -2.93347e-05, 100000, 0.0925
0.5975, 0.999999, -0.000238155, 99999.9, 0.1379, -5.815e-06, 100000, 0.0975
0.6025, 0.999999, -0.000238155, 99999.9, 0.1379, -5.45656e-07, 100000, 0.1025
0.6075, 0.999999, -0.000238155, 99999.9, 0.1379, 4.0658e-12, 100000, 0.1075
0.6125, 0.999999, -0.000238155, 99999.9, 0.1379, 0, 100000, 0.1125
0.6175, 0.999999, -0.000238155, 99999.9, 0.1379, 0, 100000, 0.1175
0.6225, 0.999999, -0.000238155, 99999.9, 0.1379, 0, 100000, 0.1225
0.6275, 0.999999, -0.000238155, 99999.9, 0.1379, 0, 100000, 0.1275
0.6325, 0.999999, -0.000238155, 99999.9, 0.1379, 0, 100000, 0.1325
0.6375, 0.999999, -0.000238155, 99999.9, 0.1379, 0, 100000, 0.1375
0.6425, 0.999999, -0.000238155, 99999.9, 0.1379, 0, 100000, 0.1425
0.6475, 0.999999, -0.000238155, 99999.9, 0.1379, 0, 100000, 0.1475
0.6525, 0.999999, -0.000238155, 99999.9, 0.1379, 0, 100000, 0.1525
0.6575, 0.999999, -0.000238155, 99999.9, 0.1379, 0, 100000, 0.1575
0.6625, 0.999999, -0.000238155, 99999.9, 0.1379, 0, 100000, 0.1625
0.6675, 0.999999, -0.000238155, 99999.9, 0.1379, 0, 100000, 0.1675
0.6725, 0.999999, -0.000238155, 99999.9, 0.1379, 0, 100000, 0.1725
0.6775, 0.999999, -0.000238155, 99999.9, 0.1379, 0, 100000, 0.1775
0.6825, 0.999999, -0.000238155, 99999.9, 0.1379, 0, 100000, 0.1825
0.6875, 0.999999, -0.000238155, 99999.9, 0.1379, 0, 100000, 0.1875
0.6925, 0.999999, -0.000238155, 99999.9, 0.1379, 0, 100000, 0.1925
0.6975, 0.999999, -0.000238155, 99999.9, 0.1379, 0, 100000, 0.1975
0.7025, 0.999999, -0.000238155, 99999.9, 0.1379, 0, 100000, 0.2025
0.7075, 0.999999, -0.000238155, 99999.9, 0.1379, 0, 100000, 0.2075
0.7125, 0.999999, -0.000238155, 99999.9, 0.1379, 0, 100000, 0.2125
0.7175, 0.999999, -0.000238155, 99999.9, 0.1379, 0, 100000, 0.2175
0.7225, 0.999999, -0.000238155, 99999.9, 0.1379, 0, 100000, 0.2225
0.7275, 0.999999, -0.000238155, 99999.9, 0.1379, 0, 100000, 0.2275
0.7325, 0.999999, -0.000238155, 99999.9, 0.1379, 0, 100000, 0.2325
0.7375, 0.999999, -0.000238155, 99999.9, 0.1379, 0, 100000, 0.2375
0.7425, 0.999999, -0.000238155, 99999.9, 0.1379, 0, 100000, 0.2425
0.7475, 0.999999, -0.000238155, 99999.9, 0.1379, 0, 100000, 0.2475
0.7525, 0.999999, -0.000238155, 99999.9, 0.1379, 0, 100000, 0.2525
0.7575, 0.999999, -0.000238155, 99999.9, 0.1379, 0, 100000, 0.2575
0.7625, 0.999999, -0.000238155, 99999.9, 0.1379, 0, 100000, 0.2625
0.7675, 0.999999, -0.000238155, 99999.9, 0.1379, 0, 100000, 0.2675
0.7725, 0.999999, -0.000238155, 99999.9, 0.1379, 0, 100000, 0.2725
0.7775, 0.999999, -0.000238155, 99999.9, 0.1379, 0, 100000, 0.2775
0.7825, 0.999999, -0.000238155, 99999.9, 0.1379, 0, 100000, 0.2825
0.7875, 0.999999, -0.000238155, 99999.9, 0.1379, 0, 100000, 0.2875
0.7925, 0.999999, -0.000238155, 99999.9, 0.1379, 0, 100000, 0.2925
0.7975, 0.999999, -0.000238155, 99999.9, 0.1379, 0, 100000, 0.2975
0.8025, 0.999999, -0.000238155, 99999.9, 0.1379, 0, 100000, 0.3025
0.8075, 0.999999, -0.000238155, 99999.9, 0.1379, 0, 100000, 0.3075
0.8125, 0.999999, -0.000238155, 99999.9, 0.1379, 0, 100000, 0.3125
0.8175, 0.999999, -0.000238155, 99999.9, 0.1379, 0, 100000, 0.3175
0.8225, 0.999999, -0.000238155, 99999.9, 0.1379, 0, 100000, 0.3225
0.8275, 0.999999, -0.000238155, 99999.9, 0.1379, 0, 100000, 0.3275
0.8325, 0.999999, -0.000238155, 99999.9, 0.1379, 0, 100000, 0.3325
0.8375, 0.999999, -0.000238155, 99999.9, 0.1379, 0, 100000, 0.3375
0.8425, 0.999999, -0.000238155, 99999.9, 0.1379, 0, 100000, 0.3425
0.8475, 0.999999, -0.000238155, 99999.9, 0.1379, 0, 100000, 0.3475
0.8525, 0.999999, -0.000238155, 99999.9, 0.1379, 0, 100000, 0.3525
0.8575, 0.999999, -0.000238155, 99999.9, 0.1379, 0, 100000, 0.3575
0.8625, 0.999999, -0.000238155, 99999.9, 0.1379, 0, 100000, 0.3625
0.8675, 0.999999, -0.000238155, 99999.9, 0.1379, 0, 100000, 0.3675
0.8725, 0.999999, -0.000238155, 99999.9, 0.1379, 0, 100000, 0.3725
0.8775, 0.999999, -0.000238155, 99999.9, 0.1379, 0, 100000, 0.3775
0.8825, 0.999999, -0.000238155, 99999.9, 0.1379, 0, 100000, 0.3825
0.8875, 0.999999, -0.000238155, 99999.9, 0.1379, 0, 100000, 0.3875
0.8925, 0.999999, -0.000238155, 99999.9, 0.1379, 0, 100000, 0.3925
0.8975, 0.999999, -0.000238155, 99999.9, 0.1379, 0, 100000, 0.3975
0.9025, 0.999999, -0.000238155, 99999.9, 0.1379, 0, 100000, 0.4025
0.9075, 0.999999, -0.000238155, 99999.9, 0.1379, 0, 100000, 0.4075
0.9125, 0.999999, -0.000238155, 99999.9, 0.1379, 0, 100000, 0.4125
0.9175, 0.999999, -0.000238155, 99999.9, 0.1379, 0, 100000, 0.4175
0.9225, 0.999999, -0.000238155, 99999.9, 0.1379, 0, 100000, 0.4225
0.9275, 0.999999, -0.000238155, 99999.9, 0.1379, 0, 100000, 0.4275
0.9325, 0.999999, -0.000238155, 99999.9, 0.1379, 0, 100000, 0.4325
0.9375, 0.999999, -0.000238155, 99999.9, 0.1379, 0, 100000, 0.4375
0.9425, 0.999999, -0.000238155, 99999.9, 0.1379, 0, 100000, 0.4425
0.9475, 0.999999, -0.000238155, 99999.9, 0.1379, 0, 100000, 0.4475
0.9525, 0.999999, -0.000238155, 99999.9, 0.1379, 0, 100000, 0.4525
0.9575, 0.999999, -0.000238155, 99999.9, 0.1379, 0, 100000, 0.4575
0.9625, 0.999999, -0.000238155, 99999.9, 0.1379, 0, 100000, 0.4625
0.9675, 0.999999, -0.000238155, 99999.9, 0.1379, 0, 100000, 0.4675
0.9725, 0.999999, -0.000238155, 99999.9, 0.1379, 0, 100000, 0.4725
0.9775, 0.999999, -0.000238155, 99999.9, 0.1379, 0, 100000, 0.4775
0.9825, 0.999999, -0.000238155, 99999.9, 0.1379, 0, 100000, 0.4825
0.9875, 0.999999, -0.000238155, 99999.9, 0.1379, 0, 100000, 0.4875
0.9925, 0.999999, -0.000238155, 99999.9, 0.1379, 0, 100000, 0.4925
0.9975, 0.999999, -0.000238155, 99999.9, 0.1379, 0, 100000, 0.4975
