0.0025, 1.33293, 111.799, 149993, 0.158822, 159.166, 126601, -0.526762
0.0075, 1.33293, 111.8, 149993, 0.158822, 159.166, 126601, -0.522103
0.0125, 1.33293, 111.8, 149993, 0.158822, 159.166, 126601, -0.517103
0.0175, 1.33293, 111.8, 149993, 0.158822, 159.166, 126601, -0.512103
0.0225, 1.33293, 111.8, 149993, 0.158822, 159.166, 126601, -0.507103
0.0275, 1.33293, 111.799, 149993, 0.158822, 159.166, 126601, -0.502103
0.0325, 1.33294, 111.798, 149994, 0.158822, 159.166, 126601, -0.497103
0.0375, 1.33294, 111.796, 149995, 0.158822, 159.166, 126601, -0.492103
0.0425, 1.33295, 111.795, 149996, 0.158822, 159.166, 126601, -0.487103
0.0475, 1.33295, 111.794, 149996, 0.158822, 159.166, 126601, -0.482103
0.0525, 1.33295, 111.794, 149996, 0.158822, 159.166, 126601, -0.477103
0.0575, 1.33295, 111.793, 149996, 0.158822, 159.166, 126601, -0.472103
0.0625, 1.33295, 111.793, 149996, 0.158822, 159.166, 126601, -0.467103
0.0675, 1.33295, 111.794, 149996, 0.158822, 159.166, 126601, -0.462103
0.0725, 1.33295, 111.795, 149996, 0.158822, 159.166, 126601, -0.457103
0.0775, 1.33294, 111.796, 149995, 0.158822, 159.166, 126601, -0.452103
0.0825, 1.33294, 111.798, 149994, 0.158822, 159.166, 126601, -0.447103
0.0875, 1.33294, 111.799, 149993, 0.158822, 159.166, 126601, -0.442103
0.0925, 1.33294, 111.8, 149993, 0.158822, 159.166, 126601, -0.437103
0.0975, 1.33294, 111.8, 149993, 0.158822, 159.166, 126601, -0.432103
0.1025, 1.33295, 111.801, 149993, 0.158822, 159.166, 126601, -0.427103
0.1075, 1.33295, 111.801, 149993, 0.158822, 159.166, 126601, -0.422103
0.1125, 1.33296, 111.8, 149993, 0.158822, 159.166, 126601, -0.417103
0.1175, 1.33296, 111.8, 149993, 0.158822, 159.166, 126601, -0.412103
0.1225, 1.33296, 111.799, 149993, 0.158822, 159.166, 126601, -0.407103
0.1275, 1.33296, 111.798, 149994, 0.158822, 159.166, 126601, -0.402103
0.1325, 1.33296, 111.797, 149995, 0.158822, 159.166, 126601, -0.397103
0.1375, 1.33295, 111.795, 149996, 0.158822, 159.166, 126601, -0.392103
0.1425, 1.33293, 111.794, 149996, 0.158822, 159.166, 126601, -0.387103
0.1475, 1.33283, 111.792, 149997, 0.158822, 159.166, 126601, -0.382103
0.1525, 1.3326, 111.791, 149997, 0.158822, 159.166, 126601, -0.377103
0.1575, 1.33224, 111.79, 149998, 0.158822, 159.166, 126601, -0.372103
0.1625, 1.33186, 111.791, 149998, 0.158822, 159.166, 126601, -0.367103
0.1675, 1.33152, 111.791, 149997, 0.158822, 159.166, 126601, -0.362103
0.1725, 1.33124, 111.792, 149997, 0.158822, 159.166, 126601, -0.357103
0.1775, 1.33104, 111.793, 149996, 0.158822, 159.166, 126601, -0.352103
0.1825, 1.33091, 111.794, 149996, 0.158822, 159.166, 126601, -0.347103
0.1875, 1.33084, 111.796, 149995, 0.158822, 159.166, 126601, -0.342103
0.1925, 1.33082, 111.797, 149995, 0.158822, 159.166, 126601, -0.337103
0.1975, 1.33081, 111.797, 149994, 0.158822, 159.166, 126601, -0.332103
0.2025, 1.33084, 111.798, 149994, 0.158822, 159.166, 126601, -0.327103
0.2075, 1.33096, 111.798, 149994, 0.158822, 159.166, 126601, -0.322103
0.2125, 1.33126, 111.798, 149994, 0.158822, 159.166, 126601, -0.317103
0.2175, 1.33167, 111.798, 149994, 0.158822, 159.166, 126601, -0.312103
0.2225, 1.33206, 111.798, 149994, 0.158822, 159.166, 126601, -0.307103
0.2275, 1.33236, 111.798, 149994, 0.158822, 159.166, 126601, -0.302103
0.2325, 1.33259, 111.798, 149994, 0.158822, 159.166, 126601, -0.297103
0.2375, 1.33276, 111.798, 149994, 0.158822, 159.166, 126601, -0.292103
0.2425, 1.33287, 111.797, 149995, 0.158822, 159.166, 126601, -0.287103
0.2475, 1.33294, 111.796, 149995, 0.158822, 159.166, 126601, -0.282103
0.2525, 1.33298, 111.795, 149995, 0.158822, 159.166, 126601, -0.277103
0.2575, 1.333, 111.794, 149996, 0.158822, 159.166, 126601, -0.272103
0.2625, 1.33301, 111.793, 149996, 0.158822, 159.166, 126601, -0.267103
0.2675, 1.33301, 111.792, 149996, 0.158822, 159.166, 126601, -0.262103
0.2725, 1.33301, 111.792, 149997, 0.158822, 159.166, 126601, -0.257103
0.2775, 1.33301, 111.792, 149997, 0.158822, 159.166, 126601, -0.252103
0.2825, 1.33301, 111.793, 149996, 0.158822, 159.166, 126601, -0.247103
0.2875, 1.33302, 111.794, 149996, 0.158822, 159.166, 126601, -0.242103
0.2925, 1.33307, 111.795, 149995, 0.158822, 159.166, 126601, -0.237103
0.2975, 1.33315, 111.796, 149995, 0.158822, 159.166, 126601, -0.232103
0.3025, 1.33323, 111.796, 149995, 0.158822, 159.166, 126601, -0.227103
0.3075, 1.33329, 111.797, 149995, 0.158822, 159.166, 126601, -0.222103
0.3125, 1.33333, 111.797, 149995, 0.158822, 159.166, 126601, -0.217103
0.3175, 1.33335, 111.797, 149995, 0.158822, 159.166, 126601, -0.212103
0.3225, 1.33336, 111.797, 149995, 0.158822, 159.166, 126601, -0.207103
0.3275, 1.33336, 111.797, 149995, 0.158822, 159.166, 126601, -0.202103
0.3325, 1.33334, 111.797, 149995, 0.158822, 159.166, 126601, -0.197103
0.3375, 1.33329, 111.797, 149995, 0.158822, 159.166, 126601, -0.192103
0.3425, 1.33322, 111.797, 149995, 0.158822, 159.166, 126601, -0.187103
0.3475, 1.33317, 111.796, 149995, 0.158822, 159.166, 126601, -0.182103
0.3525, 1.33315, 111.795, 149995, 0.158822, 159.166, 126601, -0.177103
0.3575, 1.33313, 111.794, 149996, 0.158822, 159.166, 126601, -0.172103
0.3625, 1.33313, 111.793, 149996, 0.158822, 159.166, 126601, -0.167103
0.3675, 1.33314, 111.791, 149997, 0.158822, 159.166, 126601, -0.162103
0.3725, 1.33319, 111.79, 149998, 0.158822, 159.166, 126601, -0.157103
0.3775, 1.33327, 111.788, 149999, 0.158822, 159.166, 126601, -0.152103
0.3825, 1.33336, 111.788, 149999, 0.158822, 159.166, 126601, -0.147103
0.3875, 1.33341, 111.788, 149999, 0.158822, 159.166, 126601, -0.142103
0.3925, 1.33343, 111.79, 149998, 0.158822, 159.166, 126601, -0.137103
0.3975, 1.33343, 111.796, 149995, 0.158822, 159.166, 126601, -0.132103
0.4025, 1.3334, 111.808, 149988, 0.158822, 159.166, 126601, -0.127103
0.4075, 1.3333, 111.841, 149971, 0.158822, 159.166, 126601, -0.122103
0.4125, 1.33302, 111.922, 149929, 0.158822, 159.166, 126601, -0.117103
0.4175, 1.33233, 112.118, 149825, 0.158822, 159.166, 126601, -0.112103
0.4225, 1.33065, 112.596, 149572, 0.158822, 159.166, 126601, -0.107105
0.4275, 1.32663, 113.762, 148958, 0.158822, 159.166, 126601, -0.102108
0.4325, 1.31739, 116.494, 147527, 0.158822, 159.166, 126601, -0.097115
0.4375, 1.30207, 121.09, 145146, 0.158822, 159.166, 126601, -0.0921281
0.4425, 1.28233, 127.115, 142075, 0.158822, 159.166, 126601, -0.0871459
0.4475, 1.26122, 133.647, 138810, 0.158822, 159.166, 126601, -0.0821659
0.4525, 1.24174, 139.742, 135818, 0.158822, 159.166, 126601, -0.0771849
0.4575, 1.22521, 144.999, 133283, 0.158822, 159.166, 126601, -0.0722014
0.4625, 1.21188, 149.31, 131236, 0.158822, 159.166, 126601, -0.0672151
0.4675, 1.2017, 152.656, 129665, 0.158822, 159.166, 126601, -0.0622257
0.4725, 1.19432, 155.108, 128521, 0.158822, 159.166, 126601, -0.0572336
0.4775, 1.1892, 156.801, 127732, 0.158822, 159.166, 126601, -0.052239
0.4825, 1.18578, 157.903, 127220, 0.158822, 159.166, 126601, -0.0472426
0.4875, 1.18354, 158.582, 126913, 0.158822, 159.166, 126601, -0.0422448
0.4925, 1.18209, 158.98, 126743, 0.158822, 159.166, 126601, -0.0372461
0.4975, 1.18114, 159.194, 126655, 0.158822, 159.166, 126601, -0.0322468
0.5025, 1.18053, 159.291, 126610, 0.158822, 159.166, 126601, -0.0272471
0.5075, 1.1802, 159.311, 126593, 0.158822, 159.166, 126601, -0.0222472
0.5125, 1.18002, 159.273, 126589, 0.158822, 159.166, 126601, -0.0172471
0.5175, 1.17994, 159.22, 126588, 0.158822, 159.166, 126601, -0.0122469
0.5225, 1.17991, 159.185, 126591, 0.158822, 159.166, 126601, -0.00724683
0.5275, 1.17993, 159.171, 126597, 0.158822, 159.165, 126601, -0.0022468
0.5325, 1.17995, 159.166, 126601, 0.158822, 159.166, 126601, 0.00275321
0.5375, 1.17995, 159.166, 126601, 0.158823, 159.171, 126602, 0.00775319
0.5425, 1.17995, 159.166, 126601, 0.158823, 159.178, 126603, 0.0127532
0.5475, 1.17995, 159.166, 126601, 0.158824, 159.194, 126606, 0.0177531
0.5525, 1.17995, 159.166, 126601, 0.158828, 159.23, 126613, 0.0227529
0.5575, 1.17995, 159.166, 126601, 0.158832, 159.268, 126620, 0.0277528
0.5625, 1.17995, 159.166, 126601, 0.158836, 159.307, 126627, 0.0327527
0.5675, 1.17995, 159.166, 126601, 0.15884, 159.342, 126633, 0.0377526
0.5725, 1.17995, 159.166, 126601, 0.158845, 159.374, 126639, 0.0427525
0.5775, 1.17995, 159.166, 126601, 0.15885, 159.41, 126646, 0.0477524
0.5825, 1.17995, 159.166, 126601, 0.158856, 159.458, 126654, 0.0527522
0.5875, 1.17995, 159.166, 126601, 0.158864, 159.515, 126665, 0.057752
0.5925, 1.17995, 159.166, 126601, 0.158871, 159.566, 126674, 0.0627519
0.5975, 1.17995, 159.166, 126601, 0.158876, 159.606, 126682, 0.0677518
0.6025, 1.17995, 159.166, 126601, 0.15888, 159.634, 126687, 0.0727518
0.6075, 1.17995, 159.166, 126601, 0.158882, 159.65, 126690, 0.0777517
0.6125, 1.17995, 159.166, 126601, 0.158883, 159.657, 126691, 0.0827517
0.6175, 1.17995, 159.166, 126601, 0.158882, 159.657, 126691, 0.0877517
0.6225, 1.17995, 159.166, 126601, 0.158881, 159.647, 126689, 0.0927519
0.6275, 1.17995, 159.166, 126601, 0.158874, 159.599, 126680, 0.0977521
0.6325, 1.17995, 159.166, 126601, 0.158862, 159.51, 126664, 0.102752
0.6375, 1.17995, 159.166, 126601, 0.158848, 159.41, 126645, 0.107753
0.6425, 1.17995, 159.166, 126601, 0.158833, 159.302, 126626, 0.112753
0.6475, 1.17995, 159.166, 126601, 0.158813, 159.162, 126600, 0.117754
0.6525, 1.17995, 159.166, 126601, 0.158783, 158.945, 126560, 0.122755
0.6575, 1.17995, 159.166, 126601, 0.158734, 158.596, 126496, 0.127756
0.6625, 1.17995, 159.166, 126601, 0.158664, 158.09, 126404, 0.132758
0.6675, 1.17995, 159.166, 126601, 0.158577, 157.459, 126288, 0.13776
0.6725, 1.17995, 159.166, 126601, 0.158483, 156.783, 126165, 0.142762
0.6775, 1.17995, 159.166, 126601, 0.158392, 156.117, 126043, 0.147764
0.6825, 1.17995, 159.166, 126601, 0.158293, 155.404, 125913, 0.152767
0.6875, 1.17995, 159.166, 126601, 0.158156, 154.414, 125732, 0.157771
0.6925, 1.17995, 159.166, 126601, 0.157936, 152.813, 125441, 0.162778
0.6975, 1.17995, 159.166, 126601, 0.15761, 150.43, 125008, 0.167787
0.7025, 1.17995, 159.166, 126601, 0.157213, 147.526, 124482, 0.172796
0.7075, 1.17995, 159.166, 126601, 0.156797, 144.492, 123935, 0.177807
0.7125, 1.17995, 159.166, 126601, 0.156285, 140.718, 123256, 0.182825
0.7175, 1.17995, 159.166, 126601, 0.155288, 133.458, 121959, 0.187869
0.7225, 1.17995, 159.166, 126601, 0.152805, 115.196, 118746, 0.192953
0.7275, 1.17995, 159.166, 126601, 0.1488, 85.0152, 113584, 0.198044
0.7325, 1.17995, 159.166, 126601, 0.1451, 56.6347, 108895, 0.203112
0.7375, 1.17995, 159.166, 126601, 0.142521, 36.5349, 105669, 0.208156
0.7425, 1.17995, 159.166, 126601, 0.140893, 23.74, 103655, 0.213184
0.7475, 1.17995, 159.166, 126601, 0.139884, 15.7714, 102416, 0.218201
0.7525, 1.17995, 159.166, 126601, 0.139246, 10.7141, 101637, 0.223213
0.7575, 1.17995, 159.166, 126601, 0.13883, 7.40896, 101129, 0.22822
0.7625, 1.17995, 159.166, 126601, 0.138551, 5.19062, 100790, 0.233225
0.7675, 1.17995, 159.166, 126601, 0.13836, 3.67051, 100558, 0.238229
0.7725, 1.17995, 159.166, 126601, 0.138228, 2.6128, 100397, 0.243232
0.7775, 1.17995, 159.166, 126601, 0.138134, 1.86863, 100284, 0.248233
0.7825, 1.17995, 159.166, 126601, 0.138068, 1.34086, 100204, 0.253235
0.7875, 1.17995, 159.166, 126601, 0.138021, 0.96438, 100146, 0.258236
0.7925, 1.17995, 159.166, 126601, 0.137987, 0.69471, 100105, 0.263236
0.7975, 1.17995, 159.166, 126601, 0.137963, 0.500967, 100076, 0.268237
0.8025, 1.17995, 159.166, 126601, 0.137945, 0.361475, 100055, 0.273237
0.8075, 1.17995, 159.166, 126601, 0.137933, 0.260892, 100040, 0.278237
0.8125, 1.17995, 159.166, 126601, 0.137924, 0.188292, 100029, 0.283237
0.8175, 1.17995, 159.166, 126601, 0.137917, 0.135856, 100021, 0.288238
0.8225, 1.17995, 159.166, 126601, 0.137912, 0.0979686, 100015, 0.293238
0.8275, 1.17995, 159.166, 126601, 0.137909, 0.0705905, 100011, 0.298238
0.8325, 1.17995, 159.166, 126601, 0.137906, 0.0508077, 100008, 0.303238
0.8375, 1.17995, 159.166, 126601, 0.137905, 0.0365164, 100006, 0.308238
0.8425, 1.17995, 159.166, 126601, 0.137903, 0.0261965, 100004, 0.313238
0.8475, 1.17995, 159.166, 126601, 0.137902, 0.0187486, 100003, 0.318238
0.8525, 1.17995, 159.166, 126601, 0.137902, 0.0133775, 100002, 0.323238
0.8575, 1.17995, 159.166, 126601, 0.137901, 0.00950738, 100001, 0.328238
0.8625, 1.17995, 159.166, 126601, 0.137901, 0.00672152, 100001, 0.333238
0.8675, 1.17995, 159.166, 126601, 0.137901, 0.00471803, 100001, 0.338238
0.8725, 1.17995, 159.166, 126601, 0.1379, 0.00327827, 100000, 0.343238
0.8775, 1.17995, 159.166, 126601, 0.1379, 0.002244, 100000, 0.348238
0.8825, 1.17995, 159.166, 126601, 0.1379, 0.0015008, 100000, 0.353238
0.8875, 1.17995, 159.166, 126601, 0.1379, 0.000966169, 100000, 0.358238
0.8925, 1.17995, 159.166, 126601, 0.1379, 0.000580791, 100000, 0.363238
0.8975, 1.17995, 159.166, 126601, 0.1379, 0.000302204, 100000, 0.368238
0.9025, 1.17995, 159.166, 126601, 0.1379, 0.000100142, 100000, 0.373238
0.9075, 1.17995, 159.166, 126601, 0.1379, -4.68867e-05, 100000, 0.378238
0.9125, 1.17995, 159.166, 126601, 0.1379, -0.000154119, 100000, 0.383238
0.9175, 1.17995, 159.166, 126601, 0.1379, -0.000232379, 100000, 0.388238
0.9225, 1.17995, 159.166, 126601, 0.1379, -0.000289403, 100000, 0.393238
0.9275, 1.17995, 159.166, 126601, 0.1379, -0.000330788, 99999.9, 0.398238
0.9325, 1.17995, 159.166, 126601, 0.1379, -0.000360635, 99999.9, 0.403238
0.9375, 1.17995, 159.166, 126601, 0.1379, -0.000381988, 99999.9, 0.408238
0.9425, 1.17995, 159.166, 126601, 0.1379, -0.000397128, 99999.9, 0.413238
0.9475, 1.17995, 159.166, 126601, 0.1379, -0.000407762, 99999.9, 0.418238
0.9525, 1.17995, 159.166, 126601, 0.1379, -0.00041516, 99999.9, 0.423238
0.9575, 1.17995, 159.166, 126601, 0.1379, -0.000420259, 99999.9, 0.428238
0.9625, 1.17995, 159.166, 126601, 0.1379, -0.000423739, 99999.9, 0.433238
0.9675, 1.17995, 159.166, 126601, 0.1379, -0.000426087, 99999.9, 0.438238
0.9725, 1.17995, 159.166, 126601, 0.1379, -0.00042765, 99999.9, 0.443238
0.9775, 1.17995, 159.166, 126601, 0.1379, -0.000428672, 99999.9, 0.448238
0.9825, 1.17995, 159.166, 126601, 0.1379, -0.000429325, 99999.9, 0.453238
0.9875, 1.17995, 159.166, 126601, 0.1379, -0.000429731, 99999.9, 0.458238
0.9925, 1.17995, 159.166, 126601, 0.1379, -0.000429976, 99999.9, 0.463238
0.9975, 1.17995, 159.166, 126601, 0.1379, -0.000430118, 99999.9, 0.468238
