0.0025, 1.3329, 111.807, 149989, 0.1379, 2.98154e-05, 99999.9, -0.4975
0.0075, 1.3329, 111.808, 149989, 0.1379, 2.98154e-05, 99999.9, -0.492906
0.0125, 1.3329, 111.808, 149989, 0.1379, 2.98154e-05, 99999.9, -0.487906
0.0175, 1.3329, 111.808, 149989, 0.1379, 2.98154e-05, 99999.9, -0.482906
0.0225, 1.3329, 111.807, 149989, 0.1379, 2.98154e-05, 99999.9, -0.477906
0.0275, 1.33291, 111.807, 149989, 0.1379, 2.98154e-05, 99999.9, -0.472906
0.0325, 1.33291, 111.806, 149990, 0.1379, 2.98154e-05, 99999.9, -0.467906
0.0375, 1.33291, 111.805, 149990, 0.1379, 2.98154e-05, 99999.9, -0.462906
0.0425, 1.33292, 111.804, 149991, 0.1379, 2.98154e-05, 99999.9, -0.457906
0.0475, 1.33292, 111.802, 149992, 0.1379, 2.98154e-05, 99999.9, -0.452906
0.0525, 1.33293, 111.8, 149993, 0.1379, 2.98154e-05, 99999.9, -0.447906
0.0575, 1.33295, 111.798, 149994, 0.1379, 2.98154e-05, 99999.9, -0.442906
0.0625, 1.33296, 111.796, 149995, 0.1379, 2.98154e-05, 99999.9, -0.437906
0.0675, 1.33297, 111.795, 149995, 0.1379, 2.98154e-05, 99999.9, -0.432906
0.0725, 1.33298, 111.794, 149996, 0.1379, 2.98154e-05, 99999.9, -0.427906
0.0775, 1.33298, 111.794, 149996, 0.1379, 2.98154e-05, 99999.9, -0.422906
0.0825, 1.33298, 111.794, 149996, 0.1379, 2.98154e-05, 99999.9, -0.417906
0.0875, 1.33298, 111.795, 149996, 0.1379, 2.98154e-05, 99999.9, -0.412906
0.0925, 1.33297, 111.796, 149995, 0.1379, 2.98154e-05, 99999.9, -0.407906
0.0975, 1.33296, 111.798, 149994, 0.1379, 2.98154e-05, 99999.9, -0.402906
0.1025, 1.33294, 111.8, 149993, 0.1379, 2.98154e-05, 99999.9, -0.397906
0.1075, 1.33289, 111.801, 149992, 0.1379, 2.98154e-05, 99999.9, -0.392906
0.1125, 1.33276, 111.801, 149992, 0.1379, 2.98154e-05, 99999.9, -0.387906
0.1175, 1.33246, 111.801, 149992, 0.1379, 2.98154e-05, 99999.9, -0.382906
0.1225, 1.33201, 111.801, 149993, 0.1379, 2.98154e-05, 99999.9, -0.377906
0.1275, 1.33151, 111.8, 149993, 0.1379, 2.98154e-05, 99999.9, -0.372906
0.1325, 1.33109, 111.799, 149994, 0.1379, 2.98154e-05, 99999.9, -0.367906
0.1375, 1.33078, 111.798, 149994, 0.1379, 2.98154e-05, 99999.9, -0.362906
0.1425, 1.33059, 111.797, 149995, 0.1379, 2.98154e-05, 99999.9, -0.357906
0.1475, 1.33048, 111.796, 149995, 0.1379, 2.98154e-05, 99999.9, -0.352906
0.1525, 1.33044, 111.794, 149996, 0.1379, 2.98154e-05, 99999.9, -0.347906
0.1575, 1.33044, 111.792, 149997, 0.1379, 2.98154e-05, 99999.9, -0.342906
0.1625, 1.33048, 111.792, 149997, 0.1379, 2.98154e-05, 99999.9, -0.337906
0.1675, 1.33071, 111.791, 149997, 0.1379, 2.98154e-05, 99999.9, -0.332906
0.1725, 1.33119, 111.792, 149997, 0.1379, 2.98154e-05, 99999.9, -0.327906
0.1775, 1.33176, 111.794, 149996, 0.1379, 2.98154e-05, 99999.9, -0.322906
0.1825, 1.33224, 111.796, 149995, 0.1379, 2.98154e-05, 99999.9, -0.317906
0.1875, 1.33261, 111.798, 149994, 0.1379, 2.98154e-05, 99999.9, -0.312906
0.1925, 1.33286, 111.8, 149993, 0.1379, 2.98154e-05, 99999.9, -0.307906
0.1975, 1.33302, 111.801, 149992, 0.1379, 2.98154e-05, 99999.9, -0.302906
0.2025, 1.33311, 111.801, 149992, 0.1379, 2.98154e-05, 99999.9, -0.297906
0.2075, 1.33315, 111.801, 149992, 0.1379, 2.98154e-05, 99999.9, -0.292906
0.2125, 1.33316, 111.801, 149992, 0.1379, 2.98154e-05, 99999.9, -0.287906
0.2175, 1.33314, 111.8, 149993, 0.1379, 2.98154e-05, 99999.9, -0.282906
0.2225, 1.33306, 111.799, 149993, 0.1379, 2.98154e-05, 99999.9, -0.277906
0.2275, 1.33297, 111.799, 149994, 0.1379, 2.98154e-05, 99999.9, -0.272906
0.2325, 1.3329, 111.798, 149994, 0.1379, 2.98154e-05, 99999.9, -0.267906
0.2375, 1.33288, 111.798, 149994, 0.1379, 2.98154e-05, 99999.9, -0.262906
0.2425, 1.33287, 111.798, 149995, 0.1379, 2.98154e-05, 99999.9, -0.257906
0.2475, 1.33288, 111.797, 149995, 0.1379, 2.98154e-05, 99999.9, -0.252906
0.2525, 1.33295, 111.794, 149997, 0.1379, 2.98154e-05, 99999.9, -0.247906
0.2575, 1.3331, 111.791, 149998, 0.1379, 2.98154e-05, 99999.9, -0.242906
0.2625, 1.33328, 111.79, 149999, 0.1379, 2.98154e-05, 99999.9, -0.237906
0.2675, 1.33341, 111.789, 149999, 0.1379, 2.98154e-05, 99999.9, -0.232906
0.2725, 1.33349, 111.788, 149999, 0.1379, 2.98154e-05, 99999.9, -0.227906
0.2775, 1.33352, 111.789, 149998, 0.1379, 2.98154e-05, 99999.9, -0.222906
0.2825, 1.33353, 111.791, 149997, 0.1379, 2.98154e-05, 99999.9, -0.217906
0.2875, 1.33353, 111.793, 149996, 0.1379, 2.98154e-05, 99999.9, -0.212906
0.2925, 1.33349, 111.796, 149994, 0.1379, 2.98154e-05, 99999.9, -0.207906
0.2975, 1.33337, 111.798, 149993, 0.1379, 2.98154e-05, 99999.9, -0.202906
0.3025, 1.33321, 111.8, 149993, 0.1379, 2.98154e-05, 99999.9, -0.197906
0.3075, 1.33307, 111.8, 149994, 0.1379, 2.98154e-05, 99999.9, -0.192906
0.3125, 1.33298, 111.8, 149994, 0.1379, 2.98154e-05, 99999.9, -0.187906
0.3175, 1.33294, 111.799, 149994, 0.1379, 2.98154e-05, 99999.9, -0.182906
0.3225, 1.33293, 111.798, 149994, 0.1379, 2.98154e-05, 99999.9, -0.177906
0.3275, 1.33294, 111.797, 149995, 0.1379, 2.98154e-05, 99999.9, -0.172906
0.3325, 1.33302, 111.797, 149995, 0.1379, 2.98154e-05, 99999.9, -0.167906
0.3375, 1.3332, 111.797, 149994, 0.1379, 2.98154e-05, 99999.9, -0.162906
0.3425, 1.33337, 111.798, 149994, 0.1379, 2.98154e-05, 99999.9, -0.157906
0.3475, 1.3335, 111.798, 149994, 0.1379, 2.98154e-05, 99999.9, -0.152906
0.3525, 1.33358, 111.797, 149994, 0.1379, 2.98154e-05, 99999.9, -0.147906
0.3575, 1.33362, 111.797, 149995, 0.1379, 2.98154e-05, 99999.9, -0.142906
0.3625, 1.33363, 111.796, 149996, 0.1379, 2.98154e-05, 99999.9, -0.137906
0.3675, 1.33363, 111.795, 149997, 0.1379, 2.98154e-05, 99999.9, -0.132906
0.3725, 1.3336, 111.792, 149998, 0.1379, 2.98154e-05, 99999.9, -0.127906
0.3775, 1.33346, 111.788, 149998, 0.1379, 2.98154e-05, 99999.9, -0.122906
0.3825, 1.33318, 111.78, 149994, 0.1379, 2.98154e-05, 99999.9, -0.117906
0.3875, 1.33276, 111.749, 149978, 0.1379, 2.98154e-05, 99999.9, -0.112906
0.3925, 1.33213, 111.643, 149917, 0.1379, 2.98154e-05, 99999.9, -0.107905
0.3975, 1.3309, 111.25, 149706, 0.1379, 2.98154e-05, 99999.9, -0.102903
0.4025, 1.32702, 109.9, 148995, 0.1379, 2.98154e-05, 99999.9, -0.0978954
0.4075, 1.30721, 103.886, 145841, 0.1379, 2.98154e-05, 99999.9, -0.092862
0.4125, 1.24604, 85.4202, 136512, 0.1379, 2.98154e-05, 99999.9, -0.0877777
0.4175, 1.15679, 56.4409, 123009, 0.1379, 2.98154e-05, 99999.9, -0.0826726
0.4225, 1.08639, 31.844, 112491, 0.1379, 2.98154e-05, 99999.9, -0.0775938
0.4275, 1.04366, 16.2526, 106227, 0.1379, 2.98154e-05, 99999.9, -0.0725467
0.4325, 1.02089, 7.80364, 102953, 0.1379, 2.98154e-05, 99999.9, -0.0675221
0.4375, 1.00969, 3.6253, 101364, 0.1379, 2.98154e-05, 99999.9, -0.0625102
0.4425, 1.00443, 1.65576, 100621, 0.1379, 2.98154e-05, 99999.9, -0.0575046
0.4475, 1.002, 0.749365, 100281, 0.1379, 2.98154e-05, 99999.9, -0.0525021
0.4525, 1.0009, 0.337256, 100126, 0.1379, 2.98154e-05, 99999.9, -0.0475009
0.4575, 1.0004, 0.151142, 100057, 0.1379, 2.98154e-05, 99999.9, -0.0425004
0.4625, 1.00018, 0.0674696, 100025, 0.1379, 2.98154e-05, 99999.9, -0.0375002
0.4675, 1.00008, 0.0299949, 100011, 0.1379, 2.98154e-05, 99999.9, -0.0325
0.4725, 1.00004, 0.0132724, 100005, 0.1379, 2.98154e-05, 99999.9, -0.0275
0.4775, 1.00002, 0.00583904, 100002, 0.1379, 2.98154e-05, 99999.9, -0.0225
0.4825, 1.00001, 0.00256044, 100001, 0.1379, 2.98154e-05, 99999.9, -0.0175
0.4875, 1, 0.00114865, 100000, 0.1379, 2.98154e-05, 99999.9, -0.0125
0.4925, 1, 0.000552071, 100000, 0.1379, 2.98154e-05, 99999.9, -0.00749996
0.4975, 1, 0.000256352, 100000, 0.1379, -0.000121897, 100000, -0.00249996
0.5025, 1, 7.6959e-05, 100000, 0.1379, -0.000172186, 100000, 0.00250004
0.5075, 1, 2.98152e-05, 99999.9, 0.1379, -0.000242583, 100000, 0.00750004
0.5125, 1, 2.98154e-05, 99999.9, 0.1379, -0.000296827, 100000, 0.0125
0.5175, 1, 2.98154e-05, 99999.9, 0.1379, -0.000336255, 99999.9, 0.0175
0.5225, 1, 2.98154e-05, 99999.9, 0.1379, -0.00036538, 99999.9, 0.0225
0.5275, 1, 2.98154e-05, 99999.9, 0.1379, -0.000387007, 99999.9, 0.0275
0.5325, 1, 2.98154e-05, 99999.9, 0.1379, -0.000402063, 99999.9, 0.0325
0.5375, 1, 2.98154e-05, 99999.9, 0.1379, -0.000411698, 99999.9, 0.0375
0.5425, 1, 2.98154e-05, 99999.9, 0.1379, -0.000417825, 99999.9, 0.0425
0.5475, 1, 2.98154e-05, 99999.9, 0.1379, -0.000421982, 99999.9, 0.0475
0.5525, 1, 2.98154e-05, 99999.9, 0.1379, -0.0004249, 99999.9, 0.0525
0.5575, 1, 2.98154e-05, 99999.9, 0.1379, -0.000426921, 99999.9, 0.0575
0.5625, 1, 2.98154e-05, 99999.9, 0.1379, -0.000428289, 99999.9, 0.0625
0.5675, 1, 2.98154e-05, 99999.9, 0.1379, -0.000429184, 99999.9, 0.0675
0.5725, 1, 2.98154e-05, 99999.9, 0.1379, -0.000429739, 99999.9, 0.0725
0.5775, 1, 2.98154e-05, 99999.9, 0.1379, -0.000430055, 99999.9, 0.0775
0.5825, 1, 2.98154e-05, 99999.9, 0.1379, -0.000430211, 99999.9, 0.0825
0.5875, 1, 2.98154e-05, 99999.9, 0.1379, -0.000430274, 99999.9, 0.0875
0.5925, 1, 2.98154e-05, 99999.9, 0.1379, -0.00043029, 99999.9, 0.0925
0.5975, 1, 2.98154e-05, 99999.9, 0.1379, -0.000430291, 99999.9, 0.0975
0.6025, 1, 2.98154e-05, 99999.9, 0.1379, -0.000430279, 99999.9, 0.1025
0.6075, 1, 2.98154e-05, 99999.9, 0.1379, -0.00043026, 99999.9, 0.1075
0.6125, 1, 2.98154e-05, 99999.9, 0.1379, -0.000430242, 99999.9, 0.1125
0.6175, 1, 2.98154e-05, 99999.9, 0.1379, -0.000430224, 99999.9, 0.1175
0.6225, 1, 2.98154e-05, 99999.9, 0.1379, -0.000430209, 99999.9, 0.1225
0.6275, 1, 2.98154e-05, 99999.9, 0.1379, -0.000430196, 99999.9, 0.1275
0.6325, 1, 2.98154e-05, 99999.9, 0.1379, -0.000430186, 99999.9, 0.1325
0.6375, 1, 2.98154e-05, 99999.9, 0.1379, -0.000430179, 99999.9, 0.1375
0.6425, 1, 2.98154e-05, 99999.9, 0.1379, -0.000430174, 99999.9, 0.1425
0.6475, 1, 2.98154e-05, 99999.9, 0.1379, -0.00043017, 99999.9, 0.1475
0.6525, 1, 2.98154e-05, 99999.9, 0.1379, -0.000430167, 99999.9, 0.1525
0.6575, 1, 2.98154e-05, 99999.9, 0.1379, -0.000430165, 99999.9, 0.1575
0.6625, 1, 2.98154e-05, 99999.9, 0.1379, -0.000430163, 99999.9, 0.1625
0.6675, 1, 2.98154e-05, 99999.9, 0.1379, -0.000430162, 99999.9, 0.1675
0.6725, 1, 2.98154e-05, 99999.9, 0.1379, -0.000430161, 99999.9, 0.1725
0.6775, 1, 2.98154e-05, 99999.9, 0.1379, -0.000430161, 99999.9, 0.1775
0.6825, 1, 2.98154e-05, 99999.9, 0.1379, -0.000430161, 99999.9, 0.1825
0.6875, 1, 2.98154e-05, 99999.9, 0.1379, -0.00043016, 99999.9, 0.1875
0.6925, 1, 2.98154e-05, 99999.9, 0.1379, -0.00043016, 99999.9, 0.1925
0.6975, 1, 2.98154e-05, 99999.9, 0.1379, -0.00043016, 99999.9, 0.1975
0.7025, 1, 2.98154e-05, 99999.9, 0.1379, -0.00043016, 99999.9, 0.2025
0.7075, 1, 2.98154e-05, 99999.9, 0.1379, -0.00043016, 99999.9, 0.2075
0.7125, 1, 2.98154e-05, 99999.9, 0.1379, -0.00043016, 99999.9, 0.2125
0.7175, 1, 2.98154e-05, 99999.9, 0.1379, -0.00043016, 99999.9, 0.2175
0.7225, 1, 2.98154e-05, 99999.9, 0.1379, -0.00043016, 99999.9, 0.2225
0.7275, 1, 2.98154e-05, 99999.9, 0.1379, -0.00043016, 99999.9, 0.2275
0.7325, 1, 2.98154e-05, 99999.9, 0.1379, -0.00043016, 99999.9, 0.2325
0.7375, 1, 2.98154e-05, 99999.9, 0.1379, -0.00043016, 99999.9, 0.2375
0.7425, 1, 2.98154e-05, 99999.9, 0.1379, -0.00043016, 99999.9, 0.2425
0.7475, 1, 2.98154e-05, 99999.9, 0.1379, -0.00043016, 99999.9, 0.2475
0.7525, 1, 2.98154e-05, 99999.9, 0.1379, -0.00043016, 99999.9, 0.2525
0.7575, 1, 2.98154e-05, 99999.9, 0.1379, -0.00043016, 99999.9, 0.2575
0.7625, 1, 2.98154e-05, 99999.9, 0.1379, -0.00043016, 99999.9, 0.2625
0.7675, 1, 2.98154e-05, 99999.9, 0.1379, -0.00043016, 99999.9, 0.2675
0.7725, 1, 2.98154e-05, 99999.9, 0.1379, -0.00043016, 99999.9, 0.2725
0.7775, 1, 2.98154e-05, 99999.9, 0.1379, -0.00043016, 99999.9, 0.2775
0.7825, 1, 2.98154e-05, 99999.9, 0.1379, -0.00043016, 99999.9, 0.2825
0.7875, 1, 2.98154e-05, 99999.9, 0.1379, -0.00043016, 99999.9, 0.2875
0.7925, 1, 2.98154e-05, 99999.9, 0.1379, -0.00043016, 99999.9, 0.2925
0.7975, 1, 2.98154e-05, 99999.9, 0.1379, -0.00043016, 99999.9, 0.2975
0.8025, 1, 2.98154e-05, 99999.9, 0.1379, -0.00043016, 99999.9, 0.3025
0.8075, 1, 2.98154e-05, 99999.9, 0.1379, -0.00043016, 99999.9, 0.3075
0.8125, 1, 2.98154e-05, 99999.9, 0.1379, -0.00043016, 99999.9, 0.3125
0.8175, 1, 2.98154e-05, 99999.9, 0.1379, -0.00043016, 99999.9, 0.3175
0.8225, 1, 2.98154e-05, 99999.9, 0.1379, -0.00043016, 99999.9, 0.3225
0.8275, 1, 2.98154e-05, 99999.9, 0.1379, -0.00043016, 99999.9, 0.3275
0.8325, 1, 2.98154e-05, 99999.9, 0.1379, -0.00043016, 99999.9, 0.3325
0.8375, 1, 2.98154e-05, 99999.9, 0.1379, -0.00043016, 99999.9, 0.3375
0.8425, 1, 2.98154e-05, 99999.9, 0.1379, -0.00043016, 99999.9, 0.3425
0.8475, 1, 2.98154e-05, 99999.9, 0.1379, -0.00043016, 99999.9, 0.3475
0.8525, 1, 2.98154e-05, 99999.9, 0.1379, -0.00043016, 99999.9, 0.3525
0.8575, 1, 2.98154e-05, 99999.9, 0.1379, -0.00043016, 99999.9, 0.3575
0.8625, 1, 2.98154e-05, 99999.9, 0.1379, -0.000430161, 99999.9, 0.3625
0.8675, 1, 2.98154e-05, 99999.9, 0.1379, -0.000430161, 99999.9, 0.3675
0.8725, 1, 2.98154e-05, 99999.9, 0.1379, -0.000430161, 99999.9, 0.3725
0.8775, 1, 2.98154e-05, 99999.9, 0.1379, -0.000430161, 99999.9, 0.3775
0.8825, 1, 2.98154e-05, 99999.9, 0.1379, -0.000430161, 99999.9, 0.3825
0.8875, 1, 2.98154e-05, 99999.9, 0.1379, -0.000430161, 99999.9, 0.3875
0.8925, 1, 2.98154e-05, 99999.9, 0.1379, -0.000430161, 99999.9, 0.3925
0.8975, 1, 2.98154e-05, 99999.9, 0.1379, -0.00043016, 99999.9, 0.3975
0.9025, 1, 2.98154e-05, 99999.9, 0.1379, -0.00043016, 99999.9, 0.4025
0.9075, 1, 2.98154e-05, 99999.9, 0.1379, -0.00043016, 99999.9, 0.4075
0.9125, 1, 2.98154e-05, 99999.9, 0.1379, -0.00043016, 99999.9, 0.4125
0.9175, 1, 2.98154e-05, 99999.9, 0.1379, -0.00043016, 99999.9, 0.4175
0.9225, 1, 2.98154e-05, 99999.9, 0.1379, -0.00043016, 99999.9, 0.4225
0.9275, 1, 2.98154e-05, 99999.9, 0.1379, -0.000430159, 99999.9, 0.4275
0.9325, 1, 2.98154e-05, 99999.9, 0.1379, -0.000430159, 99999.9, 0.4325
0.9375, 1, 2.98154e-05, 99999.9, 0.1379, -0.000430159, 99999.9, 0.4375
0.9425, 1, 2.98154e-05, 99999.9, 0.1379, -0.000430159, 99999.9, 0.4425
0.9475, 1, 2.98154e-05, 99999.9, 0.1379, -0.000430159, 99999.9, 0.4475
0.9525, 1, 2.98154e-05, 99999.9, 0.1379, -0.000430159, 99999.9, 0.4525
0.9575, 1, 2.98154e-05, 99999.9, 0.1379, -0.000430159, 99999.9, 0.4575
0.9625, 1, 2.98154e-05, 99999.9, 0.1379, -0.00043016, 99999.9, 0.4625
0.9675, 1, 2.98154e-05, 99999.9, 0.1379, -0.00043016, 99999.9, 0.4675
0.9725, 1, 2.98154e-05, 99999.9, 0.1379, -0.00043016, 99999.9, 0.4725
0.9775, 1, 2.98154e-05, 99999.9, 0.1379, -0.00043016, 99999.9, 0.4775
0.9825, 1, 2.98154e-05, 99999.9, 0.1379, -0.00043016, 99999.9, 0.4825
0.9875, 1, 2.98154e-05, 99999.9, 0.1379, -0.000430161, 99999.9, 0.4875
0.9925, 1, 2.98154e-05, 99999.9, 0.1379, -0.000430161, 99999.9, 0.4925
0.9975, 1, 2.98154e-05, 99999.9, 0.1379, -0.000430161, 99999.9, 0.4975
