0.0025, 1.33294, 111.796, 149995, 0.158235, 154.894, 125820, -0.505954
0.0075, 1.33294, 111.796, 149995, 0.158235, 154.894, 125820, -0.501296
0.0125, 1.33294, 111.796, 149995, 0.158235, 154.894, 125820, -0.496296
0.0175, 1.33294, 111.796, 149995, 0.158235, 154.894, 125820, -0.491296
0.0225, 1.33294, 111.796, 149995, 0.158235, 154.894, 125820, -0.486296
0.0275, 1.33294, 111.798, 149994, 0.158235, 154.894, 125820, -0.481296
0.0325, 1.33293, 111.799, 149993, 0.158235, 154.894, 125820, -0.476296
0.0375, 1.33293, 111.8, 149993, 0.158235, 154.894, 125820, -0.471296
0.0425, 1.33293, 111.8, 149993, 0.158235, 154.894, 125820, -0.466296
0.0475, 1.33293, 111.8, 149993, 0.158235, 154.894, 125820, -0.461296
0.0525, 1.33293, 111.8, 149993, 0.158235, 154.894, 125820, -0.456296
0.0575, 1.33293, 111.8, 149993, 0.158235, 154.894, 125820, -0.451296
0.0625, 1.33293, 111.8, 149993, 0.158235, 154.894, 125820, -0.446296
0.0675, 1.33294, 111.798, 149994, 0.158235, 154.894, 125820, -0.441296
0.0725, 1.33294, 111.797, 149994, 0.158235, 154.894, 125820, -0.436296
0.0775, 1.33295, 111.795, 149995, 0.158235, 154.894, 125820, -0.431296
0.0825, 1.33296, 111.794, 149996, 0.158235, 154.894, 125820, -0.426296
0.0875, 1.33297, 111.793, 149996, 0.158235, 154.894, 125820, -0.421296
0.0925, 1.33298, 111.793, 149997, 0.158235, 154.894, 125820, -0.416296
0.0975, 1.33298, 111.793, 149997, 0.158235, 154.894, 125820, -0.411296
0.1025, 1.33298, 111.793, 149997, 0.158235, 154.894, 125820, -0.406296
0.1075, 1.33298, 111.793, 149996, 0.158235, 154.894, 125820, -0.401296
0.1125, 1.33298, 111.795, 149996, 0.158235, 154.894, 125820, -0.396296
0.1175, 1.33297, 111.797, 149995, 0.158235, 154.894, 125820, -0.391296
0.1225, 1.33296, 111.799, 149993, 0.158235, 154.894, 125820, -0.386296
0.1275, 1.33293, 111.8, 149992, 0.158235, 154.894, 125820, -0.381296
0.1325, 1.33286, 111.801, 149992, 0.158235, 154.894, 125820, -0.376296
0.1375, 1.33268, 111.801, 149992, 0.158235, 154.894, 125820, -0.371296
0.1425, 1.33236, 111.801, 149993, 0.158235, 154.894, 125820, -0.366296
0.1475, 1.33195, 111.8, 149993, 0.158235, 154.894, 125820, -0.361296
0.1525, 1.33155, 111.8, 149993, 0.158235, 154.894, 125820, -0.356296
0.1575, 1.33122, 111.8, 149993, 0.158235, 154.894, 125820, -0.351296
0.1625, 1.33098, 111.799, 149994, 0.158235, 154.894, 125820, -0.346296
0.1675, 1.33082, 111.798, 149994, 0.158235, 154.894, 125820, -0.341296
0.1725, 1.33073, 111.797, 149995, 0.158235, 154.894, 125820, -0.336296
0.1775, 1.3307, 111.795, 149995, 0.158235, 154.894, 125820, -0.331296
0.1825, 1.33069, 111.793, 149996, 0.158235, 154.894, 125820, -0.326296
0.1875, 1.33072, 111.792, 149997, 0.158235, 154.894, 125820, -0.321296
0.1925, 1.33085, 111.79, 149998, 0.158235, 154.894, 125820, -0.316296
0.1975, 1.33118, 111.789, 149998, 0.158235, 154.894, 125820, -0.311296
0.2025, 1.33164, 111.79, 149998, 0.158235, 154.894, 125820, -0.306296
0.2075, 1.33207, 111.791, 149997, 0.158235, 154.894, 125820, -0.301296
0.2125, 1.33241, 111.792, 149997, 0.158235, 154.894, 125820, -0.296296
0.2175, 1.33266, 111.794, 149996, 0.158235, 154.894, 125820, -0.291296
0.2225, 1.33283, 111.795, 149995, 0.158235, 154.894, 125820, -0.286296
0.2275, 1.33293, 111.797, 149995, 0.158235, 154.894, 125820, -0.281296
0.2325, 1.33299, 111.798, 149994, 0.158235, 154.894, 125820, -0.276296
0.2375, 1.33302, 111.798, 149994, 0.158235, 154.894, 125820, -0.271296
0.2425, 1.33303, 111.798, 149994, 0.158235, 154.894, 125820, -0.266296
0.2475, 1.33302, 111.798, 149994, 0.158235, 154.894, 125820, -0.261296
0.2525, 1.333, 111.798, 149994, 0.158235, 154.894, 125820, -0.256296
0.2575, 1.33298, 111.798, 149994, 0.158235, 154.894, 125820, -0.251296
0.2625, 1.33297, 111.798, 149994, 0.158235, 154.894, 125820, -0.246296
0.2675, 1.33297, 111.798, 149994, 0.158235, 154.894, 125820, -0.241296
0.2725, 1.33297, 111.798, 149994, 0.158235, 154.894, 125820, -0.236296
0.2775, 1.33301, 111.798, 149994, 0.158235, 154.894, 125820, -0.231296
0.2825, 1.3331, 111.797, 149995, 0.158235, 154.894, 125820, -0.226296
0.2875, 1.33322, 111.796, 149995, 0.158235, 154.894, 125820, -0.221296
0.2925, 1.33331, 111.795, 149996, 0.158235, 154.894, 125820, -0.216296
0.2975, 1.33337, 111.793, 149996, 0.158235, 154.894, 125820, -0.211296
0.3025, 1.33341, 111.792, 149997, 0.158235, 154.894, 125820, -0.206296
0.3075, 1.33342, 111.792, 149997, 0.158235, 154.894, 125820, -0.201296
0.3125, 1.33342, 111.792, 149997, 0.158235, 154.894, 125820, -0.196296
0.3175, 1.3334, 111.792, 149997, 0.158235, 154.894, 125820, -0.191296
0.3225, 1.33334, 111.793, 149996, 0.158235, 154.894, 125820, -0.186296
0.3275, 1.33324, 111.794, 149996, 0.158235, 154.894, 125820, -0.181296
0.3325, 1.33316, 111.795, 149995, 0.158235, 154.894, 125820, -0.176296
0.3375, 1.3331, 111.796, 149995, 0.158235, 154.894, 125820, -0.171296
0.3425, 1.33308, 111.797, 149995, 0.158235, 154.894, 125820, -0.166296
0.3475, 1.33307, 111.797, 149995, 0.158235, 154.894, 125820, -0.161296
0.3525, 1.33308, 111.797, 149995, 0.158235, 154.894, 125820, -0.156296
0.3575, 1.33311, 111.797, 149995, 0.158235, 154.894, 125820, -0.151296
0.3625, 1.33321, 111.796, 149995, 0.158235, 154.894, 125820, -0.146296
0.3675, 1.33332, 111.797, 149995, 0.158235, 154.894, 125820, -0.141296
0.3725, 1.33341, 111.797, 149995, 0.158235, 154.894, 125820, -0.136296
0.3775, 1.33347, 111.797, 149995, 0.158235, 154.894, 125820, -0.131296
0.3825, 1.3335, 111.797, 149995, 0.158235, 154.894, 125820, -0.126296
0.3875, 1.3335, 111.797, 149995, 0.158235, 154.894, 125820, -0.121296
0.3925, 1.3335, 111.796, 149995, 0.158235, 154.894, 125820, -0.116296
0.3975, 1.33347, 111.794, 149996, 0.158235, 154.894, 125820, -0.111296
0.4025, 1.33336, 111.792, 149997, 0.158235, 154.894, 125820, -0.106296
0.4075, 1.33323, 111.79, 149998, 0.158235, 154.894, 125820, -0.101296
0.4125, 1.33313, 111.789, 149999, 0.158235, 154.894, 125820, -0.0962962
0.4175, 1.33308, 111.788, 149999, 0.158235, 154.894, 125820, -0.0912962
0.4225, 1.33306, 111.788, 149999, 0.158235, 154.894, 125820, -0.0862962
0.4275, 1.33306, 111.788, 149999, 0.158235, 154.894, 125820, -0.0812962
0.4325, 1.33311, 111.789, 149999, 0.158235, 154.894, 125820, -0.0762962
0.4375, 1.3332, 111.793, 149996, 0.158235, 154.894, 125820, -0.0712962
0.4425, 1.33325, 111.808, 149988, 0.158235, 154.894, 125820, -0.0662962
0.4475, 1.33321, 111.842, 149971, 0.158235, 154.894, 125820, -0.0612963
0.4525, 1.33301, 111.926, 149927, 0.158235, 154.894, 125820, -0.0562965
0.4575, 1.33232, 112.151, 149808, 0.158235, 154.894, 125820, -0.0512971
0.4625, 1.33033, 112.756, 149488, 0.158235, 154.894, 125820, -0.0462986
0.4675, 1.32513, 114.318, 148666, 0.158235, 154.894, 125820, -0.0413026
0.4725, 1.31136, 118.445, 146499, 0.158235, 154.894, 125820, -0.0363136
0.4775, 1.28805, 125.48, 142836, 0.158235, 154.894, 125820, -0.0313339
0.4825, 1.2606, 134.033, 138615, 0.158235, 154.894, 125820, -0.0263602
0.4875, 1.23518, 142.545, 134861, 0.158235, 154.894, 125820, -0.0213868
0.4925, 1.21401, 149.651, 131786, 0.158235, 154.894, 125820, -0.0164092
0.4975, 1.19709, 154.011, 129262, 0.158235, 154.894, 125820, -0.0114233
0.5025, 1.18469, 155.302, 127350, 0.158235, 154.894, 125820, -0.00642746
0.5075, 1.17722, 154.995, 126209, 0.158235, 154.895, 125820, -0.00142652
0.5125, 1.17469, 154.816, 125838, 0.158226, 154.827, 125808, 0.00357392
0.5175, 1.17459, 154.894, 125820, 0.158126, 154.099, 125675, 0.00857659
0.5225, 1.17459, 154.894, 125820, 0.157974, 152.997, 125475, 0.013584
0.5275, 1.17459, 154.894, 125820, 0.157619, 150.412, 125005, 0.0185927
0.5325, 1.17459, 154.894, 125820, 0.157206, 147.414, 124462, 0.0236037
0.5375, 1.17459, 154.894, 125820, 0.156691, 143.655, 123784, 0.0286165
0.5425, 1.17459, 154.894, 125820, 0.156115, 139.439, 123027, 0.0336295
0.5475, 1.17459, 154.894, 125820, 0.155546, 135.25, 122279, 0.0386426
0.5525, 1.17459, 154.894, 125820, 0.154939, 130.779, 121484, 0.0436608
0.5575, 1.17459, 154.894, 125820, 0.153998, 123.85, 120260, 0.048694
0.5625, 1.17459, 154.894, 125820, 0.152314, 111.346, 118077, 0.0537457
0.5675, 1.17459, 154.894, 125820, 0.149897, 93.2121, 114968, 0.0588042
0.5725, 1.17459, 154.894, 125820, 0.147379, 74.0935, 111761, 0.0638575
0.5775, 1.17459, 154.894, 125820, 0.14517, 57.1066, 108972, 0.0689031
0.5825, 1.17459, 154.894, 125820, 0.143341, 42.9086, 106683, 0.0739398
0.5875, 1.17459, 154.894, 125820, 0.141904, 31.6795, 104901, 0.078968
0.5925, 1.17459, 154.894, 125820, 0.140818, 23.1429, 103562, 0.0839892
0.5975, 1.17459, 154.894, 125820, 0.140016, 16.8067, 102577, 0.0890047
0.6025, 1.17459, 154.894, 125820, 0.13943, 12.1681, 101860, 0.0940161
0.6075, 1.17459, 154.894, 125820, 0.139005, 8.79759, 101342, 0.0990243
0.6125, 1.17459, 154.894, 125820, 0.138698, 6.35787, 100969, 0.10403
0.6175, 1.17459, 154.894, 125820, 0.138476, 4.59482, 100699, 0.109035
0.6225, 1.17459, 154.894, 125820, 0.138317, 3.32139, 100505, 0.114038
0.6275, 1.17459, 154.894, 125820, 0.138201, 2.40152, 100365, 0.11904
0.6325, 1.17459, 154.894, 125820, 0.138118, 1.73682, 100264, 0.124042
0.6375, 1.17459, 154.894, 125820, 0.138057, 1.25629, 100191, 0.129043
0.6425, 1.17459, 154.894, 125820, 0.138014, 0.908778, 100138, 0.134044
0.6475, 1.17459, 154.894, 125820, 0.137982, 0.65737, 100100, 0.139044
0.6525, 1.17459, 154.894, 125820, 0.13796, 0.475445, 100072, 0.144045
0.6575, 1.17459, 154.894, 125820, 0.137943, 0.34378, 100052, 0.149045
0.6625, 1.17459, 154.894, 125820, 0.137931, 0.248484, 100038, 0.154045
0.6675, 1.17459, 154.894, 125820, 0.137922, 0.179513, 100027, 0.159045
0.6725, 1.17459, 154.894, 125820, 0.137916, 0.129601, 100020, 0.164046
0.6775, 1.17459, 154.894, 125820, 0.137912, 0.0934894, 100014, 0.169046
0.6825, 1.17459, 154.894, 125820, 0.137908, 0.06737, 100010, 0.174046
0.6875, 1.17459, 154.894, 125820, 0.137906, 0.0484852, 100007, 0.179046
0.6925, 1.17459, 154.894, 125820, 0.137904, 0.0348376, 100005, 0.184046
0.6975, 1.17459, 154.894, 125820, 0.137903, 0.0249805, 100004, 0.189046
0.7025, 1.17459, 154.894, 125820, 0.137902, 0.0178661, 100003, 0.194046
0.7075, 1.17459, 154.894, 125820, 0.137902, 0.0127356, 100002, 0.199046
0.7125, 1.17459, 154.894, 125820, 0.137901, 0.00903954, 100001, 0.204046
0.7175, 1.17459, 154.894, 125820, 0.137901, 0.00637997, 100001, 0.209046
0.7225, 1.17459, 154.894, 125820, 0.137901, 0.0044686, 100001, 0.214046
0.7275, 1.17459, 154.894, 125820, 0.1379, 0.00309649, 100000, 0.219046
0.7325, 1.17459, 154.894, 125820, 0.1379, 0.00211222, 100000, 0.224046
0.7375, 1.17459, 154.894, 125820, 0.1379, 0.00140612, 100000, 0.229046
0.7425, 1.17459, 154.894, 125820, 0.1379, 0.000898979, 100000, 0.234046
0.7475, 1.17459, 154.894, 125820, 0.1379, 0.000533806, 100000, 0.239046
0.7525, 1.17459, 154.894, 125820, 0.1379, 0.000269844, 100000, 0.244046
0.7575, 1.17459, 154.894, 125820, 0.1379, 7.81253e-05, 100000, 0.249046
0.7625, 1.17459, 154.894, 125820, 0.1379, -6.18126e-05, 100000, 0.254046
0.7675, 1.17459, 154.894, 125820, 0.1379, -0.000164368, 100000, 0.259046
0.7725, 1.17459, 154.894, 125820, 0.1379, -0.000239667, 100000, 0.264046
0.7775, 1.17459, 154.894, 125820, 0.1379, -0.000294867, 100000, 0.269046
0.7825, 1.17459, 154.894, 125820, 0.1379, -0.000335105, 99999.9, 0.274046
0.7875, 1.17459, 154.894, 125820, 0.1379, -0.000364152, 99999.9, 0.279046
0.7925, 1.17459, 154.894, 125820, 0.1379, -0.000384858, 99999.9, 0.284046
0.7975, 1.17459, 154.894, 125820, 0.1379, -0.000399416, 99999.9, 0.289046
0.8025, 1.17459, 154.894, 125820, 0.1379, -0.000409523, 99999.9, 0.294046
0.8075, 1.17459, 154.894, 125820, 0.1379, -0.000416469, 99999.9, 0.299046
0.8125, 1.17459, 154.894, 125820, 0.1379, -0.000421207, 99999.9, 0.304046
0.8175, 1.17459, 154.894, 125820, 0.1379, -0.000424419, 99999.9, 0.309046
0.8225, 1.17459, 154.894, 125820, 0.1379, -0.000426577, 99999.9, 0.314046
0.8275, 1.17459, 154.894, 125820, 0.1379, -0.000428009, 99999.9, 0.319046
0.8325, 1.17459, 154.894, 125820, 0.1379, -0.000428938, 99999.9, 0.324046
0.8375, 1.17459, 154.894, 125820, 0.1379, -0.000429523, 99999.9, 0.329046
0.8425, 1.17459, 154.894, 125820, 0.1379, -0.000429876, 99999.9, 0.334046
0.8475, 1.17459, 154.894, 125820, 0.1379, -0.000430077, 99999.9, 0.339046
0.8525, 1.17459, 154.894, 125820, 0.1379, -0.000430184, 99999.9, 0.344046
0.8575, 1.17459, 154.894, 125820, 0.1379, -0.000430235, 99999.9, 0.349046
0.8625, 1.17459, 154.894, 125820, 0.1379, -0.000430255, 99999.9, 0.354046
0.8675, 1.17459, 154.894, 125820, 0.1379, -0.00043026, 99999.9, 0.359046
0.8725, 1.17459, 154.894, 125820, 0.1379, -0.000430257, 99999.9, 0.364046
0.8775, 1.17459, 154.894, 125820, 0.1379, -0.000430242, 99999.9, 0.369046
0.8825, 1.17459, 154.894, 125820, 0.1379, -0.000430222, 99999.9, 0.374046
0.8875, 1.17459, 154.894, 125820, 0.1379, -0.000430207, 99999.9, 0.379046
0.8925, 1.17459, 154.894, 125820, 0.1379, -0.000430195, 99999.9, 0.384046
0.8975, 1.17459, 154.894, 125820, 0.1379, -0.000430186, 99999.9, 0.389046
0.9025, 1.17459, 154.894, 125820, 0.1379, -0.000430179, 99999.9, 0.394046
0.9075, 1.17459, 154.894, 125820, 0.1379, -0.000430174, 99999.9, 0.399046
0.9125, 1.17459, 154.894, 125820, 0.1379, -0.00043017, 99999.9, 0.404046
0.9175, 1.17459, 154.894, 125820, 0.1379, -0.000430167, 99999.9, 0.409046
0.9225, 1.17459, 154.894, 125820, 0.1379, -0.000430165, 99999.9, 0.414046
0.9275, 1.17459, 154.894, 125820, 0.1379, -0.000430163, 99999.9, 0.419046
0.9325, 1.17459, 154.894, 125820, 0.1379, -0.000430162, 99999.9, 0.424046
0.9375, 1.17459, 154.894, 125820, 0.1379, -0.000430162, 99999.9, 0.429046
0.9425, 1.17459, 154.894, 125820, 0.1379, -0.000430161, 99999.9, 0.434046
0.9475, 1.17459, 154.894, 125820, 0.1379, -0.000430161, 99999.9, 0.439046
0.9525, 1.17459, 154.894, 125820, 0.1379, -0.000430161, 99999.9, 0.444046
0.9575, 1.17459, 154.894, 125820, 0.1379, -0.00043016, 99999.9, 0.449046
0.9625, 1.17459, 154.894, 125820, 0.1379, -0.00043016, 99999.9, 0.454046
0.9675, 1.17459, 154.894, 125820, 0.1379, -0.00043016, 99999.9, 0.459046
0.9725, 1.17459, 154.894, 125820, 0.1379, -0.00043016, 99999.9, 0.464046
0.9775, 1.17459, 154.894, 125820, 0.1379, -0.00043016, 99999.9, 0.469046
0.9825, 1.17459, 154.894, 125820, 0.1379, -0.00043016, 99999.9, 0.474046
0.9875, 1.17459, 154.894, 125820, 0.1379, -0.00043016, 99999.9, 0.479046
0.9925, 1.17459, 154.894, 125820, 0.1379, -0.00043016, 99999.9, 0.484046
0.9975, 1.17459, 154.894, 125820, 0.1379, -0.00043016, 99999.9, 0.489046
