0.0025, 1.33292, 111.803, 149991, 0.139683, 14.1675, 102168, -0.497659
0.0075, 1.33293, 111.801, 149992, 0.139683, 14.1675, 102168, -0.493059
0.0125, 1.33293, 111.798, 149994, 0.139683, 14.1675, 102168, -0.488059
0.0175, 1.33294, 111.797, 149994, 0.139683, 14.1675, 102168, -0.483059
0.0225, 1.33294, 111.796, 149995, 0.139683, 14.1675, 102168, -0.478059
0.0275, 1.33295, 111.795, 149995, 0.139683, 14.1675, 102168, -0.473059
0.0325, 1.33295, 111.795, 149996, 0.139683, 14.1675, 102168, -0.468059
0.0375, 1.33295, 111.795, 149996, 0.139683, 14.1675, 102168, -0.463059
0.0425, 1.33294, 111.795, 149995, 0.139683, 14.1675, 102168, -0.458059
0.0475, 1.33294, 111.796, 149995, 0.139683, 14.1675, 102168, -0.453059
0.0525, 1.33294, 111.798, 149994, 0.139683, 14.1675, 102168, -0.448059
0.0575, 1.33293, 111.799, 149993, 0.139683, 14.1675, 102168, -0.443059
0.0625, 1.33293, 111.8, 149993, 0.139683, 14.1675, 102168, -0.438059
0.0675, 1.33294, 111.801, 149992, 0.139683, 14.1675, 102168, -0.433059
0.0725, 1.33294, 111.801, 149992, 0.139683, 14.1675, 102168, -0.428059
0.0775, 1.33294, 111.801, 149992, 0.139683, 14.1675, 102168, -0.423059
0.0825, 1.33295, 111.8, 149993, 0.139683, 14.1675, 102168, -0.418059
0.0875, 1.33296, 111.8, 149993, 0.139683, 14.1675, 102168, -0.413059
0.0925, 1.33297, 111.799, 149994, 0.139683, 14.1675, 102168, -0.408059
0.0975, 1.33297, 111.797, 149994, 0.139683, 14.1675, 102168, -0.403059
0.1025, 1.33298, 111.796, 149995, 0.139683, 14.1675, 102168, -0.398059
0.1075, 1.33298, 111.794, 149996, 0.139683, 14.1675, 102168, -0.393059
0.1125, 1.33297, 111.793, 149997, 0.139683, 14.1675, 102168, -0.388059
0.1175, 1.33296, 111.792, 149997, 0.139683, 14.1675, 102168, -0.383059
0.1225, 1.33292, 111.792, 149997, 0.139683, 14.1675, 102168, -0.378059
0.1275, 1.33279, 111.793, 149997, 0.139683, 14.1675, 102168, -0.373059
0.1325, 1.3325, 111.794, 149996, 0.139683, 14.1675, 102168, -0.368059
0.1375, 1.33206, 111.796, 149995, 0.139683, 14.1675, 102168, -0.363059
0.1425, 1.33161, 111.798, 149994, 0.139683, 14.1675, 102168, -0.358059
0.1475, 1.33123, 111.799, 149993, 0.139683, 14.1675, 102168, -0.353059
0.1525, 1.33094, 111.8, 149993, 0.139683, 14.1675, 102168, -0.348059
0.1575, 1.33075, 111.8, 149992, 0.139683, 14.1675, 102168, -0.343059
0.1625, 1.33064, 111.8, 149992, 0.139683, 14.1675, 102168, -0.338059
0.1675, 1.33059, 111.8, 149992, 0.139683, 14.1675, 102168, -0.333059
0.1725, 1.33058, 111.8, 149993, 0.139683, 14.1675, 102168, -0.328059
0.1775, 1.3306, 111.8, 149993, 0.139683, 14.1675, 102168, -0.323059
0.1825, 1.33073, 111.799, 149993, 0.139683, 14.1675, 102168, -0.318059
0.1875, 1.33106, 111.799, 149994, 0.139683, 14.1675, 102168, -0.313059
0.1925, 1.33156, 111.798, 149994, 0.139683, 14.1675, 102168, -0.308059
0.1975, 1.33204, 111.797, 149995, 0.139683, 14.1675, 102168, -0.303059
0.2025, 1.33242, 111.795, 149996, 0.139683, 14.1675, 102168, -0.298059
0.2075, 1.3327, 111.794, 149997, 0.139683, 14.1675, 102168, -0.293059
0.2125, 1.33289, 111.792, 149997, 0.139683, 14.1675, 102168, -0.288059
0.2175, 1.33301, 111.791, 149998, 0.139683, 14.1675, 102168, -0.283059
0.2225, 1.33307, 111.79, 149998, 0.139683, 14.1675, 102168, -0.278059
0.2275, 1.33309, 111.79, 149998, 0.139683, 14.1675, 102168, -0.273059
0.2325, 1.33309, 111.79, 149998, 0.139683, 14.1675, 102168, -0.268059
0.2375, 1.33307, 111.792, 149997, 0.139683, 14.1675, 102168, -0.263059
0.2425, 1.33302, 111.794, 149996, 0.139683, 14.1675, 102168, -0.258059
0.2475, 1.33297, 111.796, 149995, 0.139683, 14.1675, 102168, -0.253059
0.2525, 1.33295, 111.797, 149994, 0.139683, 14.1675, 102168, -0.248059
0.2575, 1.33294, 111.798, 149994, 0.139683, 14.1675, 102168, -0.243059
0.2625, 1.33294, 111.798, 149993, 0.139683, 14.1675, 102168, -0.238059
0.2675, 1.33297, 111.798, 149993, 0.139683, 14.1675, 102168, -0.233059
0.2725, 1.33306, 111.798, 149993, 0.139683, 14.1675, 102168, -0.228059
0.2775, 1.33319, 111.798, 149994, 0.139683, 14.1675, 102168, -0.223059
0.2825, 1.3333, 111.798, 149994, 0.139683, 14.1675, 102168, -0.218059
0.2875, 1.33338, 111.798, 149994, 0.139683, 14.1675, 102168, -0.213059
0.2925, 1.33342, 111.798, 149994, 0.139683, 14.1675, 102168, -0.208059
0.2975, 1.33344, 111.798, 149994, 0.139683, 14.1675, 102168, -0.203059
0.3025, 1.33344, 111.798, 149994, 0.139683, 14.1675, 102168, -0.198059
0.3075, 1.33343, 111.797, 149994, 0.139683, 14.1675, 102168, -0.193059
0.3125, 1.33337, 111.797, 149995, 0.139683, 14.1675, 102168, -0.188059
0.3175, 1.33326, 111.795, 149996, 0.139683, 14.1675, 102168, -0.183059
0.3225, 1.33316, 111.794, 149997, 0.139683, 14.1675, 102168, -0.178059
0.3275, 1.33309, 111.793, 149997, 0.139683, 14.1675, 102168, -0.173059
0.3325, 1.33306, 111.792, 149998, 0.139683, 14.1675, 102168, -0.168059
0.3375, 1.33304, 111.792, 149997, 0.139683, 14.1675, 102168, -0.163059
0.3425, 1.33304, 111.792, 149997, 0.139683, 14.1675, 102168, -0.158059
0.3475, 1.33308, 111.792, 149997, 0.139683, 14.1675, 102168, -0.153059
0.3525, 1.33318, 111.794, 149996, 0.139683, 14.1675, 102168, -0.148059
0.3575, 1.33331, 111.795, 149995, 0.139683, 14.1675, 102168, -0.143059
0.3625, 1.33342, 111.797, 149994, 0.139683, 14.1675, 102168, -0.138059
0.3675, 1.33349, 111.797, 149994, 0.139683, 14.1675, 102168, -0.133059
0.3725, 1.33353, 111.797, 149994, 0.139683, 14.1675, 102168, -0.128059
0.3775, 1.33355, 111.797, 149994, 0.139683, 14.1675, 102168, -0.123059
0.3825, 1.33355, 111.797, 149995, 0.139683, 14.1675, 102168, -0.118059
0.3875, 1.33353, 111.797, 149995, 0.139683, 14.1675, 102168, -0.113059
0.3925, 1.33342, 111.797, 149995, 0.139683, 14.1675, 102168, -0.108059
0.3975, 1.33324, 111.797, 149995, 0.139683, 14.1675, 102168, -0.103059
0.4025, 1.33308, 111.797, 149995, 0.139683, 14.1675, 102168, -0.0980586
0.4075, 1.33298, 111.797, 149994, 0.139683, 14.1675, 102168, -0.0930586
0.4125, 1.33295, 111.797, 149994, 0.139683, 14.1675, 102168, -0.0880586
0.4175, 1.33294, 111.796, 149995, 0.139683, 14.1675, 102168, -0.0830586
0.4225, 1.333, 111.795, 149995, 0.139683, 14.1675, 102168, -0.0780586
0.4275, 1.33316, 111.793, 149997, 0.139683, 14.1675, 102168, -0.0730586
0.4325, 1.33335, 111.792, 149999, 0.139683, 14.1675, 102168, -0.0680585
0.4375, 1.33348, 111.789, 150000, 0.139683, 14.1675, 102168, -0.0630585
0.4425, 1.33356, 111.786, 149999, 0.139683, 14.1675, 102168, -0.0580585
0.4475, 1.33359, 111.783, 149997, 0.139683, 14.1675, 102168, -0.0530585
0.4525, 1.33357, 111.772, 149989, 0.139683, 14.1675, 102168, -0.0480584
0.4575, 1.3334, 111.729, 149962, 0.139683, 14.1675, 102168, -0.0430582
0.4625, 1.33265, 111.554, 149866, 0.139683, 14.1675, 102168, -0.0380573
0.4675, 1.33029, 110.928, 149534, 0.139683, 14.1675, 102168, -0.033054
0.4725, 1.32244, 108.534, 148300, 0.139683, 14.1675, 102168, -0.02804
0.4775, 1.28958, 98.8151, 143213, 0.139683, 14.1675, 102168, -0.0229905
0.4825, 1.21244, 75.3149, 131453, 0.139683, 14.1675, 102168, -0.0178943
0.4875, 1.12477, 46.9161, 118231, 0.139683, 14.1675, 102168, -0.0127983
0.4925, 1.06093, 26.031, 108772, 0.139683, 14.1675, 102168, -0.00773387
0.4975, 1.02512, 15.7522, 103580, 0.139682, 14.159, 102167, -0.00270353
0.5025, 1.01533, 13.8851, 102184, 0.139626, 13.7174, 102099, 0.00230238
0.5075, 1.01523, 14.1676, 102168, 0.139176, 10.1533, 101550, 0.00731252
0.5125, 1.01523, 14.1675, 102168, 0.138838, 7.46935, 101139, 0.0123201
0.5175, 1.01523, 14.1675, 102168, 0.138587, 5.47045, 100833, 0.0173257
0.5225, 1.01523, 14.1675, 102168, 0.138401, 3.99363, 100608, 0.0223298
0.5275, 1.01523, 14.1675, 102168, 0.138265, 2.90875, 100442, 0.0273329
0.5325, 1.01523, 14.1675, 102168, 0.138165, 2.11502, 100321, 0.0323351
0.5375, 1.01523, 14.1675, 102168, 0.138093, 1.53596, 100233, 0.0373367
0.5425, 1.01523, 14.1675, 102168, 0.13804, 1.11438, 100169, 0.0423378
0.5475, 1.01523, 14.1675, 102168, 0.138001, 0.807881, 100123, 0.0473387
0.5525, 1.01523, 14.1675, 102168, 0.137973, 0.585293, 100089, 0.0523393
0.5575, 1.01523, 14.1675, 102168, 0.137953, 0.42377, 100064, 0.0573398
0.5625, 1.01523, 14.1675, 102168, 0.137938, 0.306631, 100047, 0.0623401
0.5675, 1.01523, 14.1675, 102168, 0.137928, 0.221724, 100034, 0.0673403
0.5725, 1.01523, 14.1675, 102168, 0.13792, 0.16021, 100024, 0.0723405
0.5775, 1.01523, 14.1675, 102168, 0.137914, 0.115663, 100018, 0.0773406
0.5825, 1.01523, 14.1675, 102168, 0.13791, 0.0834184, 100013, 0.0823407
0.5875, 1.01523, 14.1675, 102168, 0.137908, 0.0600907, 100009, 0.0873408
0.5925, 1.01523, 14.1675, 102168, 0.137905, 0.0432231, 100007, 0.0923408
0.5975, 1.01523, 14.1675, 102168, 0.137904, 0.0310341, 100005, 0.0973408
0.6025, 1.01523, 14.1675, 102168, 0.137903, 0.0222319, 100003, 0.102341
0.6075, 1.01523, 14.1675, 102168, 0.137902, 0.0158804, 100002, 0.107341
0.6125, 1.01523, 14.1675, 102168, 0.137901, 0.0113015, 100002, 0.112341
0.6175, 1.01523, 14.1675, 102168, 0.137901, 0.00800406, 100001, 0.117341
0.6225, 1.01523, 14.1675, 102168, 0.137901, 0.00563255, 100001, 0.122341
0.6275, 1.01523, 14.1675, 102168, 0.1379, 0.00392937, 100001, 0.127341
0.6325, 1.01523, 14.1675, 102168, 0.1379, 0.00270783, 100000, 0.132341
0.6375, 1.01523, 14.1675, 102168, 0.1379, 0.00183252, 100000, 0.137341
0.6425, 1.01523, 14.1675, 102168, 0.1379, 0.0012053, 100000, 0.142341
0.6475, 1.01523, 14.1675, 102168, 0.1379, 0.000755197, 100000, 0.147341
0.6525, 1.01523, 14.1675, 102168, 0.1379, 0.000431095, 100000, 0.152341
0.6575, 1.01523, 14.1675, 102168, 0.1379, 0.000196509, 100000, 0.157341
0.6625, 1.01523, 14.1675, 102168, 0.1379, 2.56649e-05, 100000, 0.162341
0.6675, 1.01523, 14.1675, 102168, 0.1379, -9.94841e-05, 100000, 0.167341
0.6725, 1.01523, 14.1675, 102168, 0.1379, -0.00019156, 100000, 0.172341
0.6775, 1.01523, 14.1675, 102168, 0.1379, -0.000259439, 100000, 0.177341
0.6825, 1.01523, 14.1675, 102168, 0.1379, -0.000309401, 100000, 0.182341
0.6875, 1.01523, 14.1675, 102168, 0.1379, -0.000345923, 99999.9, 0.187341
0.6925, 1.01523, 14.1675, 102168, 0.1379, -0.000372266, 99999.9, 0.192341
0.6975, 1.01523, 14.1675, 102168, 0.1379, -0.000390912, 99999.9, 0.197341
0.7025, 1.01523, 14.1675, 102168, 0.1379, -0.000403843, 99999.9, 0.202341
0.7075, 1.01523, 14.1675, 102168, 0.1379, -0.000412666, 99999.9, 0.207341
0.7125, 1.01523, 14.1675, 102168, 0.1379, -0.000418635, 99999.9, 0.212341
0.7175, 1.01523, 14.1675, 102168, 0.1379, -0.000422671, 99999.9, 0.217341
0.7225, 1.01523, 14.1675, 102168, 0.1379, -0.000425405, 99999.9, 0.222341
0.7275, 1.01523, 14.1675, 102168, 0.1379, -0.000427248, 99999.9, 0.227341
0.7325, 1.01523, 14.1675, 102168, 0.1379, -0.000428471, 99999.9, 0.232341
0.7375, 1.01523, 14.1675, 102168, 0.1379, -0.000429258, 99999.9, 0.237341
0.7425, 1.01523, 14.1675, 102168, 0.1379, -0.000429742, 99999.9, 0.242341
0.7475, 1.01523, 14.1675, 102168, 0.1379, -0.00043002, 99999.9, 0.247341
0.7525, 1.01523, 14.1675, 102168, 0.1379, -0.000430168, 99999.9, 0.252341
0.7575, 1.01523, 14.1675, 102168, 0.1379, -0.000430239, 99999.9, 0.257341
0.7625, 1.01523, 14.1675, 102168, 0.1379, -0.000430266, 99999.9, 0.262341
0.7675, 1.01523, 14.1675, 102168, 0.1379, -0.000430273, 99999.9, 0.267341
0.7725, 1.01523, 14.1675, 102168, 0.1379, -0.000430272, 99999.9, 0.272341
0.7775, 1.01523, 14.1675, 102168, 0.1379, -0.000430256, 99999.9, 0.277341
0.7825, 1.01523, 14.1675, 102168, 0.1379, -0.000430234, 99999.9, 0.282341
0.7875, 1.01523, 14.1675, 102168, 0.1379, -0.000430217, 99999.9, 0.287341
0.7925, 1.01523, 14.1675, 102168, 0.1379, -0.000430203, 99999.9, 0.292341
0.7975, 1.01523, 14.1675, 102168, 0.1379, -0.000430192, 99999.9, 0.297341
0.8025, 1.01523, 14.1675, 102168, 0.1379, -0.000430184, 99999.9, 0.302341
0.8075, 1.01523, 14.1675, 102168, 0.1379, -0.000430177, 99999.9, 0.307341
0.8125, 1.01523, 14.1675, 102168, 0.1379, -0.000430172, 99999.9, 0.312341
0.8175, 1.01523, 14.1675, 102168, 0.1379, -0.000430169, 99999.9, 0.317341
0.8225, 1.01523, 14.1675, 102168, 0.1379, -0.000430166, 99999.9, 0.322341
0.8275, 1.01523, 14.1675, 102168, 0.1379, -0.000430164, 99999.9, 0.327341
0.8325, 1.01523, 14.1675, 102168, 0.1379, -0.000430163, 99999.9, 0.332341
0.8375, 1.01523, 14.1675, 102168, 0.1379, -0.000430162, 99999.9, 0.337341
0.8425, 1.01523, 14.1675, 102168, 0.1379, -0.000430161, 99999.9, 0.342341
0.8475, 1.01523, 14.1675, 102168, 0.1379, -0.000430161, 99999.9, 0.347341
0.8525, 1.01523, 14.1675, 102168, 0.1379, -0.000430161, 99999.9, 0.352341
0.8575, 1.01523, 14.1675, 102168, 0.1379, -0.00043016, 99999.9, 0.357341
0.8625, 1.01523, 14.1675, 102168, 0.1379, -0.00043016, 99999.9, 0.362341
0.8675, 1.01523, 14.1675, 102168, 0.1379, -0.00043016, 99999.9, 0.367341
0.8725, 1.01523, 14.1675, 102168, 0.1379, -0.00043016, 99999.9, 0.372341
0.8775, 1.01523, 14.1675, 102168, 0.1379, -0.00043016, 99999.9, 0.377341
0.8825, 1.01523, 14.1675, 102168, 0.1379, -0.00043016, 99999.9, 0.382341
0.8875, 1.01523, 14.1675, 102168, 0.1379, -0.00043016, 99999.9, 0.387341
0.8925, 1.01523, 14.1675, 102168, 0.1379, -0.00043016, 99999.9, 0.392341
0.8975, 1.01523, 14.1675, 102168, 0.1379, -0.00043016, 99999.9, 0.397341
0.9025, 1.01523, 14.1675, 102168, 0.1379, -0.00043016, 99999.9, 0.402341
0.9075, 1.01523, 14.1675, 102168, 0.1379, -0.00043016, 99999.9, 0.407341
0.9125, 1.01523, 14.1675, 102168, 0.1379, -0.00043016, 99999.9, 0.412341
0.9175, 1.01523, 14.1675, 102168, 0.1379, -0.00043016, 99999.9, 0.417341
0.9225, 1.01523, 14.1675, 102168, 0.1379, -0.00043016, 99999.9, 0.422341
0.9275, 1.01523, 14.1675, 102168, 0.1379, -0.00043016, 99999.9, 0.427341
0.9325, 1.01523, 14.1675, 102168, 0.1379, -0.00043016, 99999.9, 0.432341
0.9375, 1.01523, 14.1675, 102168, 0.1379, -0.00043016, 99999.9, 0.437341
0.9425, 1.01523, 14.1675, 102168, 0.1379, -0.00043016, 99999.9, 0.442341
0.9475, 1.01523, 14.1675, 102168, 0.1379, -0.00043016, 99999.9, 0.447341
0.9525, 1.01523, 14.1675, 102168, 0.1379, -0.00043016, 99999.9, 0.452341
0.9575, 1.01523, 14.1675, 102168, 0.1379, -0.00043016, 99999.9, 0.457341
0.9625, 1.01523, 14.1675, 102168, 0.1379, -0.00043016, 99999.9, 0.462341
0.9675, 1.01523, 14.1675, 102168, 0.1379, -0.00043016, 99999.9, 0.467341
0.9725, 1.01523, 14.1675, 102168, 0.1379, -0.00043016, 99999.9, 0.472341
0.9775, 1.01523, 14.1675, 102168, 0.1379, -0.00043016, 99999.9, 0.477341
0.9825, 1.01523, 14.1675, 102168, 0.1379, -0.00043016, 99999.9, 0.482341
0.9875, 1.01523, 14.1675, 102168, 0.1379, -0.00043016, 99999.9, 0.487341
0.9925, 1.01523, 14.1675, 102168, 0.1379, -0.00043016, 99999.9, 0.492341
0.9975, 1.01523, 14.1675, 102168, 0.1379, -0.00043016, 99999.9, 0.497341
