0.0025, 1.33259, 111.909, 149935, 0.1379, -0.000238419, 99999.9, -0.4975
0.0075, 1.33229, 111.997, 149889, 0.1379, -0.000238419, 99999.9, -0.492907
0.0125, 1.33198, 112.086, 149842, 0.1379, -0.000238419, 99999.9, -0.487907
0.0175, 1.33186, 112.126, 149820, 0.1379, -0.000238419, 99999.9, -0.482908
0.0225, 1.33184, 112.136, 149815, 0.1379, -0.000238419, 99999.9, -0.477908
0.0275, 1.33188, 112.128, 149819, 0.1379, -0.000238419, 99999.9, -0.472908
0.0325, 1.3321, 112.078, 149845, 0.1379, -0.000238419, 99999.9, -0.467907
0.0375, 1.33241, 111.989, 149892, 0.1379, -0.000238419, 99999.9, -0.462907
0.0425, 1.33255, 111.91, 149935, 0.1379, -0.000238419, 99999.9, -0.457907
0.0475, 1.33253, 111.866, 149962, 0.1379, -0.000238419, 99999.9, -0.452907
0.0525, 1.33243, 111.847, 149973, 0.1379, -0.000238419, 99999.9, -0.447907
0.0575, 1.33205, 111.843, 149971, 0.1379, -0.000238419, 99999.9, -0.442907
0.0625, 1.33114, 111.856, 149963, 0.1379, -0.000238419, 99999.9, -0.437907
0.0675, 1.32985, 111.871, 149958, 0.1379, -0.000238419, 99999.9, -0.432907
0.0725, 1.32869, 111.879, 149964, 0.1379, -0.000238419, 99999.9, -0.427907
0.0775, 1.32807, 111.874, 149974, 0.1379, -0.000238419, 99999.9, -0.422907
0.0825, 1.32793, 111.845, 149978, 0.1379, -0.000238419, 99999.9, -0.417907
0.0875, 1.32817, 111.78, 149955, 0.1379, -0.000238419, 99999.9, -0.412906
0.0925, 1.32862, 111.563, 149834, 0.1379, -0.000238419, 99999.9, -0.407905
0.0975, 1.32798, 110.775, 149412, 0.1379, -0.000238419, 99999.9, -0.402901
0.1025, 1.31873, 107.22, 147570, 0.1379, -0.000238419, 99999.9, -0.39788
0.1075, 1.27288, 93.4344, 140463, 0.1379, -0.000238419, 99999.9, -0.392811
0.1125, 1.18026, 64.4179, 126567, 0.1379, -0.000238419, 99999.9, -0.387696
0.1175, 1.09486, 35.0317, 113794, 0.1379, -0.000238419, 99999.9, -0.3826
0.1225, 1.04345, 16.2484, 106221, 0.1379, -0.000238419, 99999.9, -0.377544
0.1275, 1.01783, 6.68348, 102524, 0.1379, -0.000238419, 99999.9, -0.372518
0.1325, 1.0067, 2.5113, 100943, 0.1379, -0.000238419, 99999.9, -0.367506
0.1375, 1.00233, 0.874455, 100328, 0.1379, -0.000238419, 99999.9, -0.362502
0.1425, 1.00076, 0.283367, 100106, 0.1379, -0.000238419, 99999.9, -0.357501
0.1475, 1.00023, 0.0854029, 100032, 0.1379, -0.000238419, 99999.9, -0.3525
0.1525, 1.00006, 0.0238789, 100009, 0.1379, -0.000238419, 99999.9, -0.3475
0.1575, 1.00002, 0.00617433, 100002, 0.1379, -0.000238419, 99999.9, -0.3425
0.1625, 1, 0.00147131, 100001, 0.1379, -0.000238419, 99999.9, -0.3375
0.1675, 1, 0.000321928, 100000, 0.1379, -0.000238419, 99999.9, -0.3325
0.1725, 1, 6.44225e-05, 100000, 0.1379, -0.000238419, 99999.9, -0.3275
0.1775, 1, 1.17392e-05, 100000, 0.1379, -0.000238419, 99999.9, -0.3225
0.1825, 1, 1.93825e-06, 100000, 0.1379, -0.000238419, 99999.9, -0.3175
0.1875, 1, 2.88323e-07, 100000, 0.1379, -0.000238419, 99999.9, -0.3125
0.1925, 1, 3.83829e-08, 100000, 0.1379, -0.000238419, 99999.9, -0.3075
0.1975, 1, 4.53638e-09, 100000, 0.1379, -0.000238419, 99999.9, -0.3025
0.2025, 1, 4.71346e-10, 100000, 0.1379, -0.000238419, 99999.9, -0.2975
0.2075, 1, 4.2516e-11, 100000, 0.1379, -0.000238419, 99999.9, -0.2925
0.2125, 1, 3.27941e-12, 100000, 0.1379, -0.000238419, 99999.9, -0.2875
0.2175, 1, 2.11575e-13, 100000, 0.1379, -0.000238419, 99999.9, -0.2825
0.2225, 1, 0, 100000, 0.1379, -0.000238419, 99999.9, -0.2775
0.2275, 1, 0, 100000, 0.1379, -0.000238419, 99999.9, -0.2725
0.2325, 1, 0, 100000, 0.1379, -0.000238419, 99999.9, -0.2675
0.2375, 1, 0, 100000, 0.1379, -0.000238419, 99999.9, -0.2625
0.2425, 1, 0, 100000, 0.1379, -0.000238419, 99999.9, -0.2575
0.2475, 1, 0, 100000, 0.1379, -0.000238419, 99999.9, -0.2525
0.2525, 1, 0, 100000, 0.1379, -0.000238419, 99999.9, -0.2475
0.2575, 1, 0, 100000, 0.1379, -0.000238419, 99999.9, -0.2425
0.2625, 1, 0, 100000, 0.1379, -0.000238419, 99999.9, -0.2375
0.2675, 1, 0, 100000, 0.1379, -0.000238419, 99999.9, -0.2325
0.2725, 1, 0, 100000, 0.1379, -0.000238419, 99999.9, -0.2275
0.2775, 1, 0, 100000, 0.1379, -0.000238419, 99999.9, -0.2225
0.2825, 1, 0, 100000, 0.1379, -0.000238419, 99999.9, -0.2175
0.2875, 1, 0, 100000, 0.1379, -0.000238419, 99999.9, -0.2125
0.2925, 1, 0, 100000, 0.1379, -0.000238419, 99999.9, -0.2075
0.2975, 1, 0, 100000, 0.1379, -0.000238419, 99999.9, -0.2025
0.3025, 1, 0, 100000, 0.1379, -0.000238419, 99999.9, -0.1975
0.3075, 1, 0, 100000, 0.1379, -0.000238419, 99999.9, -0.1925
0.3125, 1, 0, 100000, 0.1379, -0.000238419, 99999.9, -0.1875
0.3175, 1, 0, 100000, 0.1379, -0.000238419, 99999.9, -0.1825
0.3225, 1, 0, 100000, 0.1379, -0.000238419, 99999.9, -0.1775
0.3275, 1, 0, 100000, 0.1379, -0.000238419, 99999.9, -0.1725
0.3325, 1, 0, 100000, 0.1379, -0.000238419, 99999.9, -0.1675
0.3375, 1, 0, 100000, 0.1379, -0.000238419, 99999.9, -0.1625
0.3425, 1, 0, 100000, 0.1379, -0.000238419, 99999.9, -0.1575
0.3475, 1, 0, 100000, 0.1379, -0.000238419, 99999.9, -0.1525
0.3525, 1, 0, 100000, 0.1379, -0.000238419, 99999.9, -0.1475
0.3575, 1, 0, 100000, 0.1379, -0.000238419, 99999.9, -0.1425
0.3625, 1, 0, 100000, 0.1379, -0.000238419, 99999.9, -0.1375
0.3675, 1, 0, 100000, 0.1379, -0.000238419, 99999.9, -0.1325
0.3725, 1, 1.48102e-13, 100000, 0.1379, -0.000238419, 99999.9, -0.1275
0.3775, 1, 7.82827e-13, 100000, 0.1379, -0.000238419, 99999.9, -0.1225
0.3825, 1, 3.8295e-12, 100000, 0.1379, -0.000238419, 99999.9, -0.1175
0.3875, 1, 1.7201e-11, 100000, 0.1379, -0.000238419, 99999.9, -0.1125
0.3925, 1, 7.16498e-11, 100000, 0.1379, -0.000238419, 99999.9, -0.1075
0.3975, 1, 2.79977e-10, 100000, 0.1379, -0.000238419, 99999.9, -0.1025
0.4025, 1, 1.02676e-09, 100000, 0.1379, -0.000238419, 99999.9, -0.0975
0.4075, 1, 3.55021e-09, 100000, 0.1379, -0.000238419, 99999.9, -0.0925
0.4125, 1, 1.16172e-08, 100000, 0.1379, -0.000238419, 99999.9, -0.0875
0.4175, 1, 3.61254e-08, 100000, 0.1379, -0.000238419, 99999.9, -0.0825
0.4225, 1, 1.07185e-07, 100000, 0.1379, -0.000238419, 99999.9, -0.0775
0.4275, 1, 3.04759e-07, 100000, 0.1379, -0.000238419, 99999.9, -0.0725
0.4325, 1, 8.51539e-07, 100000, 0.1379, -0.000238419, 99999.9, -0.0675
0.4375, 1, 2.07083e-06, 100000, 0.1379, -0.000238419, 99999.9, -0.0625
0.4425, 1, 3.7063e-06, 100000, 0.1379, -0.000238419, 99999.9, -0.0575
0.4475, 1, 5.14083e-06, 100000, 0.1379, -0.000238419, 99999.9, -0.0525
0.4525, 1, 6.13452e-06, 100000, 0.1379, -0.000238419, 99999.9, -0.0475
0.4575, 1, 6.73249e-06, 100000, 0.1379, -0.000238419, 99999.9, -0.0425
0.4625, 1, 7.0312e-06, 100000, 0.1379, -0.000238419, 99999.9, -0.0375
0.4675, 1, 7.13648e-06, 100000, 0.1379, -0.000238419, 99999.9, -0.0325
0.4725, 1, 7.15022e-06, 100000, 0.1379, -0.000238419, 99999.9, -0.0275
0.4775, 1, 7.12633e-06, 100000, 0.1379, -0.000238419, 99999.9, -0.0225
0.4825, 1, 7.04931e-06, 100000, 0.1379, -0.000238419, 99999.9, -0.0175
0.4875, 1, 6.6859e-06, 100000, 0.1379, -0.000238419, 99999.9, -0.0125
0.4925, 1, 3.75651e-06, 100000, 0.1379, -0.000238419, 99999.9, -0.00749999
0.4975, 1, -4.89433e-05, 100000, 0.1379, -0.000391738, 99999.9, -0.00249999
0.5025, 1, -0.00017168, 99999.9, 0.1379, -0.000427914, 99999.9, 0.00250001
0.5075, 0.999999, -0.00023842, 99999.9, 0.1379, -0.000430037, 99999.9, 0.00750001
0.5125, 0.999999, -0.000238419, 99999.9, 0.1379, -0.000430017, 99999.9, 0.0125
0.5175, 0.999999, -0.000238419, 99999.9, 0.1379, -0.000429995, 99999.9, 0.0175
0.5225, 0.999999, -0.000238419, 99999.9, 0.1379, -0.000429975, 99999.9, 0.0225
0.5275, 0.999999, -0.000238419, 99999.9, 0.1379, -0.000429955, 99999.9, 0.0275
0.5325, 0.999999, -0.000238419, 99999.9, 0.1379, -0.000429934, 99999.9, 0.0325
0.5375, 0.999999, -0.000238419, 99999.9, 0.1379, -0.000429909, 99999.9, 0.0375
0.5425, 0.999999, -0.000238419, 99999.9, 0.1379, -0.000429878, 99999.9, 0.0425
0.5475, 0.999999, -0.000238419, 99999.9, 0.1379, -0.000429842, 99999.9, 0.0475
0.5525, 0.999999, -0.000238419, 99999.9, 0.1379, -0.000429808, 99999.9, 0.0525
0.5575, 0.999999, -0.000238419, 99999.9, 0.1379, -0.000429786, 99999.9, 0.0575
0.5625, 0.999999, -0.000238419, 99999.9, 0.1379, -0.000429776, 99999.9, 0.0625
0.5675, 0.999999, -0.000238419, 99999.9, 0.1379, -0.000429775, 99999.9, 0.0675
0.5725, 0.999999, -0.000238419, 99999.9, 0.1379, -0.000429789, 99999.9, 0.0725
0.5775, 0.999999, -0.000238419, 99999.9, 0.1379, -0.000429841, 99999.9, 0.0775
0.5825, 0.999999, -0.000238419, 99999.9, 0.1379, -0.000429913, 99999.9, 0.0825
0.5875, 0.999999, -0.000238419, 99999.9, 0.1379, -0.000429992, 99999.9, 0.0875
0.5925, 0.999999, -0.000238419, 99999.9, 0.1379, -0.000430059, 99999.9, 0.0925
0.5975, 0.999999, -0.000238419, 99999.9, 0.1379, -0.000430098, 99999.9, 0.0975
0.6025, 0.999999, -0.000238419, 99999.9, 0.1379, -0.000430111, 99999.9, 0.1025
0.6075, 0.999999, -0.000238419, 99999.9, 0.1379, -0.000430104, 99999.9, 0.1075
0.6125, 0.999999, -0.000238419, 99999.9, 0.1379, -0.000430036, 99999.9, 0.1125
0.6175, 0.999999, -0.000238419, 99999.9, 0.1379, -0.000429786, 99999.9, 0.1175
0.6225, 0.999999, -0.000238419, 99999.9, 0.1379, -0.000429217, 99999.9, 0.1225
0.6275, 0.999999, -0.000238419, 99999.9, 0.1379, -0.000428141, 99999.9, 0.1275
0.6325, 0.999999, -0.000238419, 99999.9, 0.1379, -0.000425857, 99999.9, 0.1325
0.6375, 0.999999, -0.000238419, 99999.9, 0.1379, -0.000420306, 99999.9, 0.1375
0.6425, 0.999999, -0.000238419, 99999.9, 0.1379, -0.000404424, 99999.9, 0.1425
0.6475, 0.999999, -0.000238419, 99999.9, 0.1379, -0.000352432, 99999.9, 0.1475
0.6525, 0.999999, -0.000238419, 99999.9, 0.1379, -0.00024451, 100000, 0.1525
0.6575, 0.999999, -0.000238419, 99999.9, 0.1379, -0.000138393, 100000, 0.1575
0.6625, 0.999999, -0.000238419, 99999.9, 0.1379, -6.54526e-05, 100000, 0.1625
0.6675, 0.999999, -0.000238419, 99999.9, 0.1379, -2.53521e-05, 100000, 0.1675
0.6725, 0.999999, -0.000238419, 99999.9, 0.1379, -7.83248e-06, 100000, 0.1725
0.6775, 0.999999, -0.000238419, 99999.9, 0.1379, -1.85678e-06, 100000, 0.1775
0.6825, 0.999999, -0.000238419, 99999.9, 0.1379, -3.1735e-07, 100000, 0.1825
0.6875, 0.999999, -0.000238419, 99999.9, 0.1379, -3.48328e-08, 100000, 0.1875
0.6925, 0.999999, -0.000238419, 99999.9, 0.1379, -1.84487e-09, 100000, 0.1925
0.6975, 0.999999, -0.000238419, 99999.9, 0.1379, 7.67131e-14, 100000, 0.1975
0.7025, 0.999999, -0.000238419, 99999.9, 0.1379, 0, 100000, 0.2025
0.7075, 0.999999, -0.000238419, 99999.9, 0.1379, 0, 100000, 0.2075
0.7125, 0.999999, -0.000238419, 99999.9, 0.1379, 0, 100000, 0.2125
0.7175, 0.999999, -0.000238419, 99999.9, 0.1379, 0, 100000, 0.2175
0.7225, 0.999999, -0.000238419, 99999.9, 0.1379, 0, 100000, 0.2225
0.7275, 0.999999, -0.000238419, 99999.9, 0.1379, 0, 100000, 0.2275
0.7325, 0.999999, -0.000238419, 99999.9, 0.1379, 0, 100000, 0.2325
0.7375, 0.999999, -0.000238419, 99999.9, 0.1379, 0, 100000, 0.2375
0.7425, 0.999999, -0.000238419, 99999.9, 0.1379, 0, 100000, 0.2425
0.7475, 0.999999, -0.000238419, 99999.9, 0.1379, 0, 100000, 0.2475
0.7525, 0.999999, -0.000238419, 99999.9, 0.1379, 0, 100000, 0.2525
0.7575, 0.999999, -0.000238419, 99999.9, 0.1379, 0, 100000, 0.2575
0.7625, 0.999999, -0.000238419, 99999.9, 0.1379, 0, 100000, 0.2625
0.7675, 0.999999, -0.000238419, 99999.9, 0.1379, 0, 100000, 0.2675
0.7725, 0.999999, -0.000238419, 99999.9, 0.1379, 0, 100000, 0.2725
0.7775, 0.999999, -0.000238419, 99999.9, 0.1379, 0, 100000, 0.2775
0.7825, 0.999999, -0.000238419, 99999.9, 0.1379, 0, 100000, 0.2825
0.7875, 0.999999, -0.000238419, 99999.9, 0.1379, 0, 100000, 0.2875
0.7925, 0.999999, -0.000238419, 99999.9, 0.1379, 0, 100000, 0.2925
0.7975, 0.999999, -0.000238419, 99999.9, 0.1379, 0, 100000, 0.2975
0.8025, 0.999999, -0.000238419, 99999.9, 0.1379, 0, 100000, 0.3025
0.8075, 0.999999, -0.000238419, 99999.9, 0.1379, 0, 100000, 0.3075
0.8125, 0.999999, -0.000238419, 99999.9, 0.1379, 0, 100000, 0.3125
0.8175, 0.999999, -0.000238419, 99999.9, 0.1379, 0, 100000, 0.3175
0.8225, 0.999999, -0.000238419, 99999.9, 0.1379, 0, 100000, 0.3225
0.8275, 0.999999, -0.000238419, 99999.9, 0.1379, 0, 100000, 0.3275
0.8325, 0.999999, -0.000238419, 99999.9, 0.1379, 0, 100000, 0.3325
0.8375, 0.999999, -0.000238419, 99999.9, 0.1379, 0, 100000, 0.3375
0.8425, 0.999999, -0.000238419, 99999.9, 0.1379, 0, 100000, 0.3425
0.8475, 0.999999, -0.000238419, 99999.9, 0.1379, 0, 100000, 0.3475
0.8525, 0.999999, -0.000238419, 99999.9, 0.1379, 0, 100000, 0.3525
0.8575, 0.999999, -0.000238419, 99999.9, 0.1379, 0, 100000, 0.3575
0.8625, 0.999999, -0.000238419, 99999.9, 0.1379, 0, 100000, 0.3625
0.8675, 0.999999, -0.000238419, 99999.9, 0.1379, 0, 100000, 0.3675
0.8725, 0.999999, -0.000238419, 99999.9, 0.1379, 0, 100000, 0.3725
0.8775, 0.999999, -0.000238419, 99999.9, 0.1379, 0, 100000, 0.3775
0.8825, 0.999999, -0.000238419, 99999.9, 0.1379, 0, 100000, 0.3825
0.8875, 0.999999, -0.000238419, 99999.9, 0.1379, 0, 100000, 0.3875
0.8925, 0.999999, -0.000238419, 99999.9, 0.1379, 0, 100000, 0.3925
0.8975, 0.999999, -0.000238419, 99999.9, 0.1379, 0, 100000, 0.3975
0.9025, 0.999999, -0.000238419, 99999.9, 0.1379, 0, 100000, 0.4025
0.9075, 0.999999, -0.000238419, 99999.9, 0.1379, 0, 100000, 0.4075
0.9125, 0.999999, -0.000238419, 99999.9, 0.1379, 0, 100000, 0.4125
0.9175, 0.999999, -0.000238419, 99999.9, 0.1379, 0, 100000, 0.4175
0.9225, 0.999999, -0.000238419, 99999.9, 0.1379, 0, 100000, 0.4225
0.9275, 0.999999, -0.000238419, 99999.9, 0.1379, 0, 100000, 0.4275
0.9325, 0.999999, -0.000238419, 99999.9, 0.1379, 0, 100000, 0.4325
0.9375, 0.999999, -0.000238419, 99999.9, 0.1379, 0, 100000, 0.4375
0.9425, 0.999999, -0.000238419, 99999.9, 0.1379, 0, 100000, 0.4425
0.9475, 0.999999, -0.000238419, 99999.9, 0.1379, 0, 100000, 0.4475
0.9525, 0.999999, -0.000238419, 99999.9, 0.1379, 0, 100000, 0.4525
0.9575, 0.999999, -0.000238419, 99999.9, 0.1379, 0, 100000, 0.4575
0.9625, 0.999999, -0.000238419, 99999.9, 0.1379, 0, 100000, 0.4625
0.9675, 0.999999, -0.000238419, 99999.9, 0.1379, 0, 100000, 0.4675
0.9725, 0.999999, -0.000238419, 99999.9, 0.1379, 0, 100000, 0.4725
0.9775, 0.999999, -0.000238419, 99999.9, 0.1379, 0, 100000, 0.4775
0.9825, 0.999999, -0.000238419, 99999.9, 0.1379, 0, 100000, 0.4825
0.9875, 0.999999, -0.000238419, 99999.9, 0.1379, 0, 100000, 0.4875
0.9925, 0.999999, -0.000238419, 99999.9, 0.1379, 0, 100000, 0.4925
0.9975, 0.999999, -0.000238419, 99999.9, 0.1379, 0, 100000, 0.4975
