0.0025, 1.33293, 111.8, 149993, 0.144468, 51.6135, 108082, -0.498154
0.0075, 1.33293, 111.799, 149994, 0.144468, 51.6135, 108082, -0.493537
0.0125, 1.33294, 111.797, 149995, 0.144468, 51.6135, 108082, -0.488537
0.0175, 1.33294, 111.796, 149995, 0.144468, 51.6135, 108082, -0.483537
0.0225, 1.33295, 111.795, 149995, 0.144468, 51.6135, 108082, -0.478537
0.0275, 1.33295, 111.795, 149995, 0.144468, 51.6135, 108082, -0.473537
0.0325, 1.33295, 111.795, 149995, 0.144468, 51.6135, 108082, -0.468537
0.0375, 1.33294, 111.795, 149995, 0.144468, 51.6135, 108082, -0.463537
0.0425, 1.33294, 111.797, 149995, 0.144468, 51.6135, 108082, -0.458537
0.0475, 1.33293, 111.798, 149994, 0.144468, 51.6135, 108082, -0.453537
0.0525, 1.33293, 111.799, 149993, 0.144468, 51.6135, 108082, -0.448537
0.0575, 1.33293, 111.8, 149993, 0.144468, 51.6135, 108082, -0.443537
0.0625, 1.33293, 111.801, 149992, 0.144468, 51.6135, 108082, -0.438537
0.0675, 1.33293, 111.801, 149992, 0.144468, 51.6135, 108082, -0.433537
0.0725, 1.33294, 111.801, 149992, 0.144468, 51.6135, 108082, -0.428537
0.0775, 1.33294, 111.8, 149993, 0.144468, 51.6135, 108082, -0.423537
0.0825, 1.33295, 111.799, 149993, 0.144468, 51.6135, 108082, -0.418537
0.0875, 1.33296, 111.798, 149994, 0.144468, 51.6135, 108082, -0.413537
0.0925, 1.33297, 111.797, 149994, 0.144468, 51.6135, 108082, -0.408537
0.0975, 1.33298, 111.795, 149995, 0.144468, 51.6135, 108082, -0.403537
0.1025, 1.33298, 111.794, 149996, 0.144468, 51.6135, 108082, -0.398537
0.1075, 1.33298, 111.793, 149997, 0.144468, 51.6135, 108082, -0.393537
0.1125, 1.33298, 111.792, 149997, 0.144468, 51.6135, 108082, -0.388537
0.1175, 1.33297, 111.792, 149997, 0.144468, 51.6135, 108082, -0.383537
0.1225, 1.33294, 111.793, 149997, 0.144468, 51.6135, 108082, -0.378537
0.1275, 1.33285, 111.795, 149996, 0.144468, 51.6135, 108082, -0.373537
0.1325, 1.33263, 111.797, 149995, 0.144468, 51.6135, 108082, -0.368537
0.1375, 1.33225, 111.798, 149994, 0.144468, 51.6135, 108082, -0.363537
0.1425, 1.3318, 111.799, 149993, 0.144468, 51.6135, 108082, -0.358537
0.1475, 1.33139, 111.8, 149993, 0.144468, 51.6135, 108082, -0.353537
0.1525, 1.33107, 111.8, 149993, 0.144468, 51.6135, 108082, -0.348537
0.1575, 1.33084, 111.8, 149992, 0.144468, 51.6135, 108082, -0.343537
0.1625, 1.3307, 111.8, 149992, 0.144468, 51.6135, 108082, -0.338537
0.1675, 1.33063, 111.8, 149993, 0.144468, 51.6135, 108082, -0.333537
0.1725, 1.33061, 111.8, 149993, 0.144468, 51.6135, 108082, -0.328537
0.1775, 1.33061, 111.799, 149993, 0.144468, 51.6135, 108082, -0.323537
0.1825, 1.33067, 111.798, 149993, 0.144468, 51.6135, 108082, -0.318537
0.1875, 1.3309, 111.797, 149994, 0.144468, 51.6135, 108082, -0.313537
0.1925, 1.33134, 111.796, 149995, 0.144468, 51.6135, 108082, -0.308537
0.1975, 1.33183, 111.795, 149996, 0.144468, 51.6135, 108082, -0.303537
0.2025, 1.33226, 111.793, 149997, 0.144468, 51.6135, 108082, -0.298537
0.2075, 1.33258, 111.791, 149997, 0.144468, 51.6135, 108082, -0.293537
0.2125, 1.33281, 111.791, 149998, 0.144468, 51.6135, 108082, -0.288537
0.2175, 1.33295, 111.79, 149998, 0.144468, 51.6135, 108082, -0.283537
0.2225, 1.33304, 111.79, 149998, 0.144468, 51.6135, 108082, -0.278537
0.2275, 1.33307, 111.791, 149998, 0.144468, 51.6135, 108082, -0.273537
0.2325, 1.33308, 111.792, 149997, 0.144468, 51.6135, 108082, -0.268537
0.2375, 1.33307, 111.794, 149996, 0.144468, 51.6135, 108082, -0.263537
0.2425, 1.33303, 111.796, 149995, 0.144468, 51.6135, 108082, -0.258537
0.2475, 1.33299, 111.797, 149994, 0.144468, 51.6135, 108082, -0.253537
0.2525, 1.33296, 111.798, 149994, 0.144468, 51.6135, 108082, -0.248537
0.2575, 1.33295, 111.799, 149994, 0.144468, 51.6135, 108082, -0.243537
0.2625, 1.33295, 111.798, 149994, 0.144468, 51.6135, 108082, -0.238537
0.2675, 1.33296, 111.798, 149994, 0.144468, 51.6135, 108082, -0.233537
0.2725, 1.33302, 111.798, 149994, 0.144468, 51.6135, 108082, -0.228537
0.2775, 1.33313, 111.797, 149994, 0.144468, 51.6135, 108082, -0.223537
0.2825, 1.33326, 111.797, 149994, 0.144468, 51.6135, 108082, -0.218537
0.2875, 1.33334, 111.797, 149994, 0.144468, 51.6135, 108082, -0.213537
0.2925, 1.3334, 111.797, 149994, 0.144468, 51.6135, 108082, -0.208537
0.2975, 1.33343, 111.797, 149994, 0.144468, 51.6135, 108082, -0.203537
0.3025, 1.33344, 111.797, 149994, 0.144468, 51.6135, 108082, -0.198537
0.3075, 1.33343, 111.796, 149995, 0.144468, 51.6135, 108082, -0.193537
0.3125, 1.3334, 111.795, 149996, 0.144468, 51.6135, 108082, -0.188537
0.3175, 1.33331, 111.793, 149997, 0.144468, 51.6135, 108082, -0.183537
0.3225, 1.33321, 111.792, 149997, 0.144468, 51.6135, 108082, -0.178537
0.3275, 1.33313, 111.792, 149997, 0.144468, 51.6135, 108082, -0.173537
0.3325, 1.33308, 111.792, 149998, 0.144468, 51.6135, 108082, -0.168537
0.3375, 1.33306, 111.792, 149997, 0.144468, 51.6135, 108082, -0.163537
0.3425, 1.33305, 111.793, 149997, 0.144468, 51.6135, 108082, -0.158537
0.3475, 1.33306, 111.795, 149996, 0.144468, 51.6135, 108082, -0.153537
0.3525, 1.33312, 111.796, 149995, 0.144468, 51.6135, 108082, -0.148537
0.3575, 1.33325, 111.797, 149994, 0.144468, 51.6135, 108082, -0.143537
0.3625, 1.33337, 111.797, 149994, 0.144468, 51.6135, 108082, -0.138537
0.3675, 1.33346, 111.797, 149994, 0.144468, 51.6135, 108082, -0.133537
0.3725, 1.33351, 111.796, 149994, 0.144468, 51.6135, 108082, -0.128537
0.3775, 1.33354, 111.796, 149995, 0.144468, 51.6135, 108082, -0.123537
0.3825, 1.33354, 111.796, 149995, 0.144468, 51.6135, 108082, -0.118537
0.3875, 1.33353, 111.796, 149995, 0.144468, 51.6135, 108082, -0.113537
0.3925, 1.33347, 111.797, 149995, 0.144468, 51.6135, 108082, -0.108537
0.3975, 1.33331, 111.797, 149995, 0.144468, 51.6135, 108082, -0.103537
0.4025, 1.33314, 111.798, 149995, 0.144468, 51.6135, 108082, -0.0985369
0.4075, 1.33303, 111.797, 149995, 0.144468, 51.6135, 108082, -0.0935369
0.4125, 1.33298, 111.796, 149995, 0.144468, 51.6135, 108082, -0.0885369
0.4175, 1.33297, 111.795, 149996, 0.144468, 51.6135, 108082, -0.0835369
0.4225, 1.333, 111.792, 149997, 0.144468, 51.6135, 108082, -0.0785368
0.4275, 1.3331, 111.789, 149998, 0.144468, 51.6135, 108082, -0.0735368
0.4325, 1.33327, 111.788, 150000, 0.144468, 51.6135, 108082, -0.0685368
0.4375, 1.33343, 111.788, 150000, 0.144468, 51.6135, 108082, -0.0635368
0.4425, 1.33352, 111.789, 150000, 0.144468, 51.6135, 108082, -0.0585368
0.4475, 1.33356, 111.79, 149999, 0.144468, 51.6135, 108082, -0.0535368
0.4525, 1.33358, 111.792, 149996, 0.144468, 51.6135, 108082, -0.0485368
0.4575, 1.33357, 111.791, 149992, 0.144468, 51.6135, 108082, -0.0435368
0.4625, 1.33349, 111.779, 149981, 0.144468, 51.6135, 108082, -0.0385368
0.4675, 1.33316, 111.732, 149946, 0.144468, 51.6135, 108082, -0.0335365
0.4725, 1.33205, 111.565, 149809, 0.144468, 51.6135, 108082, -0.0285355
0.4775, 1.3287, 111.009, 149320, 0.144468, 51.6135, 108082, -0.0235323
0.4825, 1.31735, 108.684, 147514, 0.144468, 51.6135, 108082, -0.0185183
0.4875, 1.27268, 98.7567, 140648, 0.144468, 51.6135, 108082, -0.0134692
0.4925, 1.17604, 75.7343, 126038, 0.144468, 51.6135, 108082, -0.00837934
0.4975, 1.08527, 55.0209, 112493, 0.144468, 51.5954, 108079, -0.00331122
0.5025, 1.05574, 50.6721, 108174, 0.1443, 50.3183, 107873, 0.0017037
0.5075, 1.05521, 51.6135, 108082, 0.142883, 39.3227, 106111, 0.00673615
0.5125, 1.05521, 51.6135, 108082, 0.141711, 30.1553, 104661, 0.0117625
0.5175, 1.05521, 51.6135, 108082, 0.140772, 22.7747, 103504, 0.0167834
0.5225, 1.05521, 51.6135, 108082, 0.14004, 16.9982, 102606, 0.0217994
0.5275, 1.05521, 51.6135, 108082, 0.139481, 12.576, 101923, 0.0268116
0.5325, 1.05521, 51.6135, 108082, 0.139062, 9.24536, 101411, 0.0318206
0.5375, 1.05521, 51.6135, 108082, 0.138749, 6.76632, 101031, 0.0368274
0.5425, 1.05521, 51.6135, 108082, 0.138519, 4.93639, 100751, 0.0418323
0.5475, 1.05521, 51.6135, 108082, 0.138351, 3.59338, 100547, 0.0468359
0.5525, 1.05521, 51.6135, 108082, 0.138228, 2.61167, 100397, 0.0518386
0.5575, 1.05521, 51.6135, 108082, 0.138138, 1.89602, 100288, 0.0568405
0.5625, 1.05521, 51.6135, 108082, 0.138072, 1.37532, 100209, 0.0618419
0.5675, 1.05521, 51.6135, 108082, 0.138025, 0.996947, 100151, 0.0668429
0.5725, 1.05521, 51.6135, 108082, 0.137991, 0.722263, 100110, 0.0718436
0.5775, 1.05521, 51.6135, 108082, 0.137966, 0.522986, 100079, 0.0768442
0.5825, 1.05521, 51.6135, 108082, 0.137947, 0.37849, 100057, 0.0818445
0.5875, 1.05521, 51.6135, 108082, 0.137934, 0.273761, 100042, 0.0868448
0.5925, 1.05521, 51.6135, 108082, 0.137925, 0.197884, 100030, 0.091845
0.5975, 1.05521, 51.6135, 108082, 0.137918, 0.142932, 100022, 0.0968452
0.6025, 1.05521, 51.6135, 108082, 0.137913, 0.10315, 100016, 0.101845
0.6075, 1.05521, 51.6135, 108082, 0.137909, 0.0743626, 100011, 0.106845
0.6125, 1.05521, 51.6135, 108082, 0.137907, 0.0535411, 100008, 0.111845
0.6175, 1.05521, 51.6135, 108082, 0.137905, 0.0384894, 100006, 0.116845
0.6225, 1.05521, 51.6135, 108082, 0.137903, 0.0276153, 100004, 0.121845
0.6275, 1.05521, 51.6135, 108082, 0.137902, 0.0197648, 100003, 0.126846
0.6325, 1.05521, 51.6135, 108082, 0.137902, 0.0141018, 100002, 0.131846
0.6375, 1.05521, 51.6135, 108082, 0.137901, 0.0100208, 100002, 0.136846
0.6425, 1.05521, 51.6135, 108082, 0.137901, 0.00708316, 100001, 0.141846
0.6475, 1.05521, 51.6135, 108082, 0.137901, 0.00497143, 100001, 0.146846
0.6525, 1.05521, 51.6135, 108082, 0.1379, 0.00345548, 100001, 0.151846
0.6575, 1.05521, 51.6135, 108082, 0.1379, 0.00236852, 100000, 0.156846
0.6625, 1.05521, 51.6135, 108082, 0.1379, 0.00158958, 100000, 0.161846
0.6675, 1.05521, 51.6135, 108082, 0.1379, 0.00103106, 100000, 0.166846
0.6725, 1.05521, 51.6135, 108082, 0.1379, 0.000629734, 100000, 0.171846
0.6775, 1.05521, 51.6135, 108082, 0.1379, 0.000340209, 100000, 0.176846
0.6825, 1.05521, 51.6135, 108082, 0.1379, 0.000130216, 100000, 0.181846
0.6875, 1.05521, 51.6135, 108082, 0.1379, -2.29933e-05, 100000, 0.186846
0.6925, 1.05521, 51.6135, 108082, 0.1379, -0.000135366, 100000, 0.191846
0.6975, 1.05521, 51.6135, 108082, 0.1379, -0.000218084, 100000, 0.196846
0.7025, 1.05521, 51.6135, 108082, 0.1379, -0.000279014, 100000, 0.201846
0.7075, 1.05521, 51.6135, 108082, 0.1379, -0.000323731, 100000, 0.206846
0.7125, 1.05521, 51.6135, 108082, 0.1379, -0.000356244, 99999.9, 0.211846
0.7175, 1.05521, 51.6135, 108082, 0.1379, -0.000379535, 99999.9, 0.216846
0.7225, 1.05521, 51.6135, 108082, 0.1379, -0.000395915, 99999.9, 0.221846
0.7275, 1.05521, 51.6135, 108082, 0.1379, -0.000407233, 99999.9, 0.226846
0.7325, 1.05521, 51.6135, 108082, 0.1379, -0.000414951, 99999.9, 0.231846
0.7375, 1.05521, 51.6135, 108082, 0.1379, -0.000420181, 99999.9, 0.236846
0.7425, 1.05521, 51.6135, 108082, 0.1379, -0.000423723, 99999.9, 0.241846
0.7475, 1.05521, 51.6135, 108082, 0.1379, -0.000426117, 99999.9, 0.246846
0.7525, 1.05521, 51.6135, 108082, 0.1379, -0.000427721, 99999.9, 0.251846
0.7575, 1.05521, 51.6135, 108082, 0.1379, -0.000428774, 99999.9, 0.256846
0.7625, 1.05521, 51.6135, 108082, 0.1379, -0.000429441, 99999.9, 0.261846
0.7675, 1.05521, 51.6135, 108082, 0.1379, -0.000429845, 99999.9, 0.266846
0.7725, 1.05521, 51.6135, 108082, 0.1379, -0.000430073, 99999.9, 0.271846
0.7775, 1.05521, 51.6135, 108082, 0.1379, -0.000430192, 99999.9, 0.276846
0.7825, 1.05521, 51.6135, 108082, 0.1379, -0.000430246, 99999.9, 0.281846
0.7875, 1.05521, 51.6135, 108082, 0.1379, -0.000430267, 99999.9, 0.286846
0.7925, 1.05521, 51.6135, 108082, 0.1379, -0.000430271, 99999.9, 0.291846
0.7975, 1.05521, 51.6135, 108082, 0.1379, -0.000430267, 99999.9, 0.296846
0.8025, 1.05521, 51.6135, 108082, 0.1379, -0.000430248, 99999.9, 0.301846
0.8075, 1.05521, 51.6135, 108082, 0.1379, -0.000430227, 99999.9, 0.306846
0.8125, 1.05521, 51.6135, 108082, 0.1379, -0.000430211, 99999.9, 0.311846
0.8175, 1.05521, 51.6135, 108082, 0.1379, -0.000430199, 99999.9, 0.316846
0.8225, 1.05521, 51.6135, 108082, 0.1379, -0.000430189, 99999.9, 0.321846
0.8275, 1.05521, 51.6135, 108082, 0.1379, -0.000430181, 99999.9, 0.326846
0.8325, 1.05521, 51.6135, 108082, 0.1379, -0.000430175, 99999.9, 0.331846
0.8375, 1.05521, 51.6135, 108082, 0.1379, -0.000430171, 99999.9, 0.336846
0.8425, 1.05521, 51.6135, 108082, 0.1379, -0.000430168, 99999.9, 0.341846
0.8475, 1.05521, 51.6135, 108082, 0.1379, -0.000430165, 99999.9, 0.346846
0.8525, 1.05521, 51.6135, 108082, 0.1379, -0.000430164, 99999.9, 0.351846
0.8575, 1.05521, 51.6135, 108082, 0.1379, -0.000430162, 99999.9, 0.356846
0.8625, 1.05521, 51.6135, 108082, 0.1379, -0.000430162, 99999.9, 0.361846
0.8675, 1.05521, 51.6135, 108082, 0.1379, -0.000430161, 99999.9, 0.366846
0.8725, 1.05521, 51.6135, 108082, 0.1379, -0.000430161, 99999.9, 0.371846
0.8775, 1.05521, 51.6135, 108082, 0.1379, -0.000430161, 99999.9, 0.376846
0.8825, 1.05521, 51.6135, 108082, 0.1379, -0.00043016, 99999.9, 0.381846
0.8875, 1.05521, 51.6135, 108082, 0.1379, -0.00043016, 99999.9, 0.386846
0.8925, 1.05521, 51.6135, 108082, 0.1379, -0.00043016, 99999.9, 0.391846
0.8975, 1.05521, 51.6135, 108082, 0.1379, -0.00043016, 99999.9, 0.396846
0.9025, 1.05521, 51.6135, 108082, 0.1379, -0.00043016, 99999.9, 0.401846
0.9075, 1.05521, 51.6135, 108082, 0.1379, -0.00043016, 99999.9, 0.406846
0.9125, 1.05521, 51.6135, 108082, 0.1379, -0.00043016, 99999.9, 0.411846
0.9175, 1.05521, 51.6135, 108082, 0.1379, -0.00043016, 99999.9, 0.416846
0.9225, 1.05521, 51.6135, 108082, 0.1379, -0.00043016, 99999.9, 0.421846
0.9275, 1.05521, 51.6135, 108082, 0.1379, -0.00043016, 99999.9, 0.426846
0.9325, 1.05521, 51.6135, 108082, 0.1379, -0.00043016, 99999.9, 0.431846
0.9375, 1.05521, 51.6135, 108082, 0.1379, -0.00043016, 99999.9, 0.436846
0.9425, 1.05521, 51.6135, 108082, 0.1379, -0.00043016, 99999.9, 0.441846
0.9475, 1.05521, 51.6135, 108082, 0.1379, -0.00043016, 99999.9, 0.446846
0.9525, 1.05521, 51.6135, 108082, 0.1379, -0.00043016, 99999.9, 0.451846
0.9575, 1.05521, 51.6135, 108082, 0.1379, -0.00043016, 99999.9, 0.456846
0.9625, 1.05521, 51.6135, 108082, 0.1379, -0.00043016, 99999.9, 0.461846
0.9675, 1.05521, 51.6135, 108082, 0.1379, -0.00043016, 99999.9, 0.466846
0.9725, 1.05521, 51.6135, 108082, 0.1379, -0.00043016, 99999.9, 0.471846
0.9775, 1.05521, 51.6135, 108082, 0.1379, -0.00043016, 99999.9, 0.476846
0.9825, 1.05521, 51.6135, 108082, 0.1379, -0.00043016, 99999.9, 0.481846
0.9875, 1.05521, 51.6135, 108082, 0.1379, -0.00043016, 99999.9, 0.486846
0.9925, 1.05521, 51.6135, 108082, 0.1379, -0.00043016, 99999.9, 0.491846
0.9975, 1.05521, 51.6135, 108082, 0.1379, -0.00043016, 99999.9, 0.496846
