0.0025, 1.33294, 111.798, 149994, 0.154408, 126.81, 120782, -0.499903
0.0075, 1.33294, 111.797, 149995, 0.154408, 126.81, 120782, -0.495255
0.0125, 1.33294, 111.796, 149995, 0.154408, 126.81, 120782, -0.490255
0.0175, 1.33295, 111.795, 149995, 0.154408, 126.81, 120782, -0.485255
0.0225, 1.33295, 111.795, 149995, 0.154408, 126.81, 120782, -0.480255
0.0275, 1.33295, 111.795, 149995, 0.154408, 126.81, 120782, -0.475255
0.0325, 1.33294, 111.796, 149995, 0.154408, 126.81, 120782, -0.470255
0.0375, 1.33294, 111.797, 149994, 0.154408, 126.81, 120782, -0.465255
0.0425, 1.33293, 111.798, 149994, 0.154408, 126.81, 120782, -0.460255
0.0475, 1.33293, 111.8, 149993, 0.154408, 126.81, 120782, -0.455255
0.0525, 1.33293, 111.8, 149993, 0.154408, 126.81, 120782, -0.450255
0.0575, 1.33293, 111.801, 149992, 0.154408, 126.81, 120782, -0.445255
0.0625, 1.33293, 111.801, 149992, 0.154408, 126.81, 120782, -0.440255
0.0675, 1.33293, 111.801, 149993, 0.154408, 126.81, 120782, -0.435255
0.0725, 1.33294, 111.8, 149993, 0.154408, 126.81, 120782, -0.430255
0.0775, 1.33294, 111.799, 149993, 0.154408, 126.81, 120782, -0.425255
0.0825, 1.33295, 111.798, 149994, 0.154408, 126.81, 120782, -0.420255
0.0875, 1.33297, 111.796, 149995, 0.154408, 126.81, 120782, -0.415255
0.0925, 1.33298, 111.795, 149996, 0.154408, 126.81, 120782, -0.410255
0.0975, 1.33298, 111.794, 149996, 0.154408, 126.81, 120782, -0.405255
0.1025, 1.33298, 111.793, 149997, 0.154408, 126.81, 120782, -0.400255
0.1075, 1.33298, 111.792, 149997, 0.154408, 126.81, 120782, -0.395255
0.1125, 1.33298, 111.792, 149997, 0.154408, 126.81, 120782, -0.390255
0.1175, 1.33297, 111.793, 149997, 0.154408, 126.81, 120782, -0.385255
0.1225, 1.33295, 111.794, 149996, 0.154408, 126.81, 120782, -0.380255
0.1275, 1.33289, 111.797, 149994, 0.154408, 126.81, 120782, -0.375255
0.1325, 1.33274, 111.799, 149993, 0.154408, 126.81, 120782, -0.370255
0.1375, 1.33242, 111.8, 149993, 0.154408, 126.81, 120782, -0.365255
0.1425, 1.332, 111.8, 149993, 0.154408, 126.81, 120782, -0.360255
0.1475, 1.33157, 111.801, 149993, 0.154408, 126.81, 120782, -0.355255
0.1525, 1.33122, 111.8, 149993, 0.154408, 126.81, 120782, -0.350255
0.1575, 1.33096, 111.8, 149993, 0.154408, 126.81, 120782, -0.345255
0.1625, 1.33078, 111.8, 149993, 0.154408, 126.81, 120782, -0.340255
0.1675, 1.33068, 111.8, 149993, 0.154408, 126.81, 120782, -0.335255
0.1725, 1.33064, 111.799, 149993, 0.154408, 126.81, 120782, -0.330255
0.1775, 1.33063, 111.798, 149993, 0.154408, 126.81, 120782, -0.325255
0.1825, 1.33066, 111.797, 149994, 0.154408, 126.81, 120782, -0.320255
0.1875, 1.33079, 111.795, 149995, 0.154408, 126.81, 120782, -0.315255
0.1925, 1.33112, 111.793, 149996, 0.154408, 126.81, 120782, -0.310255
0.1975, 1.3316, 111.792, 149997, 0.154408, 126.81, 120782, -0.305255
0.2025, 1.33206, 111.791, 149998, 0.154408, 126.81, 120782, -0.300255
0.2075, 1.33242, 111.79, 149998, 0.154408, 126.81, 120782, -0.295255
0.2125, 1.33269, 111.79, 149998, 0.154408, 126.81, 120782, -0.290255
0.2175, 1.33287, 111.79, 149998, 0.154408, 126.81, 120782, -0.285255
0.2225, 1.33298, 111.791, 149997, 0.154408, 126.81, 120782, -0.280255
0.2275, 1.33303, 111.793, 149997, 0.154408, 126.81, 120782, -0.275255
0.2325, 1.33305, 111.795, 149996, 0.154408, 126.81, 120782, -0.270255
0.2375, 1.33306, 111.796, 149995, 0.154408, 126.81, 120782, -0.265255
0.2425, 1.33304, 111.797, 149994, 0.154408, 126.81, 120782, -0.260255
0.2475, 1.333, 111.798, 149994, 0.154408, 126.81, 120782, -0.255255
0.2525, 1.33297, 111.798, 149994, 0.154408, 126.81, 120782, -0.250255
0.2575, 1.33296, 111.798, 149994, 0.154408, 126.81, 120782, -0.245255
0.2625, 1.33295, 111.798, 149994, 0.154408, 126.81, 120782, -0.240255
0.2675, 1.33296, 111.798, 149994, 0.154408, 126.81, 120782, -0.235255
0.2725, 1.33299, 111.798, 149994, 0.154408, 126.81, 120782, -0.230255
0.2775, 1.33308, 111.798, 149994, 0.154408, 126.81, 120782, -0.225255
0.2825, 1.3332, 111.797, 149994, 0.154408, 126.81, 120782, -0.220255
0.2875, 1.3333, 111.797, 149994, 0.154408, 126.81, 120782, -0.215255
0.2925, 1.33337, 111.797, 149994, 0.154408, 126.81, 120782, -0.210255
0.2975, 1.33341, 111.796, 149994, 0.154408, 126.81, 120782, -0.205255
0.3025, 1.33343, 111.795, 149995, 0.154408, 126.81, 120782, -0.200255
0.3075, 1.33343, 111.794, 149996, 0.154408, 126.81, 120782, -0.195255
0.3125, 1.33342, 111.793, 149997, 0.154408, 126.81, 120782, -0.190255
0.3175, 1.33336, 111.792, 149997, 0.154408, 126.81, 120782, -0.185255
0.3225, 1.33326, 111.792, 149997, 0.154408, 126.81, 120782, -0.180255
0.3275, 1.33317, 111.792, 149997, 0.154408, 126.81, 120782, -0.175255
0.3325, 1.3331, 111.793, 149997, 0.154408, 126.81, 120782, -0.170255
0.3375, 1.33307, 111.794, 149997, 0.154408, 126.81, 120782, -0.165255
0.3425, 1.33306, 111.795, 149996, 0.154408, 126.81, 120782, -0.160255
0.3475, 1.33306, 111.796, 149995, 0.154408, 126.81, 120782, -0.155255
0.3525, 1.33309, 111.797, 149994, 0.154408, 126.81, 120782, -0.150255
0.3575, 1.33318, 111.798, 149994, 0.154408, 126.81, 120782, -0.145255
0.3625, 1.33331, 111.797, 149995, 0.154408, 126.81, 120782, -0.140255
0.3675, 1.33342, 111.797, 149995, 0.154408, 126.81, 120782, -0.135255
0.3725, 1.33348, 111.796, 149995, 0.154408, 126.81, 120782, -0.130255
0.3775, 1.33352, 111.796, 149995, 0.154408, 126.81, 120782, -0.125255
0.3825, 1.33353, 111.796, 149995, 0.154408, 126.81, 120782, -0.120255
0.3875, 1.33352, 111.796, 149995, 0.154408, 126.81, 120782, -0.115255
0.3925, 1.33349, 111.797, 149994, 0.154408, 126.81, 120782, -0.110255
0.3975, 1.33338, 111.797, 149994, 0.154408, 126.81, 120782, -0.105255
0.4025, 1.33322, 111.797, 149995, 0.154408, 126.81, 120782, -0.100255
0.4075, 1.3331, 111.796, 149996, 0.154408, 126.81, 120782, -0.0952552
0.4125, 1.33303, 111.794, 149997, 0.154408, 126.81, 120782, -0.0902552
0.4175, 1.33301, 111.792, 149998, 0.154408, 126.81, 120782, -0.0852552
0.4225, 1.33301, 111.79, 149999, 0.154408, 126.81, 120782, -0.0802552
0.4275, 1.33306, 111.788, 150000, 0.154408, 126.81, 120782, -0.0752552
0.4325, 1.3332, 111.787, 150000, 0.154408, 126.81, 120782, -0.0702552
0.4375, 1.33335, 111.788, 149999, 0.154408, 126.81, 120782, -0.0652552
0.4425, 1.33346, 111.79, 149998, 0.154408, 126.81, 120782, -0.0602552
0.4475, 1.33352, 111.794, 149997, 0.154408, 126.81, 120782, -0.0552552
0.4525, 1.33353, 111.799, 149995, 0.154408, 126.81, 120782, -0.0502553
0.4575, 1.33352, 111.81, 149989, 0.154408, 126.81, 120782, -0.0452553
0.4625, 1.33342, 111.84, 149972, 0.154408, 126.81, 120782, -0.0402553
0.4675, 1.33305, 111.936, 149916, 0.154408, 126.81, 120782, -0.0352556
0.4725, 1.33187, 112.228, 149743, 0.154408, 126.81, 120782, -0.0302563
0.4775, 1.32848, 113.087, 149239, 0.154408, 126.81, 120782, -0.0252584
0.4825, 1.31964, 115.478, 147874, 0.154408, 126.81, 120782, -0.0202639
0.4875, 1.29946, 119.663, 144815, 0.154408, 126.81, 120782, -0.0152746
0.4925, 1.24776, 124.44, 136918, 0.154408, 126.81, 120782, -0.0102817
0.4975, 1.17693, 124.95, 126239, 0.154411, 126.812, 120783, -0.00527147
0.5025, 1.14181, 125.243, 121082, 0.154258, 125.693, 120585, -0.000270275
0.5075, 1.14016, 126.81, 120782, 0.152674, 113.936, 118527, 0.00477199
0.5125, 1.14016, 126.81, 120782, 0.150783, 99.8167, 116093, 0.00982002
0.5175, 1.14016, 126.81, 120782, 0.148709, 84.1808, 113444, 0.0148685
0.5225, 1.14016, 126.81, 120782, 0.146689, 68.7773, 110882, 0.0199139
0.5275, 1.14016, 126.81, 120782, 0.144847, 54.5911, 108563, 0.024954
0.5325, 1.14016, 126.81, 120782, 0.143261, 42.276, 106582, 0.0299876
0.5375, 1.14016, 126.81, 120782, 0.141961, 32.1217, 104971, 0.0350146
0.5425, 1.14016, 126.81, 120782, 0.140934, 24.0543, 103704, 0.0400357
0.5475, 1.14016, 126.81, 120782, 0.140144, 17.822, 102734, 0.0450518
0.5525, 1.14016, 126.81, 120782, 0.139548, 13.1057, 102005, 0.0500638
0.5575, 1.14016, 126.81, 120782, 0.139105, 9.58828, 101464, 0.0550728
0.5625, 1.14016, 126.81, 120782, 0.138778, 6.99089, 101065, 0.0600793
0.5675, 1.14016, 126.81, 120782, 0.138538, 5.08554, 100774, 0.0650841
0.5725, 1.14016, 126.81, 120782, 0.138363, 3.69392, 100562, 0.0700876
0.5775, 1.14016, 126.81, 120782, 0.138236, 2.68038, 100407, 0.0750902
0.5825, 1.14016, 126.81, 120782, 0.138144, 1.94356, 100295, 0.0800921
0.5875, 1.14016, 126.81, 120782, 0.138077, 1.40855, 100214, 0.0850934
0.5925, 1.14016, 126.81, 120782, 0.138028, 1.02038, 100155, 0.0900944
0.5975, 1.14016, 126.81, 120782, 0.137993, 0.738898, 100112, 0.0950951
0.6025, 1.14016, 126.81, 120782, 0.137967, 0.534856, 100081, 0.100096
0.6075, 1.14016, 126.81, 120782, 0.137948, 0.386993, 100059, 0.105096
0.6125, 1.14016, 126.81, 120782, 0.137935, 0.27987, 100042, 0.110096
0.6175, 1.14016, 126.81, 120782, 0.137925, 0.202284, 100031, 0.115096
0.6225, 1.14016, 126.81, 120782, 0.137918, 0.146105, 100022, 0.120097
0.6275, 1.14016, 126.81, 120782, 0.137913, 0.105441, 100016, 0.125097
0.6325, 1.14016, 126.81, 120782, 0.13791, 0.0760178, 100012, 0.130097
0.6375, 1.14016, 126.81, 120782, 0.137907, 0.0547376, 100008, 0.135097
0.6425, 1.14016, 126.81, 120782, 0.137905, 0.0393544, 100006, 0.140097
0.6475, 1.14016, 126.81, 120782, 0.137904, 0.0282407, 100004, 0.145097
0.6525, 1.14016, 126.81, 120782, 0.137903, 0.0202169, 100003, 0.150097
0.6575, 1.14016, 126.81, 120782, 0.137902, 0.0144285, 100002, 0.155097
0.6625, 1.14016, 126.81, 120782, 0.137901, 0.0102569, 100002, 0.160097
0.6675, 1.14016, 126.81, 120782, 0.137901, 0.0072538, 100001, 0.165097
0.6725, 1.14016, 126.81, 120782, 0.137901, 0.00509475, 100001, 0.170097
0.6775, 1.14016, 126.81, 120782, 0.1379, 0.00354457, 100001, 0.175097
0.6825, 1.14016, 126.81, 120782, 0.1379, 0.00243279, 100000, 0.180097
0.6875, 1.14016, 126.81, 120782, 0.1379, 0.00163583, 100000, 0.185097
0.6925, 1.14016, 126.81, 120782, 0.1379, 0.00106422, 100000, 0.190097
0.6975, 1.14016, 126.81, 120782, 0.1379, 0.000653383, 100000, 0.195097
0.7025, 1.14016, 126.81, 120782, 0.1379, 0.000357013, 100000, 0.200097
0.7075, 1.14016, 126.81, 120782, 0.1379, 0.000142145, 100000, 0.205097
0.7125, 1.14016, 126.81, 120782, 0.1379, -1.45049e-05, 100000, 0.210097
0.7175, 1.14016, 126.81, 120782, 0.1379, -0.0001293, 100000, 0.215097
0.7225, 1.14016, 126.81, 120782, 0.1379, -0.000213719, 100000, 0.220097
0.7275, 1.14016, 126.81, 120782, 0.1379, -0.000275835, 100000, 0.225097
0.7325, 1.14016, 126.81, 120782, 0.1379, -0.000321369, 100000, 0.230097
0.7375, 1.14016, 126.81, 120782, 0.1379, -0.000354452, 99999.9, 0.235097
0.7425, 1.14016, 126.81, 120782, 0.1379, -0.000378162, 99999.9, 0.240097
0.7475, 1.14016, 126.81, 120782, 0.1379, -0.000394876, 99999.9, 0.245097
0.7525, 1.14016, 126.81, 120782, 0.1379, -0.000406472, 99999.9, 0.250097
0.7575, 1.14016, 126.81, 120782, 0.1379, -0.000414416, 99999.9, 0.255097
0.7625, 1.14016, 126.81, 120782, 0.1379, -0.000419819, 99999.9, 0.260097
0.7675, 1.14016, 126.81, 120782, 0.1379, -0.000423481, 99999.9, 0.265097
0.7725, 1.14016, 126.81, 120782, 0.1379, -0.000425954, 99999.9, 0.270097
0.7775, 1.14016, 126.81, 120782, 0.1379, -0.000427608, 99999.9, 0.275097
0.7825, 1.14016, 126.81, 120782, 0.1379, -0.000428694, 99999.9, 0.280097
0.7875, 1.14016, 126.81, 120782, 0.1379, -0.000429385, 99999.9, 0.285097
0.7925, 1.14016, 126.81, 120782, 0.1379, -0.000429806, 99999.9, 0.290097
0.7975, 1.14016, 126.81, 120782, 0.1379, -0.000430047, 99999.9, 0.295097
0.8025, 1.14016, 126.81, 120782, 0.1379, -0.000430176, 99999.9, 0.300097
0.8075, 1.14016, 126.81, 120782, 0.1379, -0.000430237, 99999.9, 0.305097
0.8125, 1.14016, 126.81, 120782, 0.1379, -0.000430261, 99999.9, 0.310097
0.8175, 1.14016, 126.81, 120782, 0.1379, -0.000430267, 99999.9, 0.315097
0.8225, 1.14016, 126.81, 120782, 0.1379, -0.000430265, 99999.9, 0.320097
0.8275, 1.14016, 126.81, 120782, 0.1379, -0.00043025, 99999.9, 0.325097
0.8325, 1.14016, 126.81, 120782, 0.1379, -0.000430228, 99999.9, 0.330097
0.8375, 1.14016, 126.81, 120782, 0.1379, -0.000430212, 99999.9, 0.335097
0.8425, 1.14016, 126.81, 120782, 0.1379, -0.000430199, 99999.9, 0.340097
0.8475, 1.14016, 126.81, 120782, 0.1379, -0.000430189, 99999.9, 0.345097
0.8525, 1.14016, 126.81, 120782, 0.1379, -0.000430182, 99999.9, 0.350097
0.8575, 1.14016, 126.81, 120782, 0.1379, -0.000430176, 99999.9, 0.355097
0.8625, 1.14016, 126.81, 120782, 0.1379, -0.000430171, 99999.9, 0.360097
0.8675, 1.14016, 126.81, 120782, 0.1379, -0.000430168, 99999.9, 0.365097
0.8725, 1.14016, 126.81, 120782, 0.1379, -0.000430165, 99999.9, 0.370097
0.8775, 1.14016, 126.81, 120782, 0.1379, -0.000430164, 99999.9, 0.375097
0.8825, 1.14016, 126.81, 120782, 0.1379, -0.000430163, 99999.9, 0.380097
0.8875, 1.14016, 126.81, 120782, 0.1379, -0.000430162, 99999.9, 0.385097
0.8925, 1.14016, 126.81, 120782, 0.1379, -0.000430161, 99999.9, 0.390097
0.8975, 1.14016, 126.81, 120782, 0.1379, -0.000430161, 99999.9, 0.395097
0.9025, 1.14016, 126.81, 120782, 0.1379, -0.000430161, 99999.9, 0.400097
0.9075, 1.14016, 126.81, 120782, 0.1379, -0.00043016, 99999.9, 0.405097
0.9125, 1.14016, 126.81, 120782, 0.1379, -0.00043016, 99999.9, 0.410097
0.9175, 1.14016, 126.81, 120782, 0.1379, -0.00043016, 99999.9, 0.415097
0.9225, 1.14016, 126.81, 120782, 0.1379, -0.00043016, 99999.9, 0.420097
0.9275, 1.14016, 126.81, 120782, 0.1379, -0.00043016, 99999.9, 0.425097
0.9325, 1.14016, 126.81, 120782, 0.1379, -0.00043016, 99999.9, 0.430097
0.9375, 1.14016, 126.81, 120782, 0.1379, -0.00043016, 99999.9, 0.435097
0.9425, 1.14016, 126.81, 120782, 0.1379, -0.00043016, 99999.9, 0.440097
0.9475, 1.14016, 126.81, 120782, 0.1379, -0.00043016, 99999.9, 0.445097
0.9525, 1.14016, 126.81, 120782, 0.1379, -0.00043016, 99999.9, 0.450097
0.9575, 1.14016, 126.81, 120782, 0.1379, -0.00043016, 99999.9, 0.455097
0.9625, 1.14016, 126.81, 120782, 0.1379, -0.00043016, 99999.9, 0.460097
0.9675, 1.14016, 126.81, 120782, 0.1379, -0.00043016, 99999.9, 0.465097
0.9725, 1.14016, 126.81, 120782, 0.1379, -0.00043016, 99999.9, 0.470097
0.9775, 1.14016, 126.81, 120782, 0.1379, -0.00043016, 99999.9, 0.475097
0.9825, 1.14016, 126.81, 120782, 0.1379, -0.00043016, 99999.9, 0.480097
0.9875, 1.14016, 126.81, 120782, 0.1379, -0.00043016, 99999.9, 0.485097
0.9925, 1.14016, 126.81, 120782, 0.1379, -0.00043016, 99999.9, 0.490097
0.9975, 1.14016, 126.81, 120782, 0.1379, -0.00043016, 99999.9, 0.495097
