0.0025, 1.33291, 111.814, 149986, 0.1379, -0.000238295, 99999.9, -0.4975
0.0075, 1.33275, 111.859, 149962, 0.1379, -0.000238295, 99999.9, -0.492907
0.0125, 1.33242, 111.958, 149909, 0.1379, -0.000238295, 99999.9, -0.487907
0.0175, 1.33207, 112.061, 149855, 0.1379, -0.000238295, 99999.9, -0.482907
0.0225, 1.33188, 112.126, 149820, 0.1379, -0.000238295, 99999.9, -0.477908
0.0275, 1.33181, 112.151, 149807, 0.1379, -0.000238295, 99999.9, -0.472908
0.0325, 1.33182, 112.152, 149807, 0.1379, -0.000238295, 99999.9, -0.467908
0.0375, 1.33195, 112.119, 149824, 0.1379, -0.000238295, 99999.9, -0.462908
0.0425, 1.33217, 112.032, 149869, 0.1379, -0.000238295, 99999.9, -0.457907
0.0475, 1.33225, 111.935, 149924, 0.1379, -0.000238295, 99999.9, -0.452907
0.0525, 1.33214, 111.869, 149962, 0.1379, -0.000238295, 99999.9, -0.447907
0.0575, 1.3317, 111.84, 149977, 0.1379, -0.000238295, 99999.9, -0.442907
0.0625, 1.33071, 111.843, 149978, 0.1379, -0.000238295, 99999.9, -0.437907
0.0675, 1.32936, 111.864, 149976, 0.1379, -0.000238295, 99999.9, -0.432907
0.0725, 1.32807, 111.87, 149969, 0.1379, -0.000238295, 99999.9, -0.427907
0.0775, 1.32713, 111.809, 149928, 0.1379, -0.000238295, 99999.9, -0.422906
0.0825, 1.32642, 111.513, 149767, 0.1379, -0.000238295, 99999.9, -0.417905
0.0875, 1.32469, 110.439, 149219, 0.1379, -0.000238295, 99999.9, -0.412899
0.0925, 1.31103, 105.339, 146581, 0.1379, -0.000238295, 99999.9, -0.407869
0.0975, 1.25307, 87.537, 137510, 0.1379, -0.000238295, 99999.9, -0.402784
0.1025, 1.1541, 55.7258, 122655, 0.1379, -0.000238295, 99999.9, -0.397665
0.1075, 1.07567, 28.1445, 110964, 0.1379, -0.000238295, 99999.9, -0.392579
0.1125, 1.03222, 12.0828, 104597, 0.1379, -0.000238295, 99999.9, -0.387532
0.1175, 1.01219, 4.57391, 101722, 0.1379, -0.000238295, 99999.9, -0.382512
0.1225, 1.00418, 1.56543, 100587, 0.1379, -0.000238295, 99999.9, -0.377504
0.1275, 1.00131, 0.489017, 100183, 0.1379, -0.000238295, 99999.9, -0.372501
0.1325, 1.00037, 0.139577, 100052, 0.1379, -0.000238295, 99999.9, -0.3675
0.1375, 1.0001, 0.036294, 100014, 0.1379, -0.000238295, 99999.9, -0.3625
0.1425, 1.00002, 0.00855917, 100003, 0.1379, -0.000238295, 99999.9, -0.3575
0.1475, 1, 0.0018209, 100001, 0.1379, -0.000238295, 99999.9, -0.3525
0.1525, 1, 0.00034736, 100000, 0.1379, -0.000238295, 99999.9, -0.3475
0.1575, 1, 5.90081e-05, 100000, 0.1379, -0.000238295, 99999.9, -0.3425
0.1625, 1, 8.85457e-06, 100000, 0.1379, -0.000238295, 99999.9, -0.3375
0.1675, 1, 1.16229e-06, 100000, 0.1379, -0.000238295, 99999.9, -0.3325
0.1725, 1, 1.31859e-07, 100000, 0.1379, -0.000238295, 99999.9, -0.3275
0.1775, 1, 1.2731e-08, 100000, 0.1379, -0.000238295, 99999.9, -0.3225
0.1825, 1, 1.02482e-09, 100000, 0.1379, -0.000238295, 99999.9, -0.3175
0.1875, 1, 6.67942e-11, 100000, 0.1379, -0.000238295, 99999.9, -0.3125
0.1925, 1, 3.37462e-12, 100000, 0.1379, -0.000238295, 99999.9, -0.3075
0.1975, 1, 1.05787e-13, 100000, 0.1379, -0.000238295, 99999.9, -0.3025
0.2025, 1, 0, 100000, 0.1379, -0.000238295, 99999.9, -0.2975
0.2075, 1, 0, 100000, 0.1379, -0.000238295, 99999.9, -0.2925
0.2125, 1, 0, 100000, 0.1379, -0.000238295, 99999.9, -0.2875
0.2175, 1, 0, 100000, 0.1379, -0.000238295, 99999.9, -0.2825
0.2225, 1, 0, 100000, 0.1379, -0.000238295, 99999.9, -0.2775
0.2275, 1, 0, 100000, 0.1379, -0.000238295, 99999.9, -0.2725
0.2325, 1, 0, 100000, 0.1379, -0.000238295, 99999.9, -0.2675
0.2375, 1, 0, 100000, 0.1379, -0.000238295, 99999.9, -0.2625
0.2425, 1, 0, 100000, 0.1379, -0.000238295, 99999.9, -0.2575
0.2475, 1, 0, 100000, 0.1379, -0.000238295, 99999.9, -0.2525
0.2525, 1, 0, 100000, 0.1379, -0.000238295, 99999.9, -0.2475
0.2575, 1, 0, 100000, 0.1379, -0.000238295, 99999.9, -0.2425
0.2625, 1, 0, 100000, 0.1379, -0.000238295, 99999.9, -0.2375
0.2675, 1, 0, 100000, 0.1379, -0.000238295, 99999.9, -0.2325
0.2725, 1, 0, 100000, 0.1379, -0.000238295, 99999.9, -0.2275
0.2775, 1, 0, 100000, 0.1379, -0.000238295, 99999.9, -0.2225
0.2825, 1, 0, 100000, 0.1379, -0.000238295, 99999.9, -0.2175
0.2875, 1, 0, 100000, 0.1379, -0.000238295, 99999.9, -0.2125
0.2925, 1, 0, 100000, 0.1379, -0.000238295, 99999.9, -0.2075
0.2975, 1, 0, 100000, 0.1379, -0.000238295, 99999.9, -0.2025
0.3025, 1, 0, 100000, 0.1379, -0.000238295, 99999.9, -0.1975
0.3075, 1, 0, 100000, 0.1379, -0.000238295, 99999.9, -0.1925
0.3125, 1, 0, 100000, 0.1379, -0.000238295, 99999.9, -0.1875
0.3175, 1, 0, 100000, 0.1379, -0.000238295, 99999.9, -0.1825
0.3225, 1, 0, 100000, 0.1379, -0.000238295, 99999.9, -0.1775
0.3275, 1, 0, 100000, 0.1379, -0.000238295, 99999.9, -0.1725
0.3325, 1, 0, 100000, 0.1379, -0.000238295, 99999.9, -0.1675
0.3375, 1, 0, 100000, 0.1379, -0.000238295, 99999.9, -0.1625
0.3425, 1, 0, 100000, 0.1379, -0.000238295, 99999.9, -0.1575
0.3475, 1, 0, 100000, 0.1379, -0.000238295, 99999.9, -0.1525
0.3525, 1, 0, 100000, 0.1379, -0.000238295, 99999.9, -0.1475
0.3575, 1, 0, 100000, 0.1379, -0.000238295, 99999.9, -0.1425
0.3625, 1, 0, 100000, 0.1379, -0.000238295, 99999.9, -0.1375
0.3675, 1, 0, 100000, 0.1379, -0.000238295, 99999.9, -0.1325
0.3725, 1, 0, 100000, 0.1379, -0.000238295, 99999.9, -0.1275
0.3775, 1, 0, 100000, 0.1379, -0.000238295, 99999.9, -0.1225
0.3825, 1, 1.05787e-14, 100000, 0.1379, -0.000238295, 99999.9, -0.1175
0.3875, 1, 2.00996e-13, 100000, 0.1379, -0.000238295, 99999.9, -0.1125
0.3925, 1, 1.18482e-12, 100000, 0.1379, -0.000238295, 99999.9, -0.1075
0.3975, 1, 6.61171e-12, 100000, 0.1379, -0.000238295, 99999.9, -0.1025
0.4025, 1, 3.34182e-11, 100000, 0.1379, -0.000238295, 99999.9, -0.0975
0.4075, 1, 1.53127e-10, 100000, 0.1379, -0.000238295, 99999.9, -0.0925
0.4125, 1, 6.44034e-10, 100000, 0.1379, -0.000238295, 99999.9, -0.0875
0.4175, 1, 2.5004e-09, 100000, 0.1379, -0.000238295, 99999.9, -0.0825
0.4225, 1, 9.01331e-09, 100000, 0.1379, -0.000238295, 99999.9, -0.0775
0.4275, 1, 3.03433e-08, 100000, 0.1379, -0.000238295, 99999.9, -0.0725
0.4325, 1, 9.58654e-08, 100000, 0.1379, -0.000238295, 99999.9, -0.0675
0.4375, 1, 2.86327e-07, 100000, 0.1379, -0.000238295, 99999.9, -0.0625
0.4425, 1, 8.26222e-07, 100000, 0.1379, -0.000238295, 99999.9, -0.0575
0.4475, 1, 2.09604e-06, 100000, 0.1379, -0.000238295, 99999.9, -0.0525
0.4525, 1, 3.82544e-06, 100000, 0.1379, -0.000238295, 99999.9, -0.0475
0.4575, 1, 5.31549e-06, 100000, 0.1379, -0.000238295, 99999.9, -0.0425
0.4625, 1, 6.29208e-06, 100000, 0.1379, -0.000238295, 99999.9, -0.0375
0.4675, 1, 6.82991e-06, 100000, 0.1379, -0.000238295, 99999.9, -0.0325
0.4725, 1, 7.08812e-06, 100000, 0.1379, -0.000238295, 99999.9, -0.0275
0.4775, 1, 7.19725e-06, 100000, 0.1379, -0.000238295, 99999.9, -0.0225
0.4825, 1, 7.2085e-06, 100000, 0.1379, -0.000238295, 99999.9, -0.0175
0.4875, 1, 6.90684e-06, 100000, 0.1379, -0.000238295, 99999.9, -0.0125
0.4925, 1, 3.96362e-06, 100000, 0.1379, -0.000238295, 99999.9, -0.0075
0.4975, 1, -4.88122e-05, 100000, 0.1379, -0.000391614, 99999.9, -0.00249999
0.5025, 1, -0.000171567, 99999.9, 0.1379, -0.000427791, 99999.9, 0.00250001
0.5075, 0.999999, -0.000238295, 99999.9, 0.1379, -0.000429917, 99999.9, 0.00750001
0.5125, 0.999999, -0.000238295, 99999.9, 0.1379, -0.000429893, 99999.9, 0.0125
0.5175, 0.999999, -0.000238295, 99999.9, 0.1379, -0.000429859, 99999.9, 0.0175
0.5225, 0.999999, -0.000238295, 99999.9, 0.1379, -0.000429823, 99999.9, 0.0225
0.5275, 0.999999, -0.000238295, 99999.9, 0.1379, -0.000429792, 99999.9, 0.0275
0.5325, 0.999999, -0.000238295, 99999.9, 0.1379, -0.000429775, 99999.9, 0.0325
0.5375, 0.999999, -0.000238295, 99999.9, 0.1379, -0.000429771, 99999.9, 0.0375
0.5425, 0.999999, -0.000238295, 99999.9, 0.1379, -0.00042978, 99999.9, 0.0425
0.5475, 0.999999, -0.000238295, 99999.9, 0.1379, -0.00042982, 99999.9, 0.0475
0.5525, 0.999999, -0.000238295, 99999.9, 0.1379, -0.000429878, 99999.9, 0.0525
0.5575, 0.999999, -0.000238295, 99999.9, 0.1379, -0.000429954, 99999.9, 0.0575
0.5625, 0.999999, -0.000238295, 99999.9, 0.1379, -0.000430033, 99999.9, 0.0625
0.5675, 0.999999, -0.000238295, 99999.9, 0.1379, -0.000430091, 99999.9, 0.0675
0.5725, 0.999999, -0.000238295, 99999.9, 0.1379, -0.000430117, 99999.9, 0.0725
0.5775, 0.999999, -0.000238295, 99999.9, 0.1379, -0.000430118, 99999.9, 0.0775
0.5825, 0.999999, -0.000238295, 99999.9, 0.1379, -0.000430071, 99999.9, 0.0825
0.5875, 0.999999, -0.000238295, 99999.9, 0.1379, -0.000429865, 99999.9, 0.0875
0.5925, 0.999999, -0.000238295, 99999.9, 0.1379, -0.000429407, 99999.9, 0.0925
0.5975, 0.999999, -0.000238295, 99999.9, 0.1379, -0.000428599, 99999.9, 0.0975
0.6025, 0.999999, -0.000238295, 99999.9, 0.1379, -0.000426963, 99999.9, 0.1025
0.6075, 0.999999, -0.000238295, 99999.9, 0.1379, -0.000423274, 99999.9, 0.1075
0.6125, 0.999999, -0.000238295, 99999.9, 0.1379, -0.000414036, 99999.9, 0.1125
0.6175, 0.999999, -0.000238295, 99999.9, 0.1379, -0.000385511, 99999.9, 0.1175
0.6225, 0.999999, -0.000238295, 99999.9, 0.1379, -0.000298887, 100000, 0.1225
0.6275, 0.999999, -0.000238295, 99999.9, 0.1379, -0.00017865, 100000, 0.1275
0.6325, 0.999999, -0.000238295, 99999.9, 0.1379, -8.60477e-05, 100000, 0.1325
0.6375, 0.999999, -0.000238295, 99999.9, 0.1379, -3.28455e-05, 100000, 0.1375
0.6425, 0.999999, -0.000238295, 99999.9, 0.1379, -9.55261e-06, 100000, 0.1425
0.6475, 0.999999, -0.000238295, 99999.9, 0.1379, -1.9895e-06, 100000, 0.1475
0.6525, 0.999999, -0.000238295, 99999.9, 0.1379, -2.64428e-07, 100000, 0.1525
0.6575, 0.999999, -0.000238295, 99999.9, 0.1379, -1.68618e-08, 100000, 0.1575
0.6625, 0.999999, -0.000238295, 99999.9, 0.1379, 3.06852e-13, 100000, 0.1625
0.6675, 0.999999, -0.000238295, 99999.9, 0.1379, 0, 100000, 0.1675
0.6725, 0.999999, -0.000238295, 99999.9, 0.1379, 0, 100000, 0.1725
0.6775, 0.999999, -0.000238295, 99999.9, 0.1379, 0, 100000, 0.1775
0.6825, 0.999999, -0.000238295, 99999.9, 0.1379, 0, 100000, 0.1825
0.6875, 0.999999, -0.000238295, 99999.9, 0.1379, 0, 100000, 0.1875
0.6925, 0.999999, -0.000238295, 99999.9, 0.1379, 0, 100000, 0.1925
0.6975, 0.999999, -0.000238295, 99999.9, 0.1379, 0, 100000, 0.1975
0.7025, 0.999999, -0.000238295, 99999.9, 0.1379, 0, 100000, 0.2025
0.7075, 0.999999, -0.000238295, 99999.9, 0.1379, 0, 100000, 0.2075
0.7125, 0.999999, -0.000238295, 99999.9, 0.1379, 0, 100000, 0.2125
0.7175, 0.999999, -0.000238295, 99999.9, 0.1379, 0, 100000, 0.2175
0.7225, 0.999999, -0.000238295, 99999.9, 0.1379, 0, 100000, 0.2225
0.7275, 0.999999, -0.000238295, 99999.9, 0.1379, 0, 100000, 0.2275
0.7325, 0.999999, -0.000238295, 99999.9, 0.1379, 0, 100000, 0.2325
0.7375, 0.999999, -0.000238295, 99999.9, 0.1379, 0, 100000, 0.2375
0.7425, 0.999999, -0.000238295, 99999.9, 0.1379, 0, 100000, 0.2425
0.7475, 0.999999, -0.000238295, 99999.9, 0.1379, 0, 100000, 0.2475
0.7525, 0.999999, -0.000238295, 99999.9, 0.1379, 0, 100000, 0.2525
0.7575, 0.999999, -0.000238295, 99999.9, 0.1379, 0, 100000, 0.2575
0.7625, 0.999999, -0.000238295, 99999.9, 0.1379, 0, 100000, 0.2625
0.7675, 0.999999, -0.000238295, 99999.9, 0.1379, 0, 100000, 0.2675
0.7725, 0.999999, -0.000238295, 99999.9, 0.1379, 0, 100000, 0.2725
0.7775, 0.999999, -0.000238295, 99999.9, 0.1379, 0, 100000, 0.2775
0.7825, 0.999999, -0.000238295, 99999.9, 0.1379, 0, 100000, 0.2825
0.7875, 0.999999, -0.000238295, 99999.9, 0.1379, 0, 100000, 0.2875
0.7925, 0.999999, -0.000238295, 99999.9, 0.1379, 0, 100000, 0.2925
0.7975, 0.999999, -0.000238295, 99999.9, 0.1379, 0, 100000, 0.2975
0.8025, 0.999999, -0.000238295, 99999.9, 0.1379, 0, 100000, 0.3025
0.8075, 0.999999, -0.000238295, 99999.9, 0.1379, 0, 100000, 0.3075
0.8125, 0.999999, -0.000238295, 99999.9, 0.1379, 0, 100000, 0.3125
0.8175, 0.999999, -0.000238295, 99999.9, 0.1379, 0, 100000, 0.3175
0.8225, 0.999999, -0.000238295, 99999.9, 0.1379, 0, 100000, 0.3225
0.8275, 0.999999, -0.000238295, 99999.9, 0.1379, 0, 100000, 0.3275
0.8325, 0.999999, -0.000238295, 99999.9, 0.1379, 0, 100000, 0.3325
0.8375, 0.999999, -0.000238295, 99999.9, 0.1379, 0, 100000, 0.3375
0.8425, 0.999999, -0.000238295, 99999.9, 0.1379, 0, 100000, 0.3425
0.8475, 0.999999, -0.000238295, 99999.9, 0.1379, 0, 100000, 0.3475
0.8525, 0.999999, -0.000238295, 99999.9, 0.1379, 0, 100000, 0.3525
0.8575, 0.999999, -0.000238295, 99999.9, 0.1379, 0, 100000, 0.3575
0.8625, 0.999999, -0.000238295, 99999.9, 0.1379, 0, 100000, 0.3625
0.8675, 0.999999, -0.000238295, 99999.9, 0.1379, 0, 100000, 0.3675
0.8725, 0.999999, -0.000238295, 99999.9, 0.1379, 0, 100000, 0.3725
0.8775, 0.999999, -0.000238295, 99999.9, 0.1379, 0, 100000, 0.3775
0.8825, 0.999999, -0.000238295, 99999.9, 0.1379, 0, 100000, 0.3825
0.8875, 0.999999, -0.000238295, 99999.9, 0.1379, 0, 100000, 0.3875
0.8925, 0.999999, -0.000238295, 99999.9, 0.1379, 0, 100000, 0.3925
0.8975, 0.999999, -0.000238295, 99999.9, 0.1379, 0, 100000, 0.3975
0.9025, 0.999999, -0.000238295, 99999.9, 0.1379, 0, 100000, 0.4025
0.9075, 0.999999, -0.000238295, 99999.9, 0.1379, 0, 100000, 0.4075
0.9125, 0.999999, -0.000238295, 99999.9, 0.1379, 0, 100000, 0.4125
0.9175, 0.999999, -0.000238295, 99999.9, 0.1379, 0, 100000, 0.4175
0.9225, 0.999999, -0.000238295, 99999.9, 0.1379, 0, 100000, 0.4225
0.9275, 0.999999, -0.000238295, 99999.9, 0.1379, 0, 100000, 0.4275
0.9325, 0.999999, -0.000238295, 99999.9, 0.1379, 0, 100000, 0.4325
0.9375, 0.999999, -0.000238295, 99999.9, 0.1379, 0, 100000, 0.4375
0.9425, 0.999999, -0.000238295, 99999.9, 0.1379, 0, 100000, 0.4425
0.9475, 0.999999, -0.000238295, 99999.9, 0.1379, 0, 100000, 0.4475
0.9525, 0.999999, -0.000238295, 99999.9, 0.1379, 0, 100000, 0.4525
0.9575, 0.999999, -0.000238295, 99999.9, 0.1379, 0, 100000, 0.4575
0.9625, 0.999999, -0.000238295, 99999.9, 0.1379, 0, 100000, 0.4625
0.9675, 0.999999, -0.000238295, 99999.9, 0.1379, 0, 100000, 0.4675
0.9725, 0.999999, -0.000238295, 99999.9, 0.1379, 0, 100000, 0.4725
0.9775, 0.999999, -0.000238295, 99999.9, 0.1379, 0, 100000, 0.4775
0.9825, 0.999999, -0.000238295, 99999.9, 0.1379, 0, 100000, 0.4825
0.9875, 0.999999, -0.000238295, 99999.9, 0.1379, 0, 100000, 0.4875
0.9925, 0.999999, -0.000238295, 99999.9, 0.1379, 0, 100000, 0.4925
0.9975, 0.999999, -0.000238295, 99999.9, 0.1379, 0, 100000, 0.4975
