0.0025, 1.33221, 112.019, 149877, 0.1379, -0.000238515, 99999.9, -0.4975
0.0075, 1.33203, 112.075, 149848, 0.1379, -0.000238515, 99999.9, -0.492907
0.0125, 1.33189, 112.116, 149826, 0.1379, -0.000238515, 99999.9, -0.487908
0.0175, 1.33187, 112.123, 149822, 0.1379, -0.000238515, 99999.9, -0.482908
0.0225, 1.33192, 112.111, 149829, 0.1379, -0.000238515, 99999.9, -0.477908
0.0275, 1.33214, 112.054, 149858, 0.1379, -0.000238515, 99999.9, -0.472907
0.0325, 1.33247, 111.97, 149903, 0.1379, -0.000238515, 99999.9, -0.467907
0.0375, 1.33266, 111.903, 149938, 0.1379, -0.000238515, 99999.9, -0.462907
0.0425, 1.3327, 111.866, 149958, 0.1379, -0.000238515, 99999.9, -0.457907
0.0475, 1.33265, 111.851, 149967, 0.1379, -0.000238515, 99999.9, -0.452907
0.0525, 1.33253, 111.849, 149969, 0.1379, -0.000238515, 99999.9, -0.447907
0.0575, 1.33221, 111.86, 149964, 0.1379, -0.000238515, 99999.9, -0.442907
0.0625, 1.33148, 111.867, 149959, 0.1379, -0.000238515, 99999.9, -0.437907
0.0675, 1.33032, 111.863, 149961, 0.1379, -0.000238515, 99999.9, -0.432907
0.0725, 1.3292, 111.85, 149968, 0.1379, -0.000238515, 99999.9, -0.427907
0.0775, 1.32852, 111.84, 149977, 0.1379, -0.000238515, 99999.9, -0.422907
0.0825, 1.32828, 111.837, 149985, 0.1379, -0.000238515, 99999.9, -0.417907
0.0875, 1.32843, 111.834, 149989, 0.1379, -0.000238515, 99999.9, -0.412906
0.0925, 1.32908, 111.809, 149985, 0.1379, -0.000238515, 99999.9, -0.407906
0.0975, 1.32992, 111.755, 149939, 0.1379, -0.000238515, 99999.9, -0.402906
0.1025, 1.33052, 111.523, 149804, 0.1379, -0.000238515, 99999.9, -0.397905
0.1075, 1.3295, 110.632, 149349, 0.1379, -0.000238515, 99999.9, -0.3929
0.1125, 1.31732, 106.618, 147255, 0.1379, -0.000238515, 99999.9, -0.387876
0.1175, 1.26699, 91.8054, 139648, 0.1379, -0.000238515, 99999.9, -0.382804
0.1225, 1.17441, 62.5251, 125717, 0.1379, -0.000238515, 99999.9, -0.37769
0.1275, 1.09237, 34.1156, 113418, 0.1379, -0.000238515, 99999.9, -0.372598
0.1325, 1.04303, 16.0774, 106155, 0.1379, -0.000238515, 99999.9, -0.367544
0.1375, 1.01814, 6.79534, 102567, 0.1379, -0.000238515, 99999.9, -0.362518
0.1425, 1.00708, 2.65119, 100996, 0.1379, -0.000238515, 99999.9, -0.357507
0.1475, 1.00259, 0.968389, 100363, 0.1379, -0.000238515, 99999.9, -0.352502
0.1525, 1.00089, 0.332727, 100125, 0.1379, -0.000238515, 99999.9, -0.347501
0.1575, 1.00029, 0.107542, 100040, 0.1379, -0.000238515, 99999.9, -0.3425
0.1625, 1.00009, 0.0326389, 100012, 0.1379, -0.000238515, 99999.9, -0.3375
0.1675, 1.00002, 0.00927905, 100003, 0.1379, -0.000238515, 99999.9, -0.3325
0.1725, 1.00001, 0.00246468, 100001, 0.1379, -0.000238515, 99999.9, -0.3275
0.1775, 1, 0.000610045, 100000, 0.1379, -0.000238515, 99999.9, -0.3225
0.1825, 1, 0.000140326, 100000, 0.1379, -0.000238515, 99999.9, -0.3175
0.1875, 1, 2.99128e-05, 100000, 0.1379, -0.000238515, 99999.9, -0.3125
0.1925, 1, 5.89112e-06, 100000, 0.1379, -0.000238515, 99999.9, -0.3075
0.1975, 1, 1.06834e-06, 100000, 0.1379, -0.000238515, 99999.9, -0.3025
0.2025, 1, 1.77732e-07, 100000, 0.1379, -0.000238515, 99999.9, -0.2975
0.2075, 1, 2.70103e-08, 100000, 0.1379, -0.000238515, 99999.9, -0.2925
0.2125, 1, 3.73149e-09, 100000, 0.1379, -0.000238515, 99999.9, -0.2875
0.2175, 1, 4.65972e-10, 100000, 0.1379, -0.000238515, 99999.9, -0.2825
0.2225, 1, 5.22484e-11, 100000, 0.1379, -0.000238515, 99999.9, -0.2775
0.2275, 1, 5.23648e-12, 100000, 0.1379, -0.000238515, 99999.9, -0.2725
0.2325, 1, 4.44307e-13, 100000, 0.1379, -0.000238515, 99999.9, -0.2675
0.2375, 1, 2.11575e-14, 100000, 0.1379, -0.000238515, 99999.9, -0.2625
0.2425, 1, 0, 100000, 0.1379, -0.000238515, 99999.9, -0.2575
0.2475, 1, 0, 100000, 0.1379, -0.000238515, 99999.9, -0.2525
0.2525, 1, 0, 100000, 0.1379, -0.000238515, 99999.9, -0.2475
0.2575, 1, 0, 100000, 0.1379, -0.000238515, 99999.9, -0.2425
0.2625, 1, 0, 100000, 0.1379, -0.000238515, 99999.9, -0.2375
0.2675, 1, 0, 100000, 0.1379, -0.000238515, 99999.9, -0.2325
0.2725, 1, 0, 100000, 0.1379, -0.000238515, 99999.9, -0.2275
0.2775, 1, 0, 100000, 0.1379, -0.000238515, 99999.9, -0.2225
0.2825, 1, 0, 100000, 0.1379, -0.000238515, 99999.9, -0.2175
0.2875, 1, 0, 100000, 0.1379, -0.000238515, 99999.9, -0.2125
0.2925, 1, 0, 100000, 0.1379, -0.000238515, 99999.9, -0.2075
0.2975, 1, 0, 100000, 0.1379, -0.000238515, 99999.9, -0.2025
0.3025, 1, 0, 100000, 0.1379, -0.000238515, 99999.9, -0.1975
0.3075, 1, 0, 100000, 0.1379, -0.000238515, 99999.9, -0.1925
0.3125, 1, 0, 100000, 0.1379, -0.000238515, 99999.9, -0.1875
0.3175, 1, 0, 100000, 0.1379, -0.000238515, 99999.9, -0.1825
0.3225, 1, 0, 100000, 0.1379, -0.000238515, 99999.9, -0.1775
0.3275, 1, 0, 100000, 0.1379, -0.000238515, 99999.9, -0.1725
0.3325, 1, 0, 100000, 0.1379, -0.000238515, 99999.9, -0.1675
0.3375, 1, 0, 100000, 0.1379, -0.000238515, 99999.9, -0.1625
0.3425, 1, 0, 100000, 0.1379, -0.000238515, 99999.9, -0.1575
0.3475, 1, 0, 100000, 0.1379, -0.000238515, 99999.9, -0.1525
0.3525, 1, 0, 100000, 0.1379, -0.000238515, 99999.9, -0.1475
0.3575, 1, 3.17362e-14, 100000, 0.1379, -0.000238515, 99999.9, -0.1425
0.3625, 1, 2.43311e-13, 100000, 0.1379, -0.000238515, 99999.9, -0.1375
0.3675, 1, 1.15308e-12, 100000, 0.1379, -0.000238515, 99999.9, -0.1325
0.3725, 1, 4.92969e-12, 100000, 0.1379, -0.000238515, 99999.9, -0.1275
0.3775, 1, 2.00573e-11, 100000, 0.1379, -0.000238515, 99999.9, -0.1225
0.3825, 1, 7.66112e-11, 100000, 0.1379, -0.000238515, 99999.9, -0.1175
0.3875, 1, 2.77417e-10, 100000, 0.1379, -0.000238515, 99999.9, -0.1125
0.3925, 1, 9.54456e-10, 100000, 0.1379, -0.000238515, 99999.9, -0.1075
0.3975, 1, 3.12874e-09, 100000, 0.1379, -0.000238515, 99999.9, -0.1025
0.4025, 1, 9.80098e-09, 100000, 0.1379, -0.000238515, 99999.9, -0.0975
0.4075, 1, 2.94423e-08, 100000, 0.1379, -0.000238515, 99999.9, -0.0925
0.4125, 1, 8.49342e-08, 100000, 0.1379, -0.000238515, 99999.9, -0.0875
0.4175, 1, 2.37054e-07, 100000, 0.1379, -0.000238515, 99999.9, -0.0825
0.4225, 1, 6.42953e-07, 100000, 0.1379, -0.000238515, 99999.9, -0.0775
0.4275, 1, 1.64851e-06, 100000, 0.1379, -0.000238515, 99999.9, -0.0725
0.4325, 1, 3.16328e-06, 100000, 0.1379, -0.000238515, 99999.9, -0.0675
0.4375, 1, 4.65061e-06, 100000, 0.1379, -0.000238515, 99999.9, -0.0625
0.4425, 1, 5.76553e-06, 100000, 0.1379, -0.000238515, 99999.9, -0.0575
0.4475, 1, 6.48004e-06, 100000, 0.1379, -0.000238515, 99999.9, -0.0525
0.4525, 1, 6.88023e-06, 100000, 0.1379, -0.000238515, 99999.9, -0.0475
0.4575, 1, 7.06686e-06, 100000, 0.1379, -0.000238515, 99999.9, -0.0425
0.4625, 1, 7.12903e-06, 100000, 0.1379, -0.000238515, 99999.9, -0.0375
0.4675, 1, 7.13524e-06, 100000, 0.1379, -0.000238515, 99999.9, -0.0325
0.4725, 1, 7.10649e-06, 100000, 0.1379, -0.000238515, 99999.9, -0.0275
0.4775, 1, 7.04279e-06, 100000, 0.1379, -0.000238515, 99999.9, -0.0225
0.4825, 1, 6.94041e-06, 100000, 0.1379, -0.000238515, 99999.9, -0.0175
0.4875, 1, 6.5803e-06, 100000, 0.1379, -0.000238515, 99999.9, -0.0125
0.4925, 1, 3.66438e-06, 100000, 0.1379, -0.000238515, 99999.9, -0.00749999
0.4975, 1, -4.90283e-05, 100000, 0.1379, -0.000391834, 99999.9, -0.00249999
0.5025, 1, -0.000171777, 99999.9, 0.1379, -0.000428012, 99999.9, 0.00250001
0.5075, 0.999999, -0.000238515, 99999.9, 0.1379, -0.000430147, 99999.9, 0.00750001
0.5125, 0.999999, -0.000238515, 99999.9, 0.1379, -0.000430132, 99999.9, 0.0125
0.5175, 0.999999, -0.000238515, 99999.9, 0.1379, -0.00043011, 99999.9, 0.0175
0.5225, 0.999999, -0.000238515, 99999.9, 0.1379, -0.000430086, 99999.9, 0.0225
0.5275, 0.999999, -0.000238515, 99999.9, 0.1379, -0.00043006, 99999.9, 0.0275
0.5325, 0.999999, -0.000238515, 99999.9, 0.1379, -0.000430035, 99999.9, 0.0325
0.5375, 0.999999, -0.000238515, 99999.9, 0.1379, -0.000430012, 99999.9, 0.0375
0.5425, 0.999999, -0.000238515, 99999.9, 0.1379, -0.000429991, 99999.9, 0.0425
0.5475, 0.999999, -0.000238515, 99999.9, 0.1379, -0.000429971, 99999.9, 0.0475
0.5525, 0.999999, -0.000238515, 99999.9, 0.1379, -0.000429951, 99999.9, 0.0525
0.5575, 0.999999, -0.000238515, 99999.9, 0.1379, -0.000429929, 99999.9, 0.0575
0.5625, 0.999999, -0.000238515, 99999.9, 0.1379, -0.000429902, 99999.9, 0.0625
0.5675, 0.999999, -0.000238515, 99999.9, 0.1379, -0.000429869, 99999.9, 0.0675
0.5725, 0.999999, -0.000238515, 99999.9, 0.1379, -0.000429833, 99999.9, 0.0725
0.5775, 0.999999, -0.000238515, 99999.9, 0.1379, -0.000429803, 99999.9, 0.0775
0.5825, 0.999999, -0.000238515, 99999.9, 0.1379, -0.000429784, 99999.9, 0.0825
0.5875, 0.999999, -0.000238515, 99999.9, 0.1379, -0.000429777, 99999.9, 0.0875
0.5925, 0.999999, -0.000238515, 99999.9, 0.1379, -0.000429778, 99999.9, 0.0925
0.5975, 0.999999, -0.000238515, 99999.9, 0.1379, -0.000429795, 99999.9, 0.0975
0.6025, 0.999999, -0.000238515, 99999.9, 0.1379, -0.000429855, 99999.9, 0.1025
0.6075, 0.999999, -0.000238515, 99999.9, 0.1379, -0.000429934, 99999.9, 0.1075
0.6125, 0.999999, -0.000238515, 99999.9, 0.1379, -0.00043001, 99999.9, 0.1125
0.6175, 0.999999, -0.000238515, 99999.9, 0.1379, -0.000430067, 99999.9, 0.1175
0.6225, 0.999999, -0.000238515, 99999.9, 0.1379, -0.000430097, 99999.9, 0.1225
0.6275, 0.999999, -0.000238515, 99999.9, 0.1379, -0.000430105, 99999.9, 0.1275
0.6325, 0.999999, -0.000238515, 99999.9, 0.1379, -0.000430095, 99999.9, 0.1325
0.6375, 0.999999, -0.000238515, 99999.9, 0.1379, -0.000430021, 99999.9, 0.1375
0.6425, 0.999999, -0.000238515, 99999.9, 0.1379, -0.000429771, 99999.9, 0.1425
0.6475, 0.999999, -0.000238515, 99999.9, 0.1379, -0.000429127, 99999.9, 0.1475
0.6525, 0.999999, -0.000238515, 99999.9, 0.1379, -0.000427838, 99999.9, 0.1525
0.6575, 0.999999, -0.000238515, 99999.9, 0.1379, -0.000425052, 99999.9, 0.1575
0.6625, 0.999999, -0.000238515, 99999.9, 0.1379, -0.000417983, 99999.9, 0.1625
0.6675, 0.999999, -0.000238515, 99999.9, 0.1379, -0.000396473, 99999.9, 0.1675
0.6725, 0.999999, -0.000238515, 99999.9, 0.1379, -0.000327815, 100000, 0.1725
0.6775, 0.999999, -0.000238515, 99999.9, 0.1379, -0.000218237, 100000, 0.1775
0.6825, 0.999999, -0.000238515, 99999.9, 0.1379, -0.000122787, 100000, 0.1825
0.6875, 0.999999, -0.000238515, 99999.9, 0.1379, -5.88198e-05, 100000, 0.1875
0.6925, 0.999999, -0.000238515, 99999.9, 0.1379, -2.36348e-05, 100000, 0.1925
0.6975, 0.999999, -0.000238515, 99999.9, 0.1379, -7.81588e-06, 100000, 0.1975
0.7025, 0.999999, -0.000238515, 99999.9, 0.1379, -2.07201e-06, 100000, 0.2025
0.7075, 0.999999, -0.000238515, 99999.9, 0.1379, -4.23555e-07, 100000, 0.2075
0.7125, 0.999999, -0.000238515, 99999.9, 0.1379, -6.27076e-08, 100000, 0.2125
0.7175, 0.999999, -0.000238515, 99999.9, 0.1379, -5.98715e-09, 100000, 0.2175
0.7225, 0.999999, -0.000238515, 99999.9, 0.1379, -2.76858e-10, 100000, 0.2225
0.7275, 0.999999, -0.000238515, 99999.9, 0.1379, 7.67131e-14, 100000, 0.2275
0.7325, 0.999999, -0.000238515, 99999.9, 0.1379, 0, 100000, 0.2325
0.7375, 0.999999, -0.000238515, 99999.9, 0.1379, 0, 100000, 0.2375
0.7425, 0.999999, -0.000238515, 99999.9, 0.1379, 0, 100000, 0.2425
0.7475, 0.999999, -0.000238515, 99999.9, 0.1379, 0, 100000, 0.2475
0.7525, 0.999999, -0.000238515, 99999.9, 0.1379, 0, 100000, 0.2525
0.7575, 0.999999, -0.000238515, 99999.9, 0.1379, 0, 100000, 0.2575
0.7625, 0.999999, -0.000238515, 99999.9, 0.1379, 0, 100000, 0.2625
0.7675, 0.999999, -0.000238515, 99999.9, 0.1379, 0, 100000, 0.2675
0.7725, 0.999999, -0.000238515, 99999.9, 0.1379, 0, 100000, 0.2725
0.7775, 0.999999, -0.000238515, 99999.9, 0.1379, 0, 100000, 0.2775
0.7825, 0.999999, -0.000238515, 99999.9, 0.1379, 0, 100000, 0.2825
0.7875, 0.999999, -0.000238515, 99999.9, 0.1379, 0, 100000, 0.2875
0.7925, 0.999999, -0.000238515, 99999.9, 0.1379, 0, 100000, 0.2925
0.7975, 0.999999, -0.000238515, 99999.9, 0.1379, 0, 100000, 0.2975
0.8025, 0.999999, -0.000238515, 99999.9, 0.1379, 0, 100000, 0.3025
0.8075, 0.999999, -0.000238515, 99999.9, 0.1379, 0, 100000, 0.3075
0.8125, 0.999999, -0.000238515, 99999.9, 0.1379, 0, 100000, 0.3125
0.8175, 0.999999, -0.000238515, 99999.9, 0.1379, 0, 100000, 0.3175
0.8225, 0.999999, -0.000238515, 99999.9, 0.1379, 0, 100000, 0.3225
0.8275, 0.999999, -0.000238515, 99999.9, 0.1379, 0, 100000, 0.3275
0.8325, 0.999999, -0.000238515, 99999.9, 0.1379, 0, 100000, 0.3325
0.8375, 0.999999, -0.000238515, 99999.9, 0.1379, 0, 100000, 0.3375
0.8425, 0.999999, -0.000238515, 99999.9, 0.1379, 0, 100000, 0.3425
0.8475, 0.999999, -0.000238515, 99999.9, 0.1379, 0, 100000, 0.3475
0.8525, 0.999999, -0.000238515, 99999.9, 0.1379, 0, 100000, 0.3525
0.8575, 0.999999, -0.000238515, 99999.9, 0.1379, 0, 100000, 0.3575
0.8625, 0.999999, -0.000238515, 99999.9, 0.1379, 0, 100000, 0.3625
0.8675, 0.999999, -0.000238515, 99999.9, 0.1379, 0, 100000, 0.3675
0.8725, 0.999999, -0.000238515, 99999.9, 0.1379, 0, 100000, 0.3725
0.8775, 0.999999, -0.000238515, 99999.9, 0.1379, 0, 100000, 0.3775
0.8825, 0.999999, -0.000238515, 99999.9, 0.1379, 0, 100000, 0.3825
0.8875, 0.999999, -0.000238515, 99999.9, 0.1379, 0, 100000, 0.3875
0.8925, 0.999999, -0.000238515, 99999.9, 0.1379, 0, 100000, 0.3925
0.8975, 0.999999, -0.000238515, 99999.9, 0.1379, 0, 100000, 0.3975
0.9025, 0.999999, -0.000238515, 99999.9, 0.1379, 0, 100000, 0.4025
0.9075, 0.999999, -0.000238515, 99999.9, 0.1379, 0, 100000, 0.4075
0.9125, 0.999999, -0.000238515, 99999.9, 0.1379, 0, 100000, 0.4125
0.9175, 0.999999, -0.000238515, 99999.9, 0.1379, 0, 100000, 0.4175
0.9225, 0.999999, -0.000238515, 99999.9, 0.1379, 0, 100000, 0.4225
0.9275, 0.999999, -0.000238515, 99999.9, 0.1379, 0, 100000, 0.4275
0.9325, 0.999999, -0.000238515, 99999.9, 0.1379, 0, 100000, 0.4325
0.9375, 0.999999, -0.000238515, 99999.9, 0.1379, 0, 100000, 0.4375
0.9425, 0.999999, -0.000238515, 99999.9, 0.1379, 0, 100000, 0.4425
0.9475, 0.999999, -0.000238515, 99999.9, 0.1379, 0, 100000, 0.4475
0.9525, 0.999999, -0.000238515, 99999.9, 0.1379, 0, 100000, 0.4525
0.9575, 0.999999, -0.000238515, 99999.9, 0.1379, 0, 100000, 0.4575
0.9625, 0.999999, -0.000238515, 99999.9, 0.1379, 0, 100000, 0.4625
0.9675, 0.999999, -0.000238515, 99999.9, 0.1379, 0, 100000, 0.4675
0.9725, 0.999999, -0.000238515, 99999.9, 0.1379, 0, 100000, 0.4725
0.9775, 0.999999, -0.000238515, 99999.9, 0.1379, 0, 100000, 0.4775
0.9825, 0.999999, -0.000238515, 99999.9, 0.1379, 0, 100000, 0.4825
0.9875, 0.999999, -0.000238515, 99999.9, 0.1379, 0, 100000, 0.4875
0.9925, 0.999999, -0.000238515, 99999.9, 0.1379, 0, 100000, 0.4925
0.9975, 0.999999, -0.000238515, 99999.9, 0.1379, 0, 100000, 0.4975
