0.0025, 1.33293, 111.799, 149993, 0.158834, 159.254, 126617, -0.537912
0.0075, 1.33293, 111.799, 149993, 0.158834, 159.254, 126617, -0.533252
0.0125, 1.33294, 111.797, 149994, 0.158834, 159.254, 126617, -0.528252
0.0175, 1.33294, 111.796, 149995, 0.158834, 159.254, 126617, -0.523252
0.0225, 1.33295, 111.795, 149995, 0.158834, 159.254, 126617, -0.518252
0.0275, 1.33295, 111.794, 149996, 0.158834, 159.254, 126617, -0.513252
0.0325, 1.33295, 111.794, 149996, 0.158834, 159.254, 126617, -0.508252
0.0375, 1.33295, 111.794, 149996, 0.158834, 159.254, 126617, -0.503252
0.0425, 1.33295, 111.794, 149996, 0.158834, 159.254, 126617, -0.498252
0.0475, 1.33295, 111.794, 149996, 0.158834, 159.254, 126617, -0.493252
0.0525, 1.33295, 111.795, 149996, 0.158834, 159.254, 126617, -0.488252
0.0575, 1.33294, 111.796, 149995, 0.158834, 159.254, 126617, -0.483252
0.0625, 1.33294, 111.798, 149994, 0.158834, 159.254, 126617, -0.478252
0.0675, 1.33293, 111.799, 149993, 0.158834, 159.254, 126617, -0.473252
0.0725, 1.33293, 111.8, 149993, 0.158834, 159.254, 126617, -0.468252
0.0775, 1.33293, 111.8, 149993, 0.158834, 159.254, 126617, -0.463252
0.0825, 1.33293, 111.8, 149993, 0.158834, 159.254, 126617, -0.458252
0.0875, 1.33293, 111.8, 149993, 0.158834, 159.254, 126617, -0.453252
0.0925, 1.33293, 111.8, 149993, 0.158834, 159.254, 126617, -0.448252
0.0975, 1.33294, 111.8, 149993, 0.158834, 159.254, 126617, -0.443252
0.1025, 1.33294, 111.799, 149993, 0.158834, 159.254, 126617, -0.438252
0.1075, 1.33295, 111.798, 149994, 0.158834, 159.254, 126617, -0.433252
0.1125, 1.33296, 111.797, 149994, 0.158834, 159.254, 126617, -0.428252
0.1175, 1.33297, 111.795, 149995, 0.158834, 159.254, 126617, -0.423252
0.1225, 1.33298, 111.794, 149996, 0.158834, 159.254, 126617, -0.418252
0.1275, 1.33298, 111.792, 149997, 0.158834, 159.254, 126617, -0.413252
0.1325, 1.33298, 111.791, 149997, 0.158834, 159.254, 126617, -0.408252
0.1375, 1.33298, 111.791, 149998, 0.158834, 159.254, 126617, -0.403252
0.1425, 1.33297, 111.791, 149998, 0.158834, 159.254, 126617, -0.398252
0.1475, 1.33295, 111.791, 149998, 0.158834, 159.254, 126617, -0.393252
0.1525, 1.33288, 111.792, 149997, 0.158834, 159.254, 126617, -0.388252
0.1575, 1.3327, 111.794, 149996, 0.158834, 159.254, 126617, -0.383252
0.1625, 1.33239, 111.795, 149996, 0.158834, 159.254, 126617, -0.378252
0.1675, 1.33202, 111.796, 149995, 0.158834, 159.254, 126617, -0.373252
0.1725, 1.33166, 111.797, 149995, 0.158834, 159.254, 126617, -0.368252
0.1775, 1.33137, 111.797, 149994, 0.158834, 159.254, 126617, -0.363252
0.1825, 1.33115, 111.798, 149994, 0.158834, 159.254, 126617, -0.358252
0.1875, 1.331, 111.798, 149994, 0.158834, 159.254, 126617, -0.353252
0.1925, 1.33092, 111.798, 149994, 0.158834, 159.254, 126617, -0.348252
0.1975, 1.33088, 111.798, 149994, 0.158834, 159.254, 126617, -0.343252
0.2025, 1.33086, 111.798, 149994, 0.158834, 159.254, 126617, -0.338252
0.2075, 1.33087, 111.798, 149994, 0.158834, 159.254, 126617, -0.333252
0.2125, 1.33093, 111.798, 149994, 0.158834, 159.254, 126617, -0.328252
0.2175, 1.33112, 111.797, 149994, 0.158834, 159.254, 126617, -0.323252
0.2225, 1.33147, 111.796, 149995, 0.158834, 159.254, 126617, -0.318252
0.2275, 1.33186, 111.795, 149995, 0.158834, 159.254, 126617, -0.313252
0.2325, 1.33219, 111.794, 149996, 0.158834, 159.254, 126617, -0.308252
0.2375, 1.33245, 111.794, 149996, 0.158834, 159.254, 126617, -0.303252
0.2425, 1.33265, 111.793, 149996, 0.158834, 159.254, 126617, -0.298252
0.2475, 1.33279, 111.793, 149997, 0.158834, 159.254, 126617, -0.293252
0.2525, 1.33288, 111.793, 149997, 0.158834, 159.254, 126617, -0.288252
0.2575, 1.33294, 111.793, 149997, 0.158834, 159.254, 126617, -0.283252
0.2625, 1.33297, 111.794, 149997, 0.158834, 159.254, 126617, -0.278252
0.2675, 1.33299, 111.794, 149996, 0.158834, 159.254, 126617, -0.273252
0.2725, 1.33299, 111.795, 149996, 0.158834, 159.254, 126617, -0.268252
0.2775, 1.333, 111.796, 149995, 0.158834, 159.254, 126617, -0.263252
0.2825, 1.333, 111.796, 149995, 0.158834, 159.254, 126617, -0.258252
0.2875, 1.333, 111.796, 149995, 0.158834, 159.254, 126617, -0.253252
0.2925, 1.33301, 111.796, 149994, 0.158834, 159.254, 126617, -0.248252
0.2975, 1.33304, 111.796, 149994, 0.158834, 159.254, 126617, -0.243252
0.3025, 1.33311, 111.796, 149994, 0.158834, 159.254, 126617, -0.238252
0.3075, 1.33318, 111.796, 149994, 0.158834, 159.254, 126617, -0.233252
0.3125, 1.33325, 111.796, 149994, 0.158834, 159.254, 126617, -0.228252
0.3175, 1.3333, 111.796, 149995, 0.158834, 159.254, 126617, -0.223252
0.3225, 1.33332, 111.796, 149995, 0.158834, 159.254, 126617, -0.218252
0.3275, 1.33334, 111.796, 149995, 0.158834, 159.254, 126617, -0.213252
0.3325, 1.33334, 111.796, 149995, 0.158834, 159.254, 126617, -0.208252
0.3375, 1.33334, 111.795, 149996, 0.158834, 159.254, 126617, -0.203252
0.3425, 1.33332, 111.793, 149997, 0.158834, 159.254, 126617, -0.198252
0.3475, 1.33327, 111.791, 149998, 0.158834, 159.254, 126617, -0.193252
0.3525, 1.33323, 111.79, 149999, 0.158834, 159.254, 126617, -0.188252
0.3575, 1.3332, 111.789, 149999, 0.158834, 159.254, 126617, -0.183252
0.3625, 1.33318, 111.789, 149999, 0.158834, 159.254, 126617, -0.178252
0.3675, 1.33318, 111.789, 149999, 0.158834, 159.254, 126617, -0.173252
0.3725, 1.33317, 111.79, 149998, 0.158834, 159.254, 126617, -0.168252
0.3775, 1.33317, 111.796, 149995, 0.158834, 159.254, 126617, -0.163252
0.3825, 1.33314, 111.812, 149986, 0.158834, 159.254, 126617, -0.158252
0.3875, 1.33305, 111.85, 149966, 0.158834, 159.254, 126617, -0.153253
0.3925, 1.33281, 111.94, 149918, 0.158834, 159.254, 126617, -0.148253
0.3975, 1.33215, 112.152, 149807, 0.158834, 159.254, 126617, -0.143253
0.4025, 1.33051, 112.657, 149540, 0.158834, 159.254, 126617, -0.138255
0.4075, 1.32637, 113.912, 148879, 0.158834, 159.254, 126617, -0.133258
0.4125, 1.3176, 116.546, 147499, 0.158834, 159.254, 126617, -0.128265
0.4175, 1.30384, 120.691, 145349, 0.158834, 159.254, 126617, -0.123277
0.4225, 1.28639, 126.007, 142633, 0.158834, 159.254, 126617, -0.118293
0.4275, 1.26745, 131.834, 139708, 0.158834, 159.254, 126617, -0.113311
0.4325, 1.24938, 137.428, 136946, 0.158834, 159.254, 126617, -0.108328
0.4375, 1.23336, 142.433, 134514, 0.158834, 159.254, 126617, -0.103343
0.4425, 1.21968, 146.743, 132451, 0.158834, 159.254, 126617, -0.098357
0.4475, 1.20849, 150.299, 130768, 0.158834, 159.254, 126617, -0.0933682
0.4525, 1.19974, 153.105, 129454, 0.158834, 159.254, 126617, -0.0883771
0.4575, 1.19323, 155.219, 128472, 0.158834, 159.254, 126617, -0.0833838
0.4625, 1.18866, 156.735, 127772, 0.158834, 159.254, 126617, -0.0783887
0.4675, 1.18567, 157.768, 127295, 0.158834, 159.254, 126617, -0.073392
0.4725, 1.18386, 158.435, 126989, 0.158834, 159.254, 126617, -0.0683942
0.4775, 1.18284, 158.842, 126803, 0.158834, 159.254, 126617, -0.0633955
0.4825, 1.18227, 159.073, 126698, 0.158834, 159.254, 126617, -0.0583963
0.4875, 1.1819, 159.192, 126642, 0.158834, 159.254, 126617, -0.0533967
0.4925, 1.18159, 159.245, 126615, 0.158834, 159.254, 126617, -0.0483968
0.4975, 1.18133, 159.263, 126608, 0.158834, 159.254, 126617, -0.0433969
0.5025, 1.18111, 159.257, 126610, 0.158834, 159.254, 126617, -0.0383969
0.5075, 1.18089, 159.239, 126615, 0.158834, 159.254, 126617, -0.0333968
0.5125, 1.18068, 159.227, 126618, 0.158834, 159.254, 126617, -0.0283968
0.5175, 1.18049, 159.227, 126620, 0.158834, 159.254, 126617, -0.0233968
0.5225, 1.18033, 159.233, 126621, 0.158834, 159.254, 126617, -0.0183968
0.5275, 1.18021, 159.242, 126622, 0.158834, 159.254, 126617, -0.0133968
0.5325, 1.18014, 159.249, 126621, 0.158834, 159.254, 126617, -0.00839686
0.5375, 1.1801, 159.252, 126619, 0.158834, 159.254, 126617, -0.00339686
0.5425, 1.18008, 159.253, 126617, 0.158834, 159.253, 126617, 0.00160314
0.5475, 1.18008, 159.254, 126617, 0.158834, 159.25, 126616, 0.00660315
0.5525, 1.18008, 159.254, 126617, 0.158833, 159.247, 126616, 0.0116032
0.5575, 1.18008, 159.254, 126617, 0.158831, 159.244, 126615, 0.0166032
0.5625, 1.18008, 159.254, 126617, 0.158829, 159.24, 126614, 0.0216032
0.5675, 1.18008, 159.254, 126617, 0.158827, 159.235, 126613, 0.0266032
0.5725, 1.18008, 159.254, 126617, 0.158825, 159.226, 126612, 0.0316032
0.5775, 1.18008, 159.254, 126617, 0.158823, 159.215, 126610, 0.0366033
0.5825, 1.18008, 159.254, 126617, 0.158821, 159.205, 126608, 0.0416033
0.5875, 1.18008, 159.254, 126617, 0.15882, 159.196, 126606, 0.0466033
0.5925, 1.18008, 159.254, 126617, 0.158819, 159.189, 126605, 0.0516033
0.5975, 1.18008, 159.254, 126617, 0.158818, 159.182, 126604, 0.0566034
0.6025, 1.18008, 159.254, 126617, 0.158817, 159.175, 126602, 0.0616034
0.6075, 1.18008, 159.254, 126617, 0.158816, 159.17, 126601, 0.0666034
0.6125, 1.18008, 159.254, 126617, 0.158816, 159.166, 126601, 0.0716034
0.6175, 1.18008, 159.254, 126617, 0.158815, 159.165, 126600, 0.0766034
0.6225, 1.18008, 159.254, 126617, 0.158815, 159.165, 126600, 0.0816034
0.6275, 1.18008, 159.254, 126617, 0.158815, 159.166, 126601, 0.0866034
0.6325, 1.18008, 159.254, 126617, 0.158816, 159.173, 126602, 0.0916033
0.6375, 1.18008, 159.254, 126617, 0.158818, 159.191, 126605, 0.0966033
0.6425, 1.18008, 159.254, 126617, 0.158822, 159.218, 126610, 0.101603
0.6475, 1.18008, 159.254, 126617, 0.158826, 159.254, 126617, 0.106603
0.6525, 1.18008, 159.254, 126617, 0.158831, 159.291, 126623, 0.111603
0.6575, 1.18008, 159.254, 126617, 0.158836, 159.326, 126630, 0.116603
0.6625, 1.18008, 159.254, 126617, 0.15884, 159.36, 126636, 0.121603
0.6675, 1.18008, 159.254, 126617, 0.158845, 159.399, 126643, 0.126603
0.6725, 1.18008, 159.254, 126617, 0.158851, 159.446, 126652, 0.131602
0.6775, 1.18008, 159.254, 126617, 0.158857, 159.5, 126662, 0.136602
0.6825, 1.18008, 159.254, 126617, 0.158864, 159.551, 126671, 0.141602
0.6875, 1.18008, 159.254, 126617, 0.158869, 159.593, 126679, 0.146602
0.6925, 1.18008, 159.254, 126617, 0.158873, 159.623, 126684, 0.151602
0.6975, 1.18008, 159.254, 126617, 0.158875, 159.641, 126688, 0.156602
0.7025, 1.18008, 159.254, 126617, 0.158876, 159.649, 126689, 0.161602
0.7075, 1.18008, 159.254, 126617, 0.158876, 159.652, 126690, 0.166602
0.7125, 1.18008, 159.254, 126617, 0.158876, 159.649, 126689, 0.171602
0.7175, 1.18008, 159.254, 126617, 0.158873, 159.627, 126685, 0.176602
0.7225, 1.18008, 159.254, 126617, 0.158863, 159.558, 126672, 0.181602
0.7275, 1.18008, 159.254, 126617, 0.15885, 159.466, 126656, 0.186603
0.7325, 1.18008, 159.254, 126617, 0.158835, 159.366, 126637, 0.191603
0.7375, 1.18008, 159.254, 126617, 0.158817, 159.239, 126614, 0.196604
0.7425, 1.18008, 159.254, 126617, 0.158789, 159.04, 126577, 0.201605
0.7475, 1.18008, 159.254, 126617, 0.158745, 158.723, 126519, 0.206606
0.7525, 1.18008, 159.254, 126617, 0.158682, 158.265, 126435, 0.211607
0.7575, 1.18008, 159.254, 126617, 0.158604, 157.697, 126332, 0.216609
0.7625, 1.18008, 159.254, 126617, 0.158518, 157.084, 126219, 0.221611
0.7675, 1.18008, 159.254, 126617, 0.158431, 156.457, 126105, 0.226613
0.7725, 1.18008, 159.254, 126617, 0.15833, 155.731, 125972, 0.231616
0.7775, 1.18008, 159.254, 126617, 0.158187, 154.695, 125783, 0.236621
0.7825, 1.18008, 159.254, 126617, 0.157978, 153.181, 125508, 0.241626
0.7875, 1.18008, 159.254, 126617, 0.157715, 151.257, 125158, 0.246633
0.7925, 1.18008, 159.254, 126617, 0.157412, 149.048, 124757, 0.251641
0.7975, 1.18008, 159.254, 126617, 0.156978, 145.887, 124185, 0.256657
0.8025, 1.18008, 159.254, 126617, 0.156081, 139.312, 123005, 0.261702
0.8075, 1.18008, 159.254, 126617, 0.153391, 119.681, 119527, 0.266809
0.8125, 1.18008, 159.254, 126617, 0.148229, 80.8261, 112881, 0.27192
0.8175, 1.18008, 159.254, 126617, 0.14394, 47.6602, 107445, 0.27699
0.8225, 1.18008, 159.254, 126617, 0.141382, 27.6049, 104260, 0.28203
0.8275, 1.18008, 159.254, 126617, 0.139993, 16.6332, 102550, 0.287051
0.8325, 1.18008, 159.254, 126617, 0.139226, 10.5555, 101612, 0.292064
0.8375, 1.18008, 159.254, 126617, 0.138777, 6.98894, 101065, 0.297072
0.8425, 1.18008, 159.254, 126617, 0.138498, 4.76607, 100725, 0.302077
0.8475, 1.18008, 159.254, 126617, 0.138316, 3.31386, 100504, 0.30708
0.8525, 1.18008, 159.254, 126617, 0.138193, 2.3335, 100355, 0.312082
0.8575, 1.18008, 159.254, 126617, 0.138108, 1.65698, 100252, 0.317084
0.8625, 1.18008, 159.254, 126617, 0.138048, 1.18322, 100180, 0.322085
0.8675, 1.18008, 159.254, 126617, 0.138006, 0.848138, 100129, 0.327086
0.8725, 1.18008, 159.254, 126617, 0.137976, 0.60951, 100093, 0.332087
0.8775, 1.18008, 159.254, 126617, 0.137955, 0.438762, 100067, 0.337087
0.8825, 1.18008, 159.254, 126617, 0.13794, 0.31618, 100048, 0.342087
0.8875, 1.18008, 159.254, 126617, 0.137929, 0.227973, 100035, 0.347087
0.8925, 1.18008, 159.254, 126617, 0.137921, 0.164401, 100025, 0.352088
0.8975, 1.18008, 159.254, 126617, 0.137915, 0.118536, 100018, 0.357088
0.9025, 1.18008, 159.254, 126617, 0.137911, 0.0854256, 100013, 0.362088
0.9075, 1.18008, 159.254, 126617, 0.137908, 0.0615148, 100009, 0.367088
0.9125, 1.18008, 159.254, 126617, 0.137906, 0.0442467, 100007, 0.372088
0.9175, 1.18008, 159.254, 126617, 0.137904, 0.031778, 100005, 0.377088
0.9225, 1.18008, 159.254, 126617, 0.137903, 0.022778, 100003, 0.382088
0.9275, 1.18008, 159.254, 126617, 0.137902, 0.0162855, 100002, 0.387088
0.9325, 1.18008, 159.254, 126617, 0.137901, 0.0116051, 100002, 0.392088
0.9375, 1.18008, 159.254, 126617, 0.137901, 0.0082338, 100001, 0.397088
0.9425, 1.18008, 159.254, 126617, 0.137901, 0.00580748, 100001, 0.402088
0.9475, 1.18008, 159.254, 126617, 0.137901, 0.00406252, 100001, 0.407088
0.9525, 1.18008, 159.254, 126617, 0.1379, 0.00280813, 100000, 0.412088
0.9575, 1.18008, 159.254, 126617, 0.1379, 0.00190638, 100000, 0.417088
0.9625, 1.18008, 159.254, 126617, 0.1379, 0.00125771, 100000, 0.422088
0.9675, 1.18008, 159.254, 126617, 0.1379, 0.000790431, 100000, 0.427088
0.9725, 1.18008, 159.254, 126617, 0.1379, 0.000453116, 100000, 0.432088
0.9775, 1.18008, 159.254, 126617, 0.1379, 0.000208975, 100000, 0.437088
0.9825, 1.18008, 159.254, 126617, 0.1379, 3.18207e-05, 100000, 0.442088
0.9875, 1.18008, 159.254, 126617, 0.1379, -9.68316e-05, 100000, 0.447088
0.9925, 1.18008, 159.254, 126617, 0.1379, -0.000191727, 100000, 0.452088
0.9975, 1.18008, 159.254, 126617, 0.1379, -0.000264643, 100000, 0.457088
