0.0025, 1.33291, 111.806, 149990, 0.138012, 0.891515, 100135, -0.49751
0.0075, 1.33291, 111.805, 149990, 0.138012, 0.891515, 100135, -0.492915
0.0125, 1.33292, 111.803, 149991, 0.138012, 0.891515, 100135, -0.487915
0.0175, 1.33293, 111.801, 149992, 0.138012, 0.891515, 100135, -0.482915
0.0225, 1.33293, 111.799, 149993, 0.138012, 0.891515, 100135, -0.477915
0.0275, 1.33294, 111.797, 149994, 0.138012, 0.891515, 100135, -0.472915
0.0325, 1.33294, 111.796, 149995, 0.138012, 0.891515, 100135, -0.467915
0.0375, 1.33294, 111.795, 149995, 0.138012, 0.891515, 100135, -0.462915
0.0425, 1.33295, 111.795, 149996, 0.138012, 0.891515, 100135, -0.457915
0.0475, 1.33295, 111.795, 149996, 0.138012, 0.891515, 100135, -0.452915
0.0525, 1.33295, 111.795, 149996, 0.138012, 0.891515, 100135, -0.447915
0.0575, 1.33295, 111.796, 149995, 0.138012, 0.891515, 100135, -0.442915
0.0625, 1.33295, 111.797, 149994, 0.138012, 0.891515, 100135, -0.437915
0.0675, 1.33295, 111.799, 149993, 0.138012, 0.891515, 100135, -0.432915
0.0725, 1.33295, 111.8, 149993, 0.138012, 0.891515, 100135, -0.427915
0.0775, 1.33295, 111.801, 149992, 0.138012, 0.891515, 100135, -0.422915
0.0825, 1.33295, 111.801, 149992, 0.138012, 0.891515, 100135, -0.417915
0.0875, 1.33296, 111.801, 149992, 0.138012, 0.891515, 100135, -0.412915
0.0925, 1.33296, 111.801, 149992, 0.138012, 0.891515, 100135, -0.407915
0.0975, 1.33296, 111.8, 149993, 0.138012, 0.891515, 100135, -0.402915
0.1025, 1.33297, 111.799, 149993, 0.138012, 0.891515, 100135, -0.397915
0.1075, 1.33296, 111.797, 149994, 0.138012, 0.891515, 100135, -0.392915
0.1125, 1.33296, 111.796, 149995, 0.138012, 0.891515, 100135, -0.387915
0.1175, 1.33293, 111.795, 149996, 0.138012, 0.891515, 100135, -0.382915
0.1225, 1.33283, 111.793, 149997, 0.138012, 0.891515, 100135, -0.377915
0.1275, 1.33258, 111.792, 149997, 0.138012, 0.891515, 100135, -0.372915
0.1325, 1.33216, 111.792, 149997, 0.138012, 0.891515, 100135, -0.367915
0.1375, 1.3317, 111.792, 149996, 0.138012, 0.891515, 100135, -0.362915
0.1425, 1.33129, 111.794, 149996, 0.138012, 0.891515, 100135, -0.357915
0.1475, 1.33097, 111.795, 149995, 0.138012, 0.891515, 100135, -0.352915
0.1525, 1.33075, 111.797, 149994, 0.138012, 0.891515, 100135, -0.347915
0.1575, 1.33062, 111.798, 149993, 0.138012, 0.891515, 100135, -0.342915
0.1625, 1.33056, 111.8, 149993, 0.138012, 0.891515, 100135, -0.337915
0.1675, 1.33054, 111.801, 149993, 0.138012, 0.891515, 100135, -0.332915
0.1725, 1.33056, 111.801, 149992, 0.138012, 0.891515, 100135, -0.327915
0.1775, 1.33066, 111.801, 149992, 0.138012, 0.891515, 100135, -0.322915
0.1825, 1.33097, 111.8, 149993, 0.138012, 0.891515, 100135, -0.317915
0.1875, 1.33148, 111.8, 149993, 0.138012, 0.891515, 100135, -0.312915
0.1925, 1.33198, 111.799, 149993, 0.138012, 0.891515, 100135, -0.307915
0.1975, 1.33238, 111.799, 149994, 0.138012, 0.891515, 100135, -0.302915
0.2025, 1.33268, 111.798, 149994, 0.138012, 0.891515, 100135, -0.297915
0.2075, 1.33288, 111.797, 149994, 0.138012, 0.891515, 100135, -0.292915
0.2125, 1.33301, 111.796, 149995, 0.138012, 0.891515, 100135, -0.287915
0.2175, 1.33308, 111.794, 149996, 0.138012, 0.891515, 100135, -0.282915
0.2225, 1.33311, 111.792, 149997, 0.138012, 0.891515, 100135, -0.277915
0.2275, 1.33311, 111.791, 149998, 0.138012, 0.891515, 100135, -0.272915
0.2325, 1.3331, 111.79, 149998, 0.138012, 0.891515, 100135, -0.267915
0.2375, 1.33305, 111.789, 149998, 0.138012, 0.891515, 100135, -0.262915
0.2425, 1.33299, 111.79, 149998, 0.138012, 0.891515, 100135, -0.257915
0.2475, 1.33295, 111.791, 149997, 0.138012, 0.891515, 100135, -0.252915
0.2525, 1.33294, 111.792, 149997, 0.138012, 0.891515, 100135, -0.247915
0.2575, 1.33293, 111.794, 149995, 0.138012, 0.891515, 100135, -0.242915
0.2625, 1.33295, 111.797, 149994, 0.138012, 0.891515, 100135, -0.237915
0.2675, 1.33303, 111.798, 149994, 0.138012, 0.891515, 100135, -0.232915
0.2725, 1.33317, 111.799, 149994, 0.138012, 0.891515, 100135, -0.227915
0.2775, 1.3333, 111.799, 149994, 0.138012, 0.891515, 100135, -0.222915
0.2825, 1.33338, 111.799, 149994, 0.138012, 0.891515, 100135, -0.217915
0.2875, 1.33344, 111.798, 149994, 0.138012, 0.891515, 100135, -0.212915
0.2925, 1.33346, 111.798, 149994, 0.138012, 0.891515, 100135, -0.207915
0.2975, 1.33346, 111.798, 149994, 0.138012, 0.891515, 100135, -0.202915
0.3025, 1.33345, 111.798, 149994, 0.138012, 0.891515, 100135, -0.197915
0.3075, 1.33339, 111.798, 149994, 0.138012, 0.891515, 100135, -0.192915
0.3125, 1.33327, 111.798, 149994, 0.138012, 0.891515, 100135, -0.187915
0.3175, 1.33315, 111.798, 149994, 0.138012, 0.891515, 100135, -0.182915
0.3225, 1.33307, 111.797, 149995, 0.138012, 0.891515, 100135, -0.177915
0.3275, 1.33303, 111.795, 149995, 0.138012, 0.891515, 100135, -0.172915
0.3325, 1.33301, 111.794, 149996, 0.138012, 0.891515, 100135, -0.167915
0.3375, 1.33301, 111.792, 149996, 0.138012, 0.891515, 100135, -0.162915
0.3425, 1.33305, 111.791, 149997, 0.138012, 0.891515, 100135, -0.157915
0.3475, 1.33317, 111.791, 149998, 0.138012, 0.891515, 100135, -0.152915
0.3525, 1.33332, 111.791, 149997, 0.138012, 0.891515, 100135, -0.147915
0.3575, 1.33344, 111.792, 149997, 0.138012, 0.891515, 100135, -0.142915
0.3625, 1.33351, 111.794, 149996, 0.138012, 0.891515, 100135, -0.137915
0.3675, 1.33355, 111.796, 149996, 0.138012, 0.891515, 100135, -0.132915
0.3725, 1.33357, 111.798, 149995, 0.138012, 0.891515, 100135, -0.127915
0.3775, 1.33357, 111.799, 149994, 0.138012, 0.891515, 100135, -0.122915
0.3825, 1.33356, 111.798, 149994, 0.138012, 0.891515, 100135, -0.117915
0.3875, 1.33347, 111.797, 149994, 0.138012, 0.891515, 100135, -0.112915
0.3925, 1.33327, 111.796, 149995, 0.138012, 0.891515, 100135, -0.107915
0.3975, 1.33308, 111.795, 149995, 0.138012, 0.891515, 100135, -0.102915
0.4025, 1.33295, 111.796, 149995, 0.138012, 0.891515, 100135, -0.0979154
0.4075, 1.3329, 111.796, 149995, 0.138012, 0.891515, 100135, -0.0929154
0.4125, 1.3329, 111.797, 149995, 0.138012, 0.891515, 100135, -0.0879154
0.4175, 1.33296, 111.799, 149995, 0.138012, 0.891515, 100135, -0.0829154
0.4225, 1.33312, 111.799, 149996, 0.138012, 0.891515, 100135, -0.0779154
0.4275, 1.33329, 111.795, 149995, 0.138012, 0.891515, 100135, -0.0729154
0.4325, 1.3334, 111.788, 149989, 0.138012, 0.891515, 100135, -0.0679154
0.4375, 1.33346, 111.759, 149976, 0.138012, 0.891515, 100135, -0.0629152
0.4425, 1.33328, 111.656, 149929, 0.138012, 0.891515, 100135, -0.0579147
0.4475, 1.33205, 111.293, 149741, 0.138012, 0.891515, 100135, -0.0529127
0.4525, 1.32775, 110.079, 149102, 0.138012, 0.891515, 100135, -0.0479057
0.4575, 1.30939, 104.683, 146264, 0.138012, 0.891515, 100135, -0.0428754
0.4625, 1.25192, 87.349, 137459, 0.138012, 0.891515, 100135, -0.0377946
0.4675, 1.1632, 58.6192, 123979, 0.138012, 0.891515, 100135, -0.0326892
0.4725, 1.09072, 33.3988, 113133, 0.138012, 0.891515, 100135, -0.0276081
0.4775, 1.04615, 17.178, 106589, 0.138012, 0.891515, 100135, -0.022559
0.4825, 1.02215, 8.30343, 103134, 0.138012, 0.891515, 100135, -0.0175331
0.4875, 1.01018, 3.89237, 101432, 0.138012, 0.891515, 100135, -0.0125205
0.4925, 1.00431, 1.81839, 100604, 0.138012, 0.891515, 100135, -0.00751461
0.4975, 1.00164, 1.00929, 100229, 0.138012, 0.890742, 100135, -0.00251233
0.5025, 1.00097, 0.873237, 100136, 0.138008, 0.860793, 100131, 0.00248809
0.5075, 1.00097, 0.891515, 100135, 0.137978, 0.624127, 100095, 0.00748875
0.5125, 1.00097, 0.891515, 100135, 0.137957, 0.452163, 100069, 0.0124892
0.5175, 1.00097, 0.891515, 100135, 0.137941, 0.327333, 100050, 0.0174896
0.5225, 1.00097, 0.891515, 100135, 0.13793, 0.236786, 100036, 0.0224898
0.5275, 1.00097, 0.891515, 100135, 0.137921, 0.171149, 100026, 0.02749
0.5325, 1.00097, 0.891515, 100135, 0.137915, 0.123597, 100019, 0.0324902
0.5375, 1.00097, 0.891515, 100135, 0.137911, 0.0891669, 100014, 0.0374903
0.5425, 1.00097, 0.891515, 100135, 0.137908, 0.0642509, 100010, 0.0424903
0.5475, 1.00097, 0.891515, 100135, 0.137906, 0.0462309, 100007, 0.0474904
0.5525, 1.00097, 0.891515, 100135, 0.137904, 0.0332065, 100005, 0.0524904
0.5575, 1.00097, 0.891515, 100135, 0.137903, 0.0237995, 100004, 0.0574904
0.5625, 1.00097, 0.891515, 100135, 0.137902, 0.0170103, 100003, 0.0624905
0.5675, 1.00097, 0.891515, 100135, 0.137902, 0.0121149, 100002, 0.0674905
0.5725, 1.00097, 0.891515, 100135, 0.137901, 0.00858865, 100001, 0.0724905
0.5775, 1.00097, 0.891515, 100135, 0.137901, 0.0060518, 100001, 0.0774905
0.5825, 1.00097, 0.891515, 100135, 0.137901, 0.00422942, 100001, 0.0824905
0.5875, 1.00097, 0.891515, 100135, 0.1379, 0.00292224, 100000, 0.0874905
0.5925, 1.00097, 0.891515, 100135, 0.1379, 0.0019857, 100000, 0.0924905
0.5975, 1.00097, 0.891515, 100135, 0.1379, 0.00131493, 100000, 0.0974905
0.6025, 1.00097, 0.891515, 100135, 0.1379, 0.000834059, 100000, 0.10249
0.6075, 1.00097, 0.891515, 100135, 0.1379, 0.000488339, 100000, 0.10749
0.6125, 1.00097, 0.891515, 100135, 0.1379, 0.000238501, 100000, 0.11249
0.6175, 1.00097, 0.891515, 100135, 0.1379, 5.67108e-05, 100000, 0.11749
0.6225, 1.00097, 0.891515, 100135, 0.1379, -7.64512e-05, 100000, 0.122491
0.6275, 1.00097, 0.891515, 100135, 0.1379, -0.000174448, 100000, 0.127491
0.6325, 1.00097, 0.891515, 100135, 0.1379, -0.000246725, 100000, 0.132491
0.6375, 1.00097, 0.891515, 100135, 0.1379, -0.000300019, 100000, 0.137491
0.6425, 1.00097, 0.891515, 100135, 0.1379, -0.000339148, 99999.9, 0.142491
0.6475, 1.00097, 0.891515, 100135, 0.1379, -0.000367549, 99999.9, 0.147491
0.6525, 1.00097, 0.891515, 100135, 0.1379, -0.000387755, 99999.9, 0.152491
0.6575, 1.00097, 0.891515, 100135, 0.1379, -0.000401782, 99999.9, 0.157491
0.6625, 1.00097, 0.891515, 100135, 0.1379, -0.000411312, 99999.9, 0.162491
0.6675, 1.00097, 0.891515, 100135, 0.1379, -0.00041772, 99999.9, 0.167491
0.6725, 1.00097, 0.891515, 100135, 0.1379, -0.000422038, 99999.9, 0.172491
0.6775, 1.00097, 0.891515, 100135, 0.1379, -0.000424968, 99999.9, 0.177491
0.6825, 1.00097, 0.891515, 100135, 0.1379, -0.000426956, 99999.9, 0.182491
0.6875, 1.00097, 0.891515, 100135, 0.1379, -0.000428288, 99999.9, 0.187491
0.6925, 1.00097, 0.891515, 100135, 0.1379, -0.000429153, 99999.9, 0.192491
0.6975, 1.00097, 0.891515, 100135, 0.1379, -0.000429688, 99999.9, 0.197491
0.7025, 1.00097, 0.891515, 100135, 0.1379, -0.000429998, 99999.9, 0.202491
0.7075, 1.00097, 0.891515, 100135, 0.1379, -0.000430163, 99999.9, 0.207491
0.7125, 1.00097, 0.891515, 100135, 0.1379, -0.00043024, 99999.9, 0.212491
0.7175, 1.00097, 0.891515, 100135, 0.1379, -0.00043027, 99999.9, 0.217491
0.7225, 1.00097, 0.891515, 100135, 0.1379, -0.000430278, 99999.9, 0.222491
0.7275, 1.00097, 0.891515, 100135, 0.1379, -0.000430276, 99999.9, 0.227491
0.7325, 1.00097, 0.891515, 100135, 0.1379, -0.00043026, 99999.9, 0.232491
0.7375, 1.00097, 0.891515, 100135, 0.1379, -0.000430238, 99999.9, 0.237491
0.7425, 1.00097, 0.891515, 100135, 0.1379, -0.000430221, 99999.9, 0.242491
0.7475, 1.00097, 0.891515, 100135, 0.1379, -0.000430206, 99999.9, 0.247491
0.7525, 1.00097, 0.891515, 100135, 0.1379, -0.000430195, 99999.9, 0.252491
0.7575, 1.00097, 0.891515, 100135, 0.1379, -0.000430186, 99999.9, 0.257491
0.7625, 1.00097, 0.891515, 100135, 0.1379, -0.000430179, 99999.9, 0.262491
0.7675, 1.00097, 0.891515, 100135, 0.1379, -0.000430173, 99999.9, 0.267491
0.7725, 1.00097, 0.891515, 100135, 0.1379, -0.000430169, 99999.9, 0.272491
0.7775, 1.00097, 0.891515, 100135, 0.1379, -0.000430167, 99999.9, 0.277491
0.7825, 1.00097, 0.891515, 100135, 0.1379, -0.000430165, 99999.9, 0.282491
0.7875, 1.00097, 0.891515, 100135, 0.1379, -0.000430163, 99999.9, 0.287491
0.7925, 1.00097, 0.891515, 100135, 0.1379, -0.000430162, 99999.9, 0.292491
0.7975, 1.00097, 0.891515, 100135, 0.1379, -0.000430161, 99999.9, 0.297491
0.8025, 1.00097, 0.891515, 100135, 0.1379, -0.000430161, 99999.9, 0.302491
0.8075, 1.00097, 0.891515, 100135, 0.1379, -0.000430161, 99999.9, 0.307491
0.8125, 1.00097, 0.891515, 100135, 0.1379, -0.00043016, 99999.9, 0.312491
0.8175, 1.00097, 0.891515, 100135, 0.1379, -0.00043016, 99999.9, 0.317491
0.8225, 1.00097, 0.891515, 100135, 0.1379, -0.00043016, 99999.9, 0.322491
0.8275, 1.00097, 0.891515, 100135, 0.1379, -0.00043016, 99999.9, 0.327491
0.8325, 1.00097, 0.891515, 100135, 0.1379, -0.00043016, 99999.9, 0.332491
0.8375, 1.00097, 0.891515, 100135, 0.1379, -0.00043016, 99999.9, 0.337491
0.8425, 1.00097, 0.891515, 100135, 0.1379, -0.00043016, 99999.9, 0.342491
0.8475, 1.00097, 0.891515, 100135, 0.1379, -0.00043016, 99999.9, 0.347491
0.8525, 1.00097, 0.891515, 100135, 0.1379, -0.00043016, 99999.9, 0.352491
0.8575, 1.00097, 0.891515, 100135, 0.1379, -0.00043016, 99999.9, 0.357491
0.8625, 1.00097, 0.891515, 100135, 0.1379, -0.00043016, 99999.9, 0.362491
0.8675, 1.00097, 0.891515, 100135, 0.1379, -0.00043016, 99999.9, 0.367491
0.8725, 1.00097, 0.891515, 100135, 0.1379, -0.00043016, 99999.9, 0.372491
0.8775, 1.00097, 0.891515, 100135, 0.1379, -0.00043016, 99999.9, 0.377491
0.8825, 1.00097, 0.891515, 100135, 0.1379, -0.00043016, 99999.9, 0.382491
0.8875, 1.00097, 0.891515, 100135, 0.1379, -0.00043016, 99999.9, 0.387491
0.8925, 1.00097, 0.891515, 100135, 0.1379, -0.00043016, 99999.9, 0.392491
0.8975, 1.00097, 0.891515, 100135, 0.1379, -0.00043016, 99999.9, 0.397491
0.9025, 1.00097, 0.891515, 100135, 0.1379, -0.00043016, 99999.9, 0.402491
0.9075, 1.00097, 0.891515, 100135, 0.1379, -0.00043016, 99999.9, 0.407491
0.9125, 1.00097, 0.891515, 100135, 0.1379, -0.00043016, 99999.9, 0.412491
0.9175, 1.00097, 0.891515, 100135, 0.1379, -0.00043016, 99999.9, 0.417491
0.9225, 1.00097, 0.891515, 100135, 0.1379, -0.00043016, 99999.9, 0.422491
0.9275, 1.00097, 0.891515, 100135, 0.1379, -0.00043016, 99999.9, 0.427491
0.9325, 1.00097, 0.891515, 100135, 0.1379, -0.00043016, 99999.9, 0.432491
0.9375, 1.00097, 0.891515, 100135, 0.1379, -0.00043016, 99999.9, 0.437491
0.9425, 1.00097, 0.891515, 100135, 0.1379, -0.00043016, 99999.9, 0.442491
0.9475, 1.00097, 0.891515, 100135, 0.1379, -0.00043016, 99999.9, 0.447491
0.9525, 1.00097, 0.891515, 100135, 0.1379, -0.00043016, 99999.9, 0.452491
0.9575, 1.00097, 0.891515, 100135, 0.1379, -0.00043016, 99999.9, 0.457491
0.9625, 1.00097, 0.891515, 100135, 0.1379, -0.00043016, 99999.9, 0.462491
0.9675, 1.00097, 0.891515, 100135, 0.1379, -0.00043016, 99999.9, 0.467491
0.9725, 1.00097, 0.891515, 100135, 0.1379, -0.00043016, 99999.9, 0.472491
0.9775, 1.00097, 0.891515, 100135, 0.1379, -0.00043016, 99999.9, 0.477491
0.9825, 1.00097, 0.891515, 100135, 0.1379, -0.000430161, 99999.9, 0.482491
0.9875, 1.00097, 0.891515, 100135, 0.1379, -0.000430161, 99999.9, 0.487491
0.9925, 1.00097, 0.891515, 100135, 0.1379, -0.000430161, 99999.9, 0.492491
0.9975, 1.00097, 0.891515, 100135, 0.1379, -0.000430161, 99999.9, 0.49749
