0.0025, 1.33293, 111.799, 149993, 0.158824, 159.176, 126603, -0.524823
0.0075, 1.33293, 111.8, 149993, 0.158824, 159.176, 126603, -0.520164
0.0125, 1.33293, 111.8, 149993, 0.158824, 159.176, 126603, -0.515164
0.0175, 1.33293, 111.8, 149993, 0.158824, 159.176, 126603, -0.510164
0.0225, 1.33293, 111.8, 149993, 0.158824, 159.176, 126603, -0.505164
0.0275, 1.33293, 111.8, 149993, 0.158824, 159.176, 126603, -0.500164
0.0325, 1.33293, 111.799, 149994, 0.158824, 159.176, 126603, -0.495164
0.0375, 1.33294, 111.797, 149994, 0.158824, 159.176, 126603, -0.490164
0.0425, 1.33294, 111.796, 149995, 0.158824, 159.176, 126603, -0.485164
0.0475, 1.33295, 111.795, 149996, 0.158824, 159.176, 126603, -0.480164
0.0525, 1.33295, 111.794, 149996, 0.158824, 159.176, 126603, -0.475164
0.0575, 1.33295, 111.793, 149996, 0.158824, 159.176, 126603, -0.470164
0.0625, 1.33295, 111.793, 149996, 0.158824, 159.176, 126603, -0.465164
0.0675, 1.33295, 111.793, 149996, 0.158824, 159.176, 126603, -0.460164
0.0725, 1.33295, 111.794, 149996, 0.158824, 159.176, 126603, -0.455164
0.0775, 1.33295, 111.795, 149995, 0.158824, 159.176, 126603, -0.450164
0.0825, 1.33294, 111.797, 149995, 0.158824, 159.176, 126603, -0.445164
0.0875, 1.33294, 111.798, 149994, 0.158824, 159.176, 126603, -0.440164
0.0925, 1.33294, 111.799, 149993, 0.158824, 159.176, 126603, -0.435164
0.0975, 1.33295, 111.8, 149993, 0.158824, 159.176, 126603, -0.430164
0.1025, 1.33295, 111.8, 149993, 0.158824, 159.176, 126603, -0.425164
0.1075, 1.33295, 111.801, 149993, 0.158824, 159.176, 126603, -0.420164
0.1125, 1.33296, 111.8, 149993, 0.158824, 159.176, 126603, -0.415164
0.1175, 1.33296, 111.8, 149993, 0.158824, 159.176, 126603, -0.410164
0.1225, 1.33296, 111.8, 149993, 0.158824, 159.176, 126603, -0.405164
0.1275, 1.33296, 111.799, 149993, 0.158824, 159.176, 126603, -0.400164
0.1325, 1.33296, 111.798, 149994, 0.158824, 159.176, 126603, -0.395164
0.1375, 1.33295, 111.796, 149995, 0.158824, 159.176, 126603, -0.390164
0.1425, 1.33291, 111.795, 149996, 0.158824, 159.176, 126603, -0.385164
0.1475, 1.33278, 111.793, 149996, 0.158824, 159.176, 126603, -0.380164
0.1525, 1.33251, 111.792, 149997, 0.158824, 159.176, 126603, -0.375164
0.1575, 1.33214, 111.791, 149997, 0.158824, 159.176, 126603, -0.370164
0.1625, 1.33176, 111.79, 149998, 0.158824, 159.176, 126603, -0.365164
0.1675, 1.33144, 111.791, 149997, 0.158824, 159.176, 126603, -0.360164
0.1725, 1.33118, 111.791, 149997, 0.158824, 159.176, 126603, -0.355164
0.1775, 1.331, 111.792, 149997, 0.158824, 159.176, 126603, -0.350164
0.1825, 1.33088, 111.793, 149996, 0.158824, 159.176, 126603, -0.345164
0.1875, 1.33082, 111.795, 149996, 0.158824, 159.176, 126603, -0.340164
0.1925, 1.33081, 111.796, 149995, 0.158824, 159.176, 126603, -0.335164
0.1975, 1.33081, 111.797, 149994, 0.158824, 159.176, 126603, -0.330164
0.2025, 1.33084, 111.798, 149994, 0.158824, 159.176, 126603, -0.325164
0.2075, 1.33101, 111.798, 149994, 0.158824, 159.176, 126603, -0.320164
0.2125, 1.33137, 111.798, 149994, 0.158824, 159.176, 126603, -0.315164
0.2175, 1.33178, 111.798, 149994, 0.158824, 159.176, 126603, -0.310164
0.2225, 1.33215, 111.798, 149994, 0.158824, 159.176, 126603, -0.305164
0.2275, 1.33244, 111.798, 149994, 0.158824, 159.176, 126603, -0.300164
0.2325, 1.33265, 111.798, 149994, 0.158824, 159.176, 126603, -0.295164
0.2375, 1.3328, 111.798, 149994, 0.158824, 159.176, 126603, -0.290164
0.2425, 1.33289, 111.797, 149994, 0.158824, 159.176, 126603, -0.285164
0.2475, 1.33295, 111.796, 149995, 0.158824, 159.176, 126603, -0.280164
0.2525, 1.33298, 111.795, 149995, 0.158824, 159.176, 126603, -0.275164
0.2575, 1.333, 111.794, 149995, 0.158824, 159.176, 126603, -0.270164
0.2625, 1.33301, 111.793, 149996, 0.158824, 159.176, 126603, -0.265164
0.2675, 1.33301, 111.793, 149996, 0.158824, 159.176, 126603, -0.260164
0.2725, 1.33301, 111.792, 149997, 0.158824, 159.176, 126603, -0.255164
0.2775, 1.33301, 111.792, 149997, 0.158824, 159.176, 126603, -0.250164
0.2825, 1.33301, 111.792, 149997, 0.158824, 159.176, 126603, -0.245164
0.2875, 1.33303, 111.793, 149996, 0.158824, 159.176, 126603, -0.240164
0.2925, 1.33309, 111.794, 149996, 0.158824, 159.176, 126603, -0.235164
0.2975, 1.33317, 111.795, 149996, 0.158824, 159.176, 126603, -0.230164
0.3025, 1.33325, 111.796, 149995, 0.158824, 159.176, 126603, -0.225164
0.3075, 1.33331, 111.797, 149995, 0.158824, 159.176, 126603, -0.220164
0.3125, 1.33334, 111.797, 149995, 0.158824, 159.176, 126603, -0.215164
0.3175, 1.33336, 111.797, 149995, 0.158824, 159.176, 126603, -0.210164
0.3225, 1.33336, 111.797, 149995, 0.158824, 159.176, 126603, -0.205164
0.3275, 1.33336, 111.797, 149995, 0.158824, 159.176, 126603, -0.200164
0.3325, 1.33333, 111.797, 149995, 0.158824, 159.176, 126603, -0.195164
0.3375, 1.33327, 111.797, 149995, 0.158824, 159.176, 126603, -0.190164
0.3425, 1.33321, 111.797, 149995, 0.158824, 159.176, 126603, -0.185164
0.3475, 1.33316, 111.796, 149995, 0.158824, 159.176, 126603, -0.180164
0.3525, 1.33313, 111.796, 149995, 0.158824, 159.176, 126603, -0.175164
0.3575, 1.33312, 111.795, 149995, 0.158824, 159.176, 126603, -0.170164
0.3625, 1.33313, 111.794, 149996, 0.158824, 159.176, 126603, -0.165164
0.3675, 1.33314, 111.792, 149997, 0.158824, 159.176, 126603, -0.160164
0.3725, 1.3332, 111.79, 149998, 0.158824, 159.176, 126603, -0.155164
0.3775, 1.33329, 111.789, 149998, 0.158824, 159.176, 126603, -0.150164
0.3825, 1.33338, 111.788, 149999, 0.158824, 159.176, 126603, -0.145164
0.3875, 1.33343, 111.788, 149999, 0.158824, 159.176, 126603, -0.140164
0.3925, 1.33346, 111.789, 149999, 0.158824, 159.176, 126603, -0.135164
0.3975, 1.33346, 111.791, 149997, 0.158824, 159.176, 126603, -0.130164
0.4025, 1.33344, 111.798, 149994, 0.158824, 159.176, 126603, -0.125164
0.4075, 1.33338, 111.815, 149985, 0.158824, 159.176, 126603, -0.120164
0.4125, 1.33322, 111.857, 149963, 0.158824, 159.176, 126603, -0.115164
0.4175, 1.33282, 111.961, 149908, 0.158824, 159.176, 126603, -0.110164
0.4225, 1.3319, 112.213, 149775, 0.158824, 159.176, 126603, -0.105165
0.4275, 1.32974, 112.826, 149451, 0.158824, 159.176, 126603, -0.100166
0.4325, 1.32446, 114.371, 148638, 0.158824, 159.176, 126603, -0.0951703
0.4375, 1.31332, 117.691, 146904, 0.158824, 159.176, 126603, -0.0901794
0.4425, 1.29609, 122.898, 144217, 0.158824, 159.176, 126603, -0.0851945
0.4475, 1.27506, 129.358, 140945, 0.158824, 159.176, 126603, -0.0802138
0.4525, 1.25385, 135.967, 137665, 0.158824, 159.176, 126603, -0.0752341
0.4575, 1.23503, 141.904, 134772, 0.158824, 159.176, 126603, -0.0702528
0.4625, 1.21944, 146.906, 132375, 0.158824, 159.176, 126603, -0.0652685
0.4675, 1.2072, 150.891, 130489, 0.158824, 159.176, 126603, -0.0602812
0.4725, 1.1981, 153.885, 129084, 0.158824, 159.176, 126603, -0.0552908
0.4775, 1.19164, 156.004, 128096, 0.158824, 159.176, 126603, -0.0502976
0.4825, 1.18723, 157.424, 127443, 0.158824, 159.176, 126603, -0.0453022
0.4875, 1.18433, 158.325, 127042, 0.158824, 159.176, 126603, -0.0403051
0.4925, 1.18246, 158.857, 126814, 0.158824, 159.176, 126603, -0.0353069
0.4975, 1.18125, 159.135, 126687, 0.158824, 159.176, 126603, -0.0303078
0.5025, 1.18045, 159.257, 126614, 0.158824, 159.176, 126603, -0.0253081
0.5075, 1.18001, 159.281, 126578, 0.158824, 159.176, 126603, -0.0203082
0.5125, 1.17982, 159.251, 126564, 0.158824, 159.176, 126603, -0.0153082
0.5175, 1.17977, 159.221, 126568, 0.158824, 159.176, 126603, -0.0103081
0.5225, 1.17986, 159.196, 126587, 0.158824, 159.176, 126603, -0.00530805
0.5275, 1.17995, 159.181, 126602, 0.158824, 159.178, 126603, -0.000308006
0.5325, 1.17995, 159.176, 126603, 0.158827, 159.202, 126608, 0.00469189
0.5375, 1.17995, 159.176, 126603, 0.158832, 159.237, 126614, 0.00969178
0.5425, 1.17995, 159.176, 126603, 0.158836, 159.276, 126621, 0.0146917
0.5475, 1.17995, 159.176, 126603, 0.15884, 159.315, 126628, 0.0196915
0.5525, 1.17995, 159.176, 126603, 0.158844, 159.35, 126635, 0.0246914
0.5575, 1.17995, 159.176, 126603, 0.158847, 159.381, 126640, 0.0296913
0.5625, 1.17995, 159.176, 126603, 0.158851, 159.417, 126647, 0.0346912
0.5675, 1.17995, 159.176, 126603, 0.158857, 159.468, 126656, 0.039691
0.5725, 1.17995, 159.176, 126603, 0.158865, 159.526, 126667, 0.0446909
0.5775, 1.17995, 159.176, 126603, 0.158872, 159.575, 126676, 0.0496907
0.5825, 1.17995, 159.176, 126603, 0.158878, 159.613, 126683, 0.0546907
0.5875, 1.17995, 159.176, 126603, 0.158881, 159.639, 126688, 0.0596906
0.5925, 1.17995, 159.176, 126603, 0.158883, 159.653, 126690, 0.0646906
0.5975, 1.17995, 159.176, 126603, 0.158884, 159.658, 126691, 0.0696906
0.6025, 1.17995, 159.176, 126603, 0.158883, 159.657, 126691, 0.0746906
0.6075, 1.17995, 159.176, 126603, 0.158881, 159.642, 126688, 0.0796908
0.6125, 1.17995, 159.176, 126603, 0.158872, 159.581, 126677, 0.084691
0.6175, 1.17995, 159.176, 126603, 0.158859, 159.488, 126660, 0.0896914
0.6225, 1.17995, 159.176, 126603, 0.158845, 159.387, 126641, 0.0946917
0.6275, 1.17995, 159.176, 126603, 0.158829, 159.274, 126621, 0.0996921
0.6325, 1.17995, 159.176, 126603, 0.158809, 159.125, 126593, 0.104693
0.6375, 1.17995, 159.176, 126603, 0.158777, 158.89, 126550, 0.109694
0.6425, 1.17995, 159.176, 126603, 0.158725, 158.515, 126482, 0.114695
0.6475, 1.17995, 159.176, 126603, 0.15865, 157.98, 126384, 0.119697
0.6525, 1.17995, 159.176, 126603, 0.15856, 157.328, 126264, 0.124699
0.6575, 1.17995, 159.176, 126603, 0.158465, 156.641, 126139, 0.129701
0.6625, 1.17995, 159.176, 126603, 0.158372, 155.966, 126016, 0.134704
0.6675, 1.17995, 159.176, 126603, 0.158271, 155.233, 125882, 0.139706
0.6725, 1.17995, 159.176, 126603, 0.158127, 154.192, 125692, 0.144711
0.6775, 1.17995, 159.176, 126603, 0.157894, 152.493, 125383, 0.149718
0.6825, 1.17995, 159.176, 126603, 0.157547, 149.968, 124924, 0.154727
0.6875, 1.17995, 159.176, 126603, 0.157127, 146.906, 124370, 0.159737
0.6925, 1.17995, 159.176, 126603, 0.156695, 143.748, 123801, 0.164748
0.6975, 1.17995, 159.176, 126603, 0.15618, 139.936, 123116, 0.169766
0.7025, 1.17995, 159.176, 126603, 0.155196, 132.754, 121834, 0.174808
0.7075, 1.17995, 159.176, 126603, 0.152843, 115.452, 118790, 0.179887
0.7125, 1.17995, 159.176, 126603, 0.149071, 87.071, 113929, 0.184975
0.7175, 1.17995, 159.176, 126603, 0.145438, 59.2459, 109320, 0.190043
0.7225, 1.17995, 159.176, 126603, 0.142825, 38.911, 106046, 0.195089
0.7275, 1.17995, 159.176, 126603, 0.14113, 25.6031, 103946, 0.200118
0.7325, 1.17995, 159.176, 126603, 0.140058, 17.1417, 102629, 0.205137
0.7375, 1.17995, 159.176, 126603, 0.13937, 11.6973, 101788, 0.210149
0.7425, 1.17995, 159.176, 126603, 0.138918, 8.1093, 101237, 0.215157
0.7475, 1.17995, 159.176, 126603, 0.138614, 5.68938, 100866, 0.220163
0.7525, 1.17995, 159.176, 126603, 0.138405, 4.02653, 100613, 0.225167
0.7575, 1.17995, 159.176, 126603, 0.13826, 2.86765, 100436, 0.23017
0.7625, 1.17995, 159.176, 126603, 0.138157, 2.05154, 100312, 0.235172
0.7675, 1.17995, 159.176, 126603, 0.138085, 1.47241, 100224, 0.240173
0.7725, 1.17995, 159.176, 126603, 0.138033, 1.05917, 100161, 0.245174
0.7775, 1.17995, 159.176, 126603, 0.137996, 0.763096, 100116, 0.250175
0.7825, 1.17995, 159.176, 126603, 0.137969, 0.550351, 100084, 0.255175
0.7875, 1.17995, 159.176, 126603, 0.13795, 0.397162, 100060, 0.260176
0.7925, 1.17995, 159.176, 126603, 0.137936, 0.286692, 100044, 0.265176
0.7975, 1.17995, 159.176, 126603, 0.137926, 0.206948, 100031, 0.270176
0.8025, 1.17995, 159.176, 126603, 0.137919, 0.149347, 100023, 0.275176
0.8075, 1.17995, 159.176, 126603, 0.137913, 0.107724, 100016, 0.280176
0.8125, 1.17995, 159.176, 126603, 0.13791, 0.077643, 100012, 0.285177
0.8175, 1.17995, 159.176, 126603, 0.137907, 0.0559046, 100008, 0.290177
0.8225, 1.17995, 159.176, 126603, 0.137905, 0.0401983, 100006, 0.295177
0.8275, 1.17995, 159.176, 126603, 0.137904, 0.0288545, 100004, 0.300177
0.8325, 1.17995, 159.176, 126603, 0.137903, 0.020666, 100003, 0.305177
0.8375, 1.17995, 159.176, 126603, 0.137902, 0.0147593, 100002, 0.310177
0.8425, 1.17995, 159.176, 126603, 0.137901, 0.0105021, 100002, 0.315177
0.8475, 1.17995, 159.176, 126603, 0.137901, 0.00743686, 100001, 0.320177
0.8525, 1.17995, 159.176, 126603, 0.137901, 0.00523194, 100001, 0.325177
0.8575, 1.17995, 159.176, 126603, 0.1379, 0.00364726, 100001, 0.330177
0.8625, 1.17995, 159.176, 126603, 0.1379, 0.00250894, 100000, 0.335177
0.8675, 1.17995, 159.176, 126603, 0.1379, 0.00169122, 100000, 0.340177
0.8725, 1.17995, 159.176, 126603, 0.1379, 0.00110331, 100000, 0.345177
0.8775, 1.17995, 159.176, 126603, 0.1379, 0.000679862, 100000, 0.350177
0.8825, 1.17995, 159.176, 126603, 0.1379, 0.000374051, 100000, 0.355177
0.8875, 1.17995, 159.176, 126603, 0.1379, 0.00015245, 100000, 0.360177
0.8925, 1.17995, 159.176, 126603, 0.1379, -8.6852e-06, 100000, 0.365177
0.8975, 1.17995, 159.176, 126603, 0.1379, -0.000126183, 100000, 0.370177
0.9025, 1.17995, 159.176, 126603, 0.1379, -0.000211973, 100000, 0.375177
0.9075, 1.17995, 159.176, 126603, 0.1379, -0.000274559, 100000, 0.380177
0.9125, 1.17995, 159.176, 126603, 0.1379, -0.000320061, 100000, 0.385177
0.9175, 1.17995, 159.176, 126603, 0.1379, -0.000352951, 99999.9, 0.390177
0.9225, 1.17995, 159.176, 126603, 0.1379, -0.000376538, 99999.9, 0.395177
0.9275, 1.17995, 159.176, 126603, 0.1379, -0.000393301, 99999.9, 0.400177
0.9325, 1.17995, 159.176, 126603, 0.1379, -0.000405099, 99999.9, 0.405177
0.9375, 1.17995, 159.176, 126603, 0.1379, -0.000413325, 99999.9, 0.410177
0.9425, 1.17995, 159.176, 126603, 0.1379, -0.000419006, 99999.9, 0.415177
0.9475, 1.17995, 159.176, 126603, 0.1379, -0.000422893, 99999.9, 0.420177
0.9525, 1.17995, 159.176, 126603, 0.1379, -0.000425523, 99999.9, 0.425177
0.9575, 1.17995, 159.176, 126603, 0.1379, -0.00042728, 99999.9, 0.430177
0.9625, 1.17995, 159.176, 126603, 0.1379, -0.000428435, 99999.9, 0.435177
0.9675, 1.17995, 159.176, 126603, 0.1379, -0.000429178, 99999.9, 0.440177
0.9725, 1.17995, 159.176, 126603, 0.1379, -0.000429643, 99999.9, 0.445177
0.9775, 1.17995, 159.176, 126603, 0.1379, -0.000429925, 99999.9, 0.450177
0.9825, 1.17995, 159.176, 126603, 0.1379, -0.000430087, 99999.9, 0.455177
0.9875, 1.17995, 159.176, 126603, 0.1379, -0.000430175, 99999.9, 0.460177
0.9925, 1.17995, 159.176, 126603, 0.1379, -0.000430219, 99999.9, 0.465177
0.9975, 1.17995, 159.176, 126603, 0.1379, -0.000430236, 99999.9, 0.470177
