0.0025, 1.33293, 111.8, 149993, 0.145784, 61.7717, 109732, -0.498311
0.0075, 1.33294, 111.798, 149994, 0.145784, 61.7717, 109732, -0.493689
0.0125, 1.33294, 111.796, 149995, 0.145784, 61.7717, 109732, -0.488689
0.0175, 1.33294, 111.796, 149995, 0.145784, 61.7717, 109732, -0.483689
0.0225, 1.33295, 111.795, 149995, 0.145784, 61.7717, 109732, -0.478689
0.0275, 1.33295, 111.795, 149995, 0.145784, 61.7717, 109732, -0.473689
0.0325, 1.33295, 111.795, 149995, 0.145784, 61.7717, 109732, -0.468689
0.0375, 1.33294, 111.796, 149995, 0.145784, 61.7717, 109732, -0.463689
0.0425, 1.33294, 111.797, 149995, 0.145784, 61.7717, 109732, -0.458689
0.0475, 1.33293, 111.798, 149994, 0.145784, 61.7717, 109732, -0.453689
0.0525, 1.33293, 111.799, 149993, 0.145784, 61.7717, 109732, -0.448689
0.0575, 1.33293, 111.8, 149993, 0.145784, 61.7717, 109732, -0.443689
0.0625, 1.33293, 111.801, 149992, 0.145784, 61.7717, 109732, -0.438689
0.0675, 1.33293, 111.801, 149992, 0.145784, 61.7717, 109732, -0.433689
0.0725, 1.33294, 111.801, 149992, 0.145784, 61.7717, 109732, -0.428689
0.0775, 1.33294, 111.8, 149993, 0.145784, 61.7717, 109732, -0.423689
0.0825, 1.33295, 111.799, 149993, 0.145784, 61.7717, 109732, -0.418689
0.0875, 1.33296, 111.798, 149994, 0.145784, 61.7717, 109732, -0.413689
0.0925, 1.33297, 111.796, 149995, 0.145784, 61.7717, 109732, -0.408689
0.0975, 1.33298, 111.795, 149995, 0.145784, 61.7717, 109732, -0.403689
0.1025, 1.33298, 111.794, 149996, 0.145784, 61.7717, 109732, -0.398689
0.1075, 1.33298, 111.793, 149997, 0.145784, 61.7717, 109732, -0.393689
0.1125, 1.33298, 111.792, 149997, 0.145784, 61.7717, 109732, -0.388689
0.1175, 1.33297, 111.792, 149997, 0.145784, 61.7717, 109732, -0.383689
0.1225, 1.33294, 111.793, 149997, 0.145784, 61.7717, 109732, -0.378689
0.1275, 1.33286, 111.795, 149996, 0.145784, 61.7717, 109732, -0.373689
0.1325, 1.33265, 111.797, 149995, 0.145784, 61.7717, 109732, -0.368689
0.1375, 1.33227, 111.799, 149994, 0.145784, 61.7717, 109732, -0.363689
0.1425, 1.33183, 111.8, 149993, 0.145784, 61.7717, 109732, -0.358689
0.1475, 1.33142, 111.8, 149993, 0.145784, 61.7717, 109732, -0.353689
0.1525, 1.33109, 111.8, 149993, 0.145784, 61.7717, 109732, -0.348689
0.1575, 1.33086, 111.8, 149993, 0.145784, 61.7717, 109732, -0.343689
0.1625, 1.33071, 111.8, 149993, 0.145784, 61.7717, 109732, -0.338689
0.1675, 1.33064, 111.8, 149993, 0.145784, 61.7717, 109732, -0.333689
0.1725, 1.33061, 111.8, 149993, 0.145784, 61.7717, 109732, -0.328689
0.1775, 1.33062, 111.799, 149993, 0.145784, 61.7717, 109732, -0.323689
0.1825, 1.33066, 111.798, 149994, 0.145784, 61.7717, 109732, -0.318689
0.1875, 1.33088, 111.797, 149994, 0.145784, 61.7717, 109732, -0.313689
0.1925, 1.3313, 111.796, 149995, 0.145784, 61.7717, 109732, -0.308689
0.1975, 1.3318, 111.794, 149996, 0.145784, 61.7717, 109732, -0.303689
0.2025, 1.33223, 111.792, 149997, 0.145784, 61.7717, 109732, -0.298689
0.2075, 1.33256, 111.791, 149998, 0.145784, 61.7717, 109732, -0.293689
0.2125, 1.33279, 111.791, 149998, 0.145784, 61.7717, 109732, -0.288689
0.2175, 1.33294, 111.79, 149998, 0.145784, 61.7717, 109732, -0.283689
0.2225, 1.33303, 111.791, 149998, 0.145784, 61.7717, 109732, -0.278689
0.2275, 1.33307, 111.791, 149998, 0.145784, 61.7717, 109732, -0.273689
0.2325, 1.33308, 111.793, 149997, 0.145784, 61.7717, 109732, -0.268689
0.2375, 1.33307, 111.794, 149996, 0.145784, 61.7717, 109732, -0.263689
0.2425, 1.33303, 111.796, 149995, 0.145784, 61.7717, 109732, -0.258689
0.2475, 1.33299, 111.797, 149994, 0.145784, 61.7717, 109732, -0.253689
0.2525, 1.33296, 111.798, 149994, 0.145784, 61.7717, 109732, -0.248689
0.2575, 1.33295, 111.799, 149994, 0.145784, 61.7717, 109732, -0.243689
0.2625, 1.33295, 111.798, 149994, 0.145784, 61.7717, 109732, -0.238689
0.2675, 1.33296, 111.798, 149994, 0.145784, 61.7717, 109732, -0.233689
0.2725, 1.33301, 111.798, 149994, 0.145784, 61.7717, 109732, -0.228689
0.2775, 1.33313, 111.797, 149994, 0.145784, 61.7717, 109732, -0.223689
0.2825, 1.33325, 111.797, 149994, 0.145784, 61.7717, 109732, -0.218689
0.2875, 1.33334, 111.797, 149994, 0.145784, 61.7717, 109732, -0.213689
0.2925, 1.3334, 111.797, 149994, 0.145784, 61.7717, 109732, -0.208689
0.2975, 1.33343, 111.797, 149994, 0.145784, 61.7717, 109732, -0.203689
0.3025, 1.33344, 111.797, 149994, 0.145784, 61.7717, 109732, -0.198689
0.3075, 1.33343, 111.796, 149995, 0.145784, 61.7717, 109732, -0.193689
0.3125, 1.33341, 111.795, 149996, 0.145784, 61.7717, 109732, -0.188689
0.3175, 1.33332, 111.793, 149997, 0.145784, 61.7717, 109732, -0.183689
0.3225, 1.33321, 111.792, 149997, 0.145784, 61.7717, 109732, -0.178689
0.3275, 1.33313, 111.792, 149997, 0.145784, 61.7717, 109732, -0.173689
0.3325, 1.33308, 111.792, 149997, 0.145784, 61.7717, 109732, -0.168689
0.3375, 1.33306, 111.793, 149997, 0.145784, 61.7717, 109732, -0.163689
0.3425, 1.33305, 111.794, 149997, 0.145784, 61.7717, 109732, -0.158689
0.3475, 1.33306, 111.795, 149996, 0.145784, 61.7717, 109732, -0.153689
0.3525, 1.33312, 111.796, 149995, 0.145784, 61.7717, 109732, -0.148689
0.3575, 1.33324, 111.797, 149994, 0.145784, 61.7717, 109732, -0.143689
0.3625, 1.33336, 111.797, 149994, 0.145784, 61.7717, 109732, -0.138689
0.3675, 1.33345, 111.797, 149994, 0.145784, 61.7717, 109732, -0.133689
0.3725, 1.33351, 111.796, 149994, 0.145784, 61.7717, 109732, -0.128689
0.3775, 1.33353, 111.796, 149995, 0.145784, 61.7717, 109732, -0.123689
0.3825, 1.33354, 111.796, 149995, 0.145784, 61.7717, 109732, -0.118689
0.3875, 1.33353, 111.796, 149995, 0.145784, 61.7717, 109732, -0.113689
0.3925, 1.33347, 111.797, 149995, 0.145784, 61.7717, 109732, -0.108689
0.3975, 1.33332, 111.797, 149995, 0.145784, 61.7717, 109732, -0.103689
0.4025, 1.33316, 111.798, 149995, 0.145784, 61.7717, 109732, -0.0986893
0.4075, 1.33304, 111.797, 149995, 0.145784, 61.7717, 109732, -0.0936893
0.4125, 1.33299, 111.796, 149995, 0.145784, 61.7717, 109732, -0.0886893
0.4175, 1.33298, 111.794, 149996, 0.145784, 61.7717, 109732, -0.0836892
0.4225, 1.333, 111.792, 149997, 0.145784, 61.7717, 109732, -0.0786892
0.4275, 1.33309, 111.789, 149999, 0.145784, 61.7717, 109732, -0.0736892
0.4325, 1.33326, 111.788, 150000, 0.145784, 61.7717, 109732, -0.0686892
0.4375, 1.33342, 111.788, 150000, 0.145784, 61.7717, 109732, -0.0636892
0.4425, 1.33351, 111.789, 150000, 0.145784, 61.7717, 109732, -0.0586892
0.4475, 1.33356, 111.791, 149999, 0.145784, 61.7717, 109732, -0.0536892
0.4525, 1.33357, 111.793, 149997, 0.145784, 61.7717, 109732, -0.0486892
0.4575, 1.33357, 111.794, 149992, 0.145784, 61.7717, 109732, -0.0436892
0.4625, 1.33351, 111.788, 149984, 0.145784, 61.7717, 109732, -0.0386892
0.4675, 1.33324, 111.765, 149955, 0.145784, 61.7717, 109732, -0.033689
0.4725, 1.33233, 111.686, 149844, 0.145784, 61.7717, 109732, -0.0286885
0.4775, 1.32952, 111.406, 149444, 0.145784, 61.7717, 109732, -0.0236866
0.4825, 1.32116, 110.328, 148142, 0.145784, 61.7717, 109732, -0.0186787
0.4875, 1.28682, 104.102, 142814, 0.145784, 61.7717, 109732, -0.0136452
0.4925, 1.1976, 85.4245, 129286, 0.145784, 61.7717, 109732, -0.00856731
0.4975, 1.10016, 65.0908, 114744, 0.145785, 61.7533, 109729, -0.00349727
0.5025, 1.06686, 60.6741, 109852, 0.145596, 60.3272, 109496, 0.00151863
0.5075, 1.06617, 61.7717, 109732, 0.143977, 47.8299, 107472, 0.00655581
0.5125, 1.06617, 61.7717, 109732, 0.142603, 37.1348, 105764, 0.0115868
0.5175, 1.06617, 61.7717, 109732, 0.141477, 28.3186, 104372, 0.0166118
0.5225, 1.06617, 61.7717, 109732, 0.140584, 21.2904, 103273, 0.0216313
0.5275, 1.06617, 61.7717, 109732, 0.139893, 15.8343, 102426, 0.0266463
0.5325, 1.06617, 61.7717, 109732, 0.139369, 11.6836, 101786, 0.0316575
0.5375, 1.06617, 61.7717, 109732, 0.138977, 8.57242, 101308, 0.0366659
0.5425, 1.06617, 61.7717, 109732, 0.138686, 6.26484, 100954, 0.0416721
0.5475, 1.06617, 61.7717, 109732, 0.138473, 4.56581, 100695, 0.0466766
0.5525, 1.06617, 61.7717, 109732, 0.138317, 3.32115, 100505, 0.0516799
0.5575, 1.06617, 61.7717, 109732, 0.138203, 2.4125, 100367, 0.0566824
0.5625, 1.06617, 61.7717, 109732, 0.138119, 1.75073, 100266, 0.0616841
0.5675, 1.06617, 61.7717, 109732, 0.138059, 1.26954, 100193, 0.0666854
0.5725, 1.06617, 61.7717, 109732, 0.138015, 0.920053, 100140, 0.0716863
0.5775, 1.06617, 61.7717, 109732, 0.137984, 0.666423, 100101, 0.076687
0.5825, 1.06617, 61.7717, 109732, 0.13796, 0.482466, 100073, 0.0816875
0.5875, 1.06617, 61.7717, 109732, 0.137944, 0.349105, 100053, 0.0866879
0.5925, 1.06617, 61.7717, 109732, 0.137932, 0.252463, 100038, 0.0916881
0.5975, 1.06617, 61.7717, 109732, 0.137923, 0.182455, 100028, 0.0966883
0.6025, 1.06617, 61.7717, 109732, 0.137917, 0.131759, 100020, 0.101688
0.6075, 1.06617, 61.7717, 109732, 0.137912, 0.0950629, 100014, 0.106689
0.6125, 1.06617, 61.7717, 109732, 0.137909, 0.068512, 100010, 0.111689
0.6175, 1.06617, 61.7717, 109732, 0.137906, 0.0493108, 100007, 0.116689
0.6225, 1.06617, 61.7717, 109732, 0.137904, 0.0354326, 100005, 0.121689
0.6275, 1.06617, 61.7717, 109732, 0.137903, 0.025408, 100004, 0.126689
0.6325, 1.06617, 61.7717, 109732, 0.137902, 0.0181722, 100003, 0.131689
0.6375, 1.06617, 61.7717, 109732, 0.137902, 0.0129538, 100002, 0.136689
0.6425, 1.06617, 61.7717, 109732, 0.137901, 0.00919411, 100001, 0.141689
0.6475, 1.06617, 61.7717, 109732, 0.137901, 0.00648872, 100001, 0.146689
0.6525, 1.06617, 61.7717, 109732, 0.137901, 0.00454459, 100001, 0.151689
0.6575, 1.06617, 61.7717, 109732, 0.1379, 0.0031494, 100000, 0.156689
0.6625, 1.06617, 61.7717, 109732, 0.1379, 0.00214921, 100000, 0.161689
0.6675, 1.06617, 61.7717, 109732, 0.1379, 0.00143241, 100000, 0.166689
0.6725, 1.06617, 61.7717, 109732, 0.1379, 0.000918233, 100000, 0.171689
0.6775, 1.06617, 61.7717, 109732, 0.1379, 0.000548436, 100000, 0.176689
0.6825, 1.06617, 61.7717, 109732, 0.1379, 0.000281321, 100000, 0.181689
0.6875, 1.06617, 61.7717, 109732, 0.1379, 8.73017e-05, 100000, 0.186689
0.6925, 1.06617, 61.7717, 109732, 0.1379, -5.44458e-05, 100000, 0.191689
0.6975, 1.06617, 61.7717, 109732, 0.1379, -0.000158518, 100000, 0.196689
0.7025, 1.06617, 61.7717, 109732, 0.1379, -0.000235154, 100000, 0.201689
0.7075, 1.06617, 61.7717, 109732, 0.1379, -0.00029157, 100000, 0.206689
0.7125, 1.06617, 61.7717, 109732, 0.1379, -0.000332891, 99999.9, 0.211689
0.7175, 1.06617, 61.7717, 109732, 0.1379, -0.000362832, 99999.9, 0.216689
0.7225, 1.06617, 61.7717, 109732, 0.1379, -0.000384185, 99999.9, 0.221689
0.7275, 1.06617, 61.7717, 109732, 0.1379, -0.000399137, 99999.9, 0.226689
0.7325, 1.06617, 61.7717, 109732, 0.1379, -0.000409432, 99999.9, 0.231689
0.7375, 1.06617, 61.7717, 109732, 0.1379, -0.000416442, 99999.9, 0.236689
0.7425, 1.06617, 61.7717, 109732, 0.1379, -0.000421191, 99999.9, 0.241689
0.7475, 1.06617, 61.7717, 109732, 0.1379, -0.000424407, 99999.9, 0.246689
0.7525, 1.06617, 61.7717, 109732, 0.1379, -0.000426577, 99999.9, 0.251689
0.7575, 1.06617, 61.7717, 109732, 0.1379, -0.000428025, 99999.9, 0.256689
0.7625, 1.06617, 61.7717, 109732, 0.1379, -0.000428968, 99999.9, 0.261689
0.7675, 1.06617, 61.7717, 109732, 0.1379, -0.00042956, 99999.9, 0.266689
0.7725, 1.06617, 61.7717, 109732, 0.1379, -0.000429913, 99999.9, 0.271689
0.7775, 1.06617, 61.7717, 109732, 0.1379, -0.000430109, 99999.9, 0.276689
0.7825, 1.06617, 61.7717, 109732, 0.1379, -0.000430209, 99999.9, 0.281689
0.7875, 1.06617, 61.7717, 109732, 0.1379, -0.000430253, 99999.9, 0.286689
0.7925, 1.06617, 61.7717, 109732, 0.1379, -0.000430268, 99999.9, 0.291689
0.7975, 1.06617, 61.7717, 109732, 0.1379, -0.00043027, 99999.9, 0.296689
0.8025, 1.06617, 61.7717, 109732, 0.1379, -0.000430263, 99999.9, 0.301689
0.8075, 1.06617, 61.7717, 109732, 0.1379, -0.000430242, 99999.9, 0.306689
0.8125, 1.06617, 61.7717, 109732, 0.1379, -0.000430223, 99999.9, 0.311689
0.8175, 1.06617, 61.7717, 109732, 0.1379, -0.000430208, 99999.9, 0.316689
0.8225, 1.06617, 61.7717, 109732, 0.1379, -0.000430196, 99999.9, 0.321689
0.8275, 1.06617, 61.7717, 109732, 0.1379, -0.000430187, 99999.9, 0.326689
0.8325, 1.06617, 61.7717, 109732, 0.1379, -0.00043018, 99999.9, 0.331689
0.8375, 1.06617, 61.7717, 109732, 0.1379, -0.000430174, 99999.9, 0.336689
0.8425, 1.06617, 61.7717, 109732, 0.1379, -0.00043017, 99999.9, 0.341689
0.8475, 1.06617, 61.7717, 109732, 0.1379, -0.000430167, 99999.9, 0.346689
0.8525, 1.06617, 61.7717, 109732, 0.1379, -0.000430165, 99999.9, 0.351689
0.8575, 1.06617, 61.7717, 109732, 0.1379, -0.000430163, 99999.9, 0.356689
0.8625, 1.06617, 61.7717, 109732, 0.1379, -0.000430162, 99999.9, 0.361689
0.8675, 1.06617, 61.7717, 109732, 0.1379, -0.000430162, 99999.9, 0.366689
0.8725, 1.06617, 61.7717, 109732, 0.1379, -0.000430161, 99999.9, 0.371689
0.8775, 1.06617, 61.7717, 109732, 0.1379, -0.000430161, 99999.9, 0.376689
0.8825, 1.06617, 61.7717, 109732, 0.1379, -0.000430161, 99999.9, 0.381689
0.8875, 1.06617, 61.7717, 109732, 0.1379, -0.00043016, 99999.9, 0.386689
0.8925, 1.06617, 61.7717, 109732, 0.1379, -0.00043016, 99999.9, 0.391689
0.8975, 1.06617, 61.7717, 109732, 0.1379, -0.00043016, 99999.9, 0.396689
0.9025, 1.06617, 61.7717, 109732, 0.1379, -0.00043016, 99999.9, 0.401689
0.9075, 1.06617, 61.7717, 109732, 0.1379, -0.00043016, 99999.9, 0.406689
0.9125, 1.06617, 61.7717, 109732, 0.1379, -0.00043016, 99999.9, 0.411689
0.9175, 1.06617, 61.7717, 109732, 0.1379, -0.00043016, 99999.9, 0.416689
0.9225, 1.06617, 61.7717, 109732, 0.1379, -0.00043016, 99999.9, 0.421689
0.9275, 1.06617, 61.7717, 109732, 0.1379, -0.00043016, 99999.9, 0.426689
0.9325, 1.06617, 61.7717, 109732, 0.1379, -0.00043016, 99999.9, 0.431689
0.9375, 1.06617, 61.7717, 109732, 0.1379, -0.00043016, 99999.9, 0.436689
0.9425, 1.06617, 61.7717, 109732, 0.1379, -0.00043016, 99999.9, 0.441689
0.9475, 1.06617, 61.7717, 109732, 0.1379, -0.00043016, 99999.9, 0.446689
0.9525, 1.06617, 61.7717, 109732, 0.1379, -0.00043016, 99999.9, 0.451689
0.9575, 1.06617, 61.7717, 109732, 0.1379, -0.00043016, 99999.9, 0.456689
0.9625, 1.06617, 61.7717, 109732, 0.1379, -0.00043016, 99999.9, 0.461689
0.9675, 1.06617, 61.7717, 109732, 0.1379, -0.00043016, 99999.9, 0.466689
0.9725, 1.06617, 61.7717, 109732, 0.1379, -0.00043016, 99999.9, 0.471689
0.9775, 1.06617, 61.7717, 109732, 0.1379, -0.00043016, 99999.9, 0.476689
0.9825, 1.06617, 61.7717, 109732, 0.1379, -0.00043016, 99999.9, 0.481689
0.9875, 1.06617, 61.7717, 109732, 0.1379, -0.00043016, 99999.9, 0.486689
0.9925, 1.06617, 61.7717, 109732, 0.1379, -0.00043016, 99999.9, 0.491689
0.9975, 1.06617, 61.7717, 109732, 0.1379, -0.00043016, 99999.9, 0.496689
