0.0025, 1.33294, 111.796, 149995, 0.158154, 154.303, 125713, -0.505483
0.0075, 1.33294, 111.796, 149995, 0.158154, 154.303, 125713, -0.500825
0.0125, 1.33294, 111.796, 149995, 0.158154, 154.303, 125713, -0.495825
0.0175, 1.33294, 111.796, 149995, 0.158154, 154.303, 125713, -0.490825
0.0225, 1.33294, 111.796, 149995, 0.158154, 154.303, 125713, -0.485825
0.0275, 1.33294, 111.797, 149994, 0.158154, 154.303, 125713, -0.480825
0.0325, 1.33293, 111.799, 149993, 0.158154, 154.303, 125713, -0.475825
0.0375, 1.33293, 111.8, 149993, 0.158154, 154.303, 125713, -0.470825
0.0425, 1.33293, 111.8, 149993, 0.158154, 154.303, 125713, -0.465825
0.0475, 1.33293, 111.8, 149993, 0.158154, 154.303, 125713, -0.460825
0.0525, 1.33293, 111.8, 149993, 0.158154, 154.303, 125713, -0.455825
0.0575, 1.33293, 111.8, 149993, 0.158154, 154.303, 125713, -0.450825
0.0625, 1.33293, 111.8, 149993, 0.158154, 154.303, 125713, -0.445825
0.0675, 1.33294, 111.799, 149993, 0.158154, 154.303, 125713, -0.440825
0.0725, 1.33294, 111.797, 149994, 0.158154, 154.303, 125713, -0.435825
0.0775, 1.33295, 111.796, 149995, 0.158154, 154.303, 125713, -0.430825
0.0825, 1.33296, 111.794, 149996, 0.158154, 154.303, 125713, -0.425825
0.0875, 1.33297, 111.793, 149996, 0.158154, 154.303, 125713, -0.420825
0.0925, 1.33298, 111.793, 149997, 0.158154, 154.303, 125713, -0.415825
0.0975, 1.33298, 111.793, 149997, 0.158154, 154.303, 125713, -0.410825
0.1025, 1.33298, 111.793, 149997, 0.158154, 154.303, 125713, -0.405825
0.1075, 1.33298, 111.793, 149996, 0.158154, 154.303, 125713, -0.400825
0.1125, 1.33298, 111.795, 149996, 0.158154, 154.303, 125713, -0.395825
0.1175, 1.33297, 111.797, 149995, 0.158154, 154.303, 125713, -0.390825
0.1225, 1.33295, 111.798, 149993, 0.158154, 154.303, 125713, -0.385825
0.1275, 1.33292, 111.8, 149992, 0.158154, 154.303, 125713, -0.380825
0.1325, 1.33285, 111.801, 149992, 0.158154, 154.303, 125713, -0.375825
0.1375, 1.33267, 111.801, 149992, 0.158154, 154.303, 125713, -0.370825
0.1425, 1.33234, 111.801, 149993, 0.158154, 154.303, 125713, -0.365825
0.1475, 1.33192, 111.801, 149993, 0.158154, 154.303, 125713, -0.360825
0.1525, 1.33152, 111.8, 149993, 0.158154, 154.303, 125713, -0.355825
0.1575, 1.3312, 111.8, 149993, 0.158154, 154.303, 125713, -0.350825
0.1625, 1.33096, 111.799, 149994, 0.158154, 154.303, 125713, -0.345825
0.1675, 1.33081, 111.798, 149994, 0.158154, 154.303, 125713, -0.340825
0.1725, 1.33072, 111.797, 149995, 0.158154, 154.303, 125713, -0.335825
0.1775, 1.33069, 111.795, 149995, 0.158154, 154.303, 125713, -0.330825
0.1825, 1.33069, 111.793, 149996, 0.158154, 154.303, 125713, -0.325825
0.1875, 1.33072, 111.792, 149997, 0.158154, 154.303, 125713, -0.320825
0.1925, 1.33087, 111.79, 149998, 0.158154, 154.303, 125713, -0.315825
0.1975, 1.33121, 111.789, 149998, 0.158154, 154.303, 125713, -0.310825
0.2025, 1.33167, 111.79, 149998, 0.158154, 154.303, 125713, -0.305825
0.2075, 1.3321, 111.791, 149997, 0.158154, 154.303, 125713, -0.300825
0.2125, 1.33243, 111.792, 149997, 0.158154, 154.303, 125713, -0.295825
0.2175, 1.33267, 111.793, 149996, 0.158154, 154.303, 125713, -0.290825
0.2225, 1.33284, 111.795, 149995, 0.158154, 154.303, 125713, -0.285825
0.2275, 1.33294, 111.796, 149995, 0.158154, 154.303, 125713, -0.280825
0.2325, 1.333, 111.797, 149994, 0.158154, 154.303, 125713, -0.275825
0.2375, 1.33302, 111.798, 149994, 0.158154, 154.303, 125713, -0.270825
0.2425, 1.33303, 111.798, 149994, 0.158154, 154.303, 125713, -0.265825
0.2475, 1.33302, 111.799, 149994, 0.158154, 154.303, 125713, -0.260825
0.2525, 1.333, 111.798, 149994, 0.158154, 154.303, 125713, -0.255825
0.2575, 1.33298, 111.798, 149994, 0.158154, 154.303, 125713, -0.250825
0.2625, 1.33297, 111.798, 149994, 0.158154, 154.303, 125713, -0.245825
0.2675, 1.33297, 111.798, 149994, 0.158154, 154.303, 125713, -0.240825
0.2725, 1.33297, 111.798, 149994, 0.158154, 154.303, 125713, -0.235825
0.2775, 1.33301, 111.798, 149994, 0.158154, 154.303, 125713, -0.230825
0.2825, 1.33311, 111.797, 149995, 0.158154, 154.303, 125713, -0.225825
0.2875, 1.33322, 111.796, 149995, 0.158154, 154.303, 125713, -0.220825
0.2925, 1.33332, 111.795, 149996, 0.158154, 154.303, 125713, -0.215825
0.2975, 1.33338, 111.793, 149996, 0.158154, 154.303, 125713, -0.210825
0.3025, 1.33341, 111.792, 149996, 0.158154, 154.303, 125713, -0.205825
0.3075, 1.33342, 111.792, 149997, 0.158154, 154.303, 125713, -0.200825
0.3125, 1.33342, 111.792, 149997, 0.158154, 154.303, 125713, -0.195825
0.3175, 1.3334, 111.792, 149997, 0.158154, 154.303, 125713, -0.190825
0.3225, 1.33334, 111.793, 149997, 0.158154, 154.303, 125713, -0.185825
0.3275, 1.33324, 111.794, 149996, 0.158154, 154.303, 125713, -0.180825
0.3325, 1.33315, 111.795, 149995, 0.158154, 154.303, 125713, -0.175825
0.3375, 1.3331, 111.796, 149995, 0.158154, 154.303, 125713, -0.170825
0.3425, 1.33308, 111.797, 149995, 0.158154, 154.303, 125713, -0.165825
0.3475, 1.33307, 111.797, 149995, 0.158154, 154.303, 125713, -0.160825
0.3525, 1.33308, 111.797, 149995, 0.158154, 154.303, 125713, -0.155825
0.3575, 1.33312, 111.797, 149995, 0.158154, 154.303, 125713, -0.150825
0.3625, 1.33321, 111.797, 149995, 0.158154, 154.303, 125713, -0.145825
0.3675, 1.33333, 111.797, 149995, 0.158154, 154.303, 125713, -0.140825
0.3725, 1.33342, 111.797, 149995, 0.158154, 154.303, 125713, -0.135825
0.3775, 1.33347, 111.797, 149995, 0.158154, 154.303, 125713, -0.130825
0.3825, 1.3335, 111.797, 149995, 0.158154, 154.303, 125713, -0.125825
0.3875, 1.33351, 111.797, 149995, 0.158154, 154.303, 125713, -0.120825
0.3925, 1.3335, 111.796, 149995, 0.158154, 154.303, 125713, -0.115825
0.3975, 1.33346, 111.795, 149996, 0.158154, 154.303, 125713, -0.110825
0.4025, 1.33335, 111.792, 149997, 0.158154, 154.303, 125713, -0.105825
0.4075, 1.33322, 111.79, 149998, 0.158154, 154.303, 125713, -0.100825
0.4125, 1.33313, 111.789, 149999, 0.158154, 154.303, 125713, -0.0958252
0.4175, 1.33307, 111.788, 149999, 0.158154, 154.303, 125713, -0.0908252
0.4225, 1.33305, 111.788, 149999, 0.158154, 154.303, 125713, -0.0858252
0.4275, 1.33306, 111.788, 149999, 0.158154, 154.303, 125713, -0.0808252
0.4325, 1.33311, 111.789, 149999, 0.158154, 154.303, 125713, -0.0758252
0.4375, 1.33321, 111.792, 149997, 0.158154, 154.303, 125713, -0.0708252
0.4425, 1.33327, 111.804, 149990, 0.158154, 154.303, 125713, -0.0658252
0.4475, 1.33325, 111.832, 149976, 0.158154, 154.303, 125713, -0.0608253
0.4525, 1.3331, 111.902, 149939, 0.158154, 154.303, 125713, -0.0558254
0.4575, 1.33254, 112.088, 149841, 0.158154, 154.303, 125713, -0.0508259
0.4625, 1.33088, 112.593, 149573, 0.158154, 154.303, 125713, -0.0458272
0.4675, 1.32658, 113.88, 148895, 0.158154, 154.303, 125713, -0.0408306
0.4725, 1.31456, 117.473, 147003, 0.158154, 154.303, 125713, -0.0358398
0.4775, 1.29255, 124.116, 143541, 0.158154, 154.303, 125713, -0.0308587
0.4825, 1.26512, 132.704, 139311, 0.158154, 154.303, 125713, -0.0258851
0.4875, 1.23924, 141.408, 135474, 0.158154, 154.303, 125713, -0.0209123
0.4925, 1.21688, 148.721, 132230, 0.158154, 154.303, 125713, -0.0159351
0.4975, 1.19777, 153.328, 129371, 0.158154, 154.303, 125713, -0.0109496
0.5025, 1.18381, 154.694, 127217, 0.158154, 154.303, 125713, -0.00595434
0.5075, 1.17614, 154.385, 126052, 0.158154, 154.304, 125713, -0.000954118
0.5125, 1.17393, 154.243, 125727, 0.158146, 154.242, 125701, 0.00404658
0.5175, 1.17385, 154.303, 125713, 0.158026, 153.367, 125542, 0.00905344
0.5225, 1.17385, 154.303, 125713, 0.157693, 150.943, 125101, 0.0140617
0.5275, 1.17385, 154.303, 125713, 0.157303, 148.104, 124587, 0.0190722
0.5325, 1.17385, 154.303, 125713, 0.156808, 144.501, 123937, 0.0240847
0.5375, 1.17385, 154.303, 125713, 0.156237, 140.329, 123186, 0.0290979
0.5425, 1.17385, 154.303, 125713, 0.155659, 136.088, 122428, 0.0341107
0.5475, 1.17385, 154.303, 125713, 0.155078, 131.807, 121667, 0.0391267
0.5525, 1.17385, 154.303, 125713, 0.154269, 125.848, 120612, 0.0441552
0.5575, 1.17385, 154.303, 125713, 0.152805, 114.996, 118711, 0.0492026
0.5625, 1.17385, 154.303, 125713, 0.150544, 98.0869, 115797, 0.0542604
0.5675, 1.17385, 154.303, 125713, 0.148019, 78.9721, 112572, 0.0593148
0.5725, 1.17385, 154.303, 125713, 0.145746, 61.5497, 109696, 0.0643622
0.5775, 1.17385, 154.303, 125713, 0.143824, 46.6703, 107286, 0.0694011
0.5825, 1.17385, 154.303, 125713, 0.142288, 34.6835, 105375, 0.0744316
0.5875, 1.17385, 154.303, 125713, 0.141111, 25.4512, 103922, 0.0794546
0.5925, 1.17385, 154.303, 125713, 0.140235, 18.5377, 102845, 0.0844717
0.5975, 1.17385, 154.303, 125713, 0.139591, 13.4469, 102057, 0.0894842
0.6025, 1.17385, 154.303, 125713, 0.139123, 9.73384, 101486, 0.0944933
0.6075, 1.17385, 154.303, 125713, 0.138784, 7.03975, 101073, 0.0994999
0.6125, 1.17385, 154.303, 125713, 0.138539, 5.08998, 100775, 0.104505
0.6175, 1.17385, 154.303, 125713, 0.138362, 3.6804, 100560, 0.109508
0.6225, 1.17385, 154.303, 125713, 0.138234, 2.66161, 100405, 0.114511
0.6275, 1.17385, 154.303, 125713, 0.138141, 1.92517, 100292, 0.119512
0.6325, 1.17385, 154.303, 125713, 0.138075, 1.39269, 100212, 0.124514
0.6375, 1.17385, 154.303, 125713, 0.138026, 1.00754, 100153, 0.129515
0.6425, 1.17385, 154.303, 125713, 0.137991, 0.728884, 100111, 0.134515
0.6475, 1.17385, 154.303, 125713, 0.137966, 0.527228, 100080, 0.139516
0.6525, 1.17385, 154.303, 125713, 0.137948, 0.381274, 100058, 0.144516
0.6575, 1.17385, 154.303, 125713, 0.137935, 0.275629, 100042, 0.149516
0.6625, 1.17385, 154.303, 125713, 0.137925, 0.199163, 100030, 0.154517
0.6675, 1.17385, 154.303, 125713, 0.137918, 0.143822, 100022, 0.159517
0.6725, 1.17385, 154.303, 125713, 0.137913, 0.103778, 100016, 0.164517
0.6775, 1.17385, 154.303, 125713, 0.137909, 0.0748114, 100011, 0.169517
0.6825, 1.17385, 154.303, 125713, 0.137907, 0.0538647, 100008, 0.174517
0.6875, 1.17385, 154.303, 125713, 0.137905, 0.0387244, 100006, 0.179517
0.6925, 1.17385, 154.303, 125713, 0.137903, 0.0277871, 100004, 0.184517
0.6975, 1.17385, 154.303, 125713, 0.137902, 0.019891, 100003, 0.189517
0.7025, 1.17385, 154.303, 125713, 0.137902, 0.0141952, 100002, 0.194517
0.7075, 1.17385, 154.303, 125713, 0.137901, 0.0100905, 100002, 0.199517
0.7125, 1.17385, 154.303, 125713, 0.137901, 0.00713574, 100001, 0.204517
0.7175, 1.17385, 154.303, 125713, 0.137901, 0.0050114, 100001, 0.209517
0.7225, 1.17385, 154.303, 125713, 0.1379, 0.00348593, 100001, 0.214517
0.7275, 1.17385, 154.303, 125713, 0.1379, 0.00239149, 100000, 0.219517
0.7325, 1.17385, 154.303, 125713, 0.1379, 0.0016065, 100000, 0.224517
0.7375, 1.17385, 154.303, 125713, 0.1379, 0.00104301, 100000, 0.229517
0.7425, 1.17385, 154.303, 125713, 0.1379, 0.000637679, 100000, 0.234517
0.7475, 1.17385, 154.303, 125713, 0.1379, 0.000345093, 100000, 0.239517
0.7525, 1.17385, 154.303, 125713, 0.1379, 0.000132922, 100000, 0.244517
0.7575, 1.17385, 154.303, 125713, 0.1379, -2.1713e-05, 100000, 0.249517
0.7625, 1.17385, 154.303, 125713, 0.1379, -0.000134924, 100000, 0.254517
0.7675, 1.17385, 154.303, 125713, 0.1379, -0.000218036, 100000, 0.259517
0.7725, 1.17385, 154.303, 125713, 0.1379, -0.000279032, 100000, 0.264517
0.7775, 1.17385, 154.303, 125713, 0.1379, -0.000323604, 100000, 0.269517
0.7825, 1.17385, 154.303, 125713, 0.1379, -0.000355897, 99999.9, 0.274517
0.7875, 1.17385, 154.303, 125713, 0.1379, -0.000379015, 99999.9, 0.279517
0.7925, 1.17385, 154.303, 125713, 0.1379, -0.000395338, 99999.9, 0.284517
0.7975, 1.17385, 154.303, 125713, 0.1379, -0.000406709, 99999.9, 0.289517
0.8025, 1.17385, 154.303, 125713, 0.1379, -0.000414544, 99999.9, 0.294517
0.8075, 1.17385, 154.303, 125713, 0.1379, -0.000419898, 99999.9, 0.299517
0.8125, 1.17385, 154.303, 125713, 0.1379, -0.000423534, 99999.9, 0.304517
0.8175, 1.17385, 154.303, 125713, 0.1379, -0.000425985, 99999.9, 0.309517
0.8225, 1.17385, 154.303, 125713, 0.1379, -0.00042762, 99999.9, 0.314517
0.8275, 1.17385, 154.303, 125713, 0.1379, -0.000428689, 99999.9, 0.319517
0.8325, 1.17385, 154.303, 125713, 0.1379, -0.000429369, 99999.9, 0.324517
0.8375, 1.17385, 154.303, 125713, 0.1379, -0.000429785, 99999.9, 0.329517
0.8425, 1.17385, 154.303, 125713, 0.1379, -0.000430028, 99999.9, 0.334517
0.8475, 1.17385, 154.303, 125713, 0.1379, -0.000430159, 99999.9, 0.339517
0.8525, 1.17385, 154.303, 125713, 0.1379, -0.000430224, 99999.9, 0.344517
0.8575, 1.17385, 154.303, 125713, 0.1379, -0.000430252, 99999.9, 0.349517
0.8625, 1.17385, 154.303, 125713, 0.1379, -0.00043026, 99999.9, 0.354517
0.8675, 1.17385, 154.303, 125713, 0.1379, -0.000430259, 99999.9, 0.359517
0.8725, 1.17385, 154.303, 125713, 0.1379, -0.000430248, 99999.9, 0.364517
0.8775, 1.17385, 154.303, 125713, 0.1379, -0.000430228, 99999.9, 0.369517
0.8825, 1.17385, 154.303, 125713, 0.1379, -0.000430211, 99999.9, 0.374517
0.8875, 1.17385, 154.303, 125713, 0.1379, -0.000430198, 99999.9, 0.379517
0.8925, 1.17385, 154.303, 125713, 0.1379, -0.000430189, 99999.9, 0.384517
0.8975, 1.17385, 154.303, 125713, 0.1379, -0.000430181, 99999.9, 0.389517
0.9025, 1.17385, 154.303, 125713, 0.1379, -0.000430175, 99999.9, 0.394517
0.9075, 1.17385, 154.303, 125713, 0.1379, -0.000430171, 99999.9, 0.399517
0.9125, 1.17385, 154.303, 125713, 0.1379, -0.000430168, 99999.9, 0.404517
0.9175, 1.17385, 154.303, 125713, 0.1379, -0.000430165, 99999.9, 0.409517
0.9225, 1.17385, 154.303, 125713, 0.1379, -0.000430164, 99999.9, 0.414517
0.9275, 1.17385, 154.303, 125713, 0.1379, -0.000430163, 99999.9, 0.419517
0.9325, 1.17385, 154.303, 125713, 0.1379, -0.000430162, 99999.9, 0.424517
0.9375, 1.17385, 154.303, 125713, 0.1379, -0.000430161, 99999.9, 0.429517
0.9425, 1.17385, 154.303, 125713, 0.1379, -0.000430161, 99999.9, 0.434517
0.9475, 1.17385, 154.303, 125713, 0.1379, -0.000430161, 99999.9, 0.439517
0.9525, 1.17385, 154.303, 125713, 0.1379, -0.00043016, 99999.9, 0.444517
0.9575, 1.17385, 154.303, 125713, 0.1379, -0.00043016, 99999.9, 0.449517
0.9625, 1.17385, 154.303, 125713, 0.1379, -0.00043016, 99999.9, 0.454517
0.9675, 1.17385, 154.303, 125713, 0.1379, -0.00043016, 99999.9, 0.459517
0.9725, 1.17385, 154.303, 125713, 0.1379, -0.00043016, 99999.9, 0.464517
0.9775, 1.17385, 154.303, 125713, 0.1379, -0.00043016, 99999.9, 0.469517
0.9825, 1.17385, 154.303, 125713, 0.1379, -0.00043016, 99999.9, 0.474517
0.9875, 1.17385, 154.303, 125713, 0.1379, -0.00043016, 99999.9, 0.479517
0.9925, 1.17385, 154.303, 125713, 0.1379, -0.00043016, 99999.9, 0.484517
0.9975, 1.17385, 154.303, 125713, 0.1379, -0.00043016, 99999.9, 0.489517
