0.0025, 1.33293, 111.8, 149993, 0.15883, 159.225, 126612, -0.533548
0.0075, 1.33293, 111.8, 149993, 0.15883, 159.225, 126612, -0.528889
0.0125, 1.33293, 111.799, 149993, 0.15883, 159.225, 126612, -0.523889
0.0175, 1.33294, 111.798, 149994, 0.15883, 159.225, 126612, -0.518889
0.0225, 1.33294, 111.797, 149994, 0.15883, 159.225, 126612, -0.513888
0.0275, 1.33294, 111.795, 149995, 0.15883, 159.225, 126612, -0.508888
0.0325, 1.33295, 111.795, 149996, 0.15883, 159.225, 126612, -0.503888
0.0375, 1.33295, 111.794, 149996, 0.15883, 159.225, 126612, -0.498888
0.0425, 1.33295, 111.794, 149996, 0.15883, 159.225, 126612, -0.493888
0.0475, 1.33295, 111.794, 149996, 0.15883, 159.225, 126612, -0.488888
0.0525, 1.33295, 111.794, 149996, 0.15883, 159.225, 126612, -0.483888
0.0575, 1.33295, 111.794, 149996, 0.15883, 159.225, 126612, -0.478888
0.0625, 1.33294, 111.795, 149995, 0.15883, 159.225, 126612, -0.473888
0.0675, 1.33294, 111.797, 149994, 0.15883, 159.225, 126612, -0.468888
0.0725, 1.33293, 111.798, 149994, 0.15883, 159.225, 126612, -0.463889
0.0775, 1.33293, 111.799, 149993, 0.15883, 159.225, 126612, -0.458889
0.0825, 1.33293, 111.8, 149993, 0.15883, 159.225, 126612, -0.453889
0.0875, 1.33293, 111.8, 149993, 0.15883, 159.225, 126612, -0.448889
0.0925, 1.33294, 111.8, 149993, 0.15883, 159.225, 126612, -0.443889
0.0975, 1.33294, 111.8, 149993, 0.15883, 159.225, 126612, -0.438889
0.1025, 1.33294, 111.8, 149993, 0.15883, 159.225, 126612, -0.433889
0.1075, 1.33295, 111.8, 149993, 0.15883, 159.225, 126612, -0.428889
0.1125, 1.33296, 111.799, 149993, 0.15883, 159.225, 126612, -0.423889
0.1175, 1.33297, 111.798, 149994, 0.15883, 159.225, 126612, -0.418889
0.1225, 1.33297, 111.796, 149995, 0.15883, 159.225, 126612, -0.413888
0.1275, 1.33297, 111.795, 149996, 0.15883, 159.225, 126612, -0.408888
0.1325, 1.33297, 111.793, 149997, 0.15883, 159.225, 126612, -0.403888
0.1375, 1.33297, 111.792, 149997, 0.15883, 159.225, 126612, -0.398888
0.1425, 1.33296, 111.791, 149998, 0.15883, 159.225, 126612, -0.393888
0.1475, 1.33293, 111.791, 149998, 0.15883, 159.225, 126612, -0.388888
0.1525, 1.33281, 111.791, 149998, 0.15883, 159.225, 126612, -0.383888
0.1575, 1.33255, 111.792, 149997, 0.15883, 159.225, 126612, -0.378888
0.1625, 1.33219, 111.793, 149997, 0.15883, 159.225, 126612, -0.373888
0.1675, 1.33181, 111.794, 149996, 0.15883, 159.225, 126612, -0.368888
0.1725, 1.33148, 111.795, 149995, 0.15883, 159.225, 126612, -0.363888
0.1775, 1.33123, 111.796, 149995, 0.15883, 159.225, 126612, -0.358888
0.1825, 1.33104, 111.797, 149994, 0.15883, 159.225, 126612, -0.353888
0.1875, 1.33093, 111.797, 149994, 0.15883, 159.225, 126612, -0.348888
0.1925, 1.33087, 111.798, 149994, 0.15883, 159.225, 126612, -0.343888
0.1975, 1.33085, 111.798, 149994, 0.15883, 159.225, 126612, -0.338888
0.2025, 1.33085, 111.798, 149994, 0.15883, 159.225, 126612, -0.333889
0.2075, 1.33087, 111.798, 149994, 0.15883, 159.225, 126612, -0.328889
0.2125, 1.331, 111.798, 149994, 0.15883, 159.225, 126612, -0.323889
0.2175, 1.33131, 111.798, 149994, 0.15883, 159.225, 126612, -0.318889
0.2225, 1.3317, 111.797, 149994, 0.15883, 159.225, 126612, -0.313888
0.2275, 1.33207, 111.797, 149994, 0.15883, 159.225, 126612, -0.308888
0.2325, 1.33236, 111.796, 149995, 0.15883, 159.225, 126612, -0.303888
0.2375, 1.33259, 111.795, 149995, 0.15883, 159.225, 126612, -0.298888
0.2425, 1.33275, 111.795, 149996, 0.15883, 159.225, 126612, -0.293888
0.2475, 1.33286, 111.794, 149996, 0.15883, 159.225, 126612, -0.288888
0.2525, 1.33293, 111.793, 149997, 0.15883, 159.225, 126612, -0.283888
0.2575, 1.33297, 111.793, 149997, 0.15883, 159.225, 126612, -0.278888
0.2625, 1.33299, 111.793, 149997, 0.15883, 159.225, 126612, -0.273888
0.2675, 1.333, 111.793, 149997, 0.15883, 159.225, 126612, -0.268888
0.2725, 1.333, 111.793, 149996, 0.15883, 159.225, 126612, -0.263888
0.2775, 1.333, 111.794, 149996, 0.15883, 159.225, 126612, -0.258888
0.2825, 1.333, 111.795, 149995, 0.15883, 159.225, 126612, -0.253888
0.2875, 1.33301, 111.795, 149995, 0.15883, 159.225, 126612, -0.248888
0.2925, 1.33302, 111.796, 149994, 0.15883, 159.225, 126612, -0.243888
0.2975, 1.33307, 111.796, 149994, 0.15883, 159.225, 126612, -0.238888
0.3025, 1.33315, 111.796, 149995, 0.15883, 159.225, 126612, -0.233888
0.3075, 1.33323, 111.797, 149995, 0.15883, 159.225, 126612, -0.228888
0.3125, 1.33328, 111.797, 149995, 0.15883, 159.225, 126612, -0.223888
0.3175, 1.33332, 111.797, 149995, 0.15883, 159.225, 126612, -0.218888
0.3225, 1.33334, 111.797, 149995, 0.15883, 159.225, 126612, -0.213888
0.3275, 1.33335, 111.797, 149995, 0.15883, 159.225, 126612, -0.208888
0.3325, 1.33334, 111.797, 149995, 0.15883, 159.225, 126612, -0.203888
0.3375, 1.33333, 111.796, 149995, 0.15883, 159.225, 126612, -0.198888
0.3425, 1.33328, 111.795, 149996, 0.15883, 159.225, 126612, -0.193888
0.3475, 1.33323, 111.794, 149996, 0.15883, 159.225, 126612, -0.188888
0.3525, 1.33319, 111.792, 149997, 0.15883, 159.225, 126612, -0.183888
0.3575, 1.33317, 111.791, 149998, 0.15883, 159.225, 126612, -0.178888
0.3625, 1.33316, 111.789, 149999, 0.15883, 159.225, 126612, -0.173888
0.3675, 1.33316, 111.788, 149999, 0.15883, 159.225, 126612, -0.168888
0.3725, 1.33318, 111.788, 149999, 0.15883, 159.225, 126612, -0.163888
0.3775, 1.33322, 111.788, 149999, 0.15883, 159.225, 126612, -0.158888
0.3825, 1.33327, 111.792, 149997, 0.15883, 159.225, 126612, -0.153888
0.3875, 1.33328, 111.802, 149991, 0.15883, 159.225, 126612, -0.148889
0.3925, 1.33325, 111.824, 149980, 0.15883, 159.225, 126612, -0.143889
0.3975, 1.33312, 111.875, 149953, 0.15883, 159.225, 126612, -0.138889
0.4025, 1.33274, 111.999, 149887, 0.15883, 159.225, 126612, -0.133889
0.4075, 1.33174, 112.304, 149726, 0.15883, 159.225, 126612, -0.12889
0.4125, 1.32936, 113.017, 149350, 0.15883, 159.225, 126612, -0.123892
0.4175, 1.32329, 114.832, 148396, 0.15883, 159.225, 126612, -0.118896
0.4225, 1.31193, 118.234, 146621, 0.15883, 159.225, 126612, -0.113906
0.4275, 1.29562, 123.145, 144090, 0.15883, 159.225, 126612, -0.10892
0.4325, 1.27622, 129.065, 141091, 0.15883, 159.225, 126612, -0.103938
0.4375, 1.2567, 135.092, 138095, 0.15883, 159.225, 126612, -0.0989566
0.4425, 1.23903, 140.595, 135404, 0.15883, 159.225, 126612, -0.0939737
0.4475, 1.22388, 145.371, 133106, 0.15883, 159.225, 126612, -0.0889887
0.4525, 1.21146, 149.335, 131224, 0.15883, 159.225, 126612, -0.0840012
0.4575, 1.20177, 152.47, 129752, 0.15883, 159.225, 126612, -0.0790112
0.4625, 1.19461, 154.83, 128652, 0.15883, 159.225, 126612, -0.0740187
0.4675, 1.18962, 156.517, 127872, 0.15883, 159.225, 126612, -0.0690241
0.4725, 1.18634, 157.662, 127345, 0.15883, 159.225, 126612, -0.0640278
0.4775, 1.18429, 158.397, 127008, 0.15883, 159.225, 126612, -0.0590302
0.4825, 1.18303, 158.838, 126805, 0.15883, 159.225, 126612, -0.0540316
0.4875, 1.1822, 159.08, 126691, 0.15883, 159.225, 126612, -0.0490324
0.4925, 1.18159, 159.199, 126630, 0.15883, 159.225, 126612, -0.0440328
0.4975, 1.18112, 159.252, 126604, 0.15883, 159.225, 126612, -0.039033
0.5025, 1.18082, 159.269, 126600, 0.15883, 159.225, 126612, -0.0340331
0.5075, 1.18062, 159.262, 126606, 0.15883, 159.225, 126612, -0.029033
0.5125, 1.18048, 159.251, 126617, 0.15883, 159.225, 126612, -0.024033
0.5175, 1.18037, 159.245, 126626, 0.15883, 159.225, 126612, -0.019033
0.5225, 1.18026, 159.238, 126630, 0.15883, 159.225, 126612, -0.014033
0.5275, 1.18016, 159.231, 126626, 0.15883, 159.225, 126612, -0.00903292
0.5325, 1.18008, 159.224, 126617, 0.15883, 159.224, 126612, -0.00403289
0.5375, 1.18005, 159.224, 126612, 0.15883, 159.223, 126611, 0.000967115
0.5425, 1.18005, 159.225, 126612, 0.158829, 159.213, 126609, 0.00596715
0.5475, 1.18005, 159.225, 126612, 0.158827, 159.203, 126608, 0.0109672
0.5525, 1.18005, 159.225, 126612, 0.158824, 159.194, 126606, 0.0159672
0.5575, 1.18005, 159.225, 126612, 0.158822, 159.187, 126605, 0.0209672
0.5625, 1.18005, 159.225, 126612, 0.15882, 159.181, 126604, 0.0259672
0.5675, 1.18005, 159.225, 126612, 0.158818, 159.175, 126602, 0.0309673
0.5725, 1.18005, 159.225, 126612, 0.158817, 159.168, 126601, 0.0359673
0.5775, 1.18005, 159.225, 126612, 0.158816, 159.165, 126601, 0.0409673
0.5825, 1.18005, 159.225, 126612, 0.158815, 159.164, 126600, 0.0459673
0.5875, 1.18005, 159.225, 126612, 0.158816, 159.164, 126600, 0.0509673
0.5925, 1.18005, 159.225, 126612, 0.158816, 159.168, 126601, 0.0559672
0.5975, 1.18005, 159.225, 126612, 0.158817, 159.177, 126603, 0.0609672
0.6025, 1.18005, 159.225, 126612, 0.15882, 159.193, 126606, 0.0659671
0.6075, 1.18005, 159.225, 126612, 0.158823, 159.223, 126611, 0.070967
0.6125, 1.18005, 159.225, 126612, 0.158829, 159.261, 126618, 0.0759669
0.6175, 1.18005, 159.225, 126612, 0.158833, 159.299, 126625, 0.0809668
0.6225, 1.18005, 159.225, 126612, 0.158838, 159.333, 126631, 0.0859667
0.6275, 1.18005, 159.225, 126612, 0.158842, 159.367, 126638, 0.0909666
0.6325, 1.18005, 159.225, 126612, 0.158847, 159.406, 126645, 0.0959664
0.6375, 1.18005, 159.225, 126612, 0.158854, 159.454, 126653, 0.100966
0.6425, 1.18005, 159.225, 126612, 0.158861, 159.508, 126663, 0.105966
0.6475, 1.18005, 159.225, 126612, 0.158868, 159.559, 126673, 0.110966
0.6525, 1.18005, 159.225, 126612, 0.158873, 159.6, 126680, 0.115966
0.6575, 1.18005, 159.225, 126612, 0.158877, 159.628, 126685, 0.120966
0.6625, 1.18005, 159.225, 126612, 0.158879, 159.645, 126689, 0.125966
0.6675, 1.18005, 159.225, 126612, 0.158879, 159.653, 126690, 0.130966
0.6725, 1.18005, 159.225, 126612, 0.158879, 159.654, 126690, 0.135966
0.6775, 1.18005, 159.225, 126612, 0.158877, 159.648, 126689, 0.140966
0.6825, 1.18005, 159.225, 126612, 0.158873, 159.615, 126683, 0.145966
0.6875, 1.18005, 159.225, 126612, 0.158861, 159.535, 126668, 0.150966
0.6925, 1.18005, 159.225, 126612, 0.158847, 159.44, 126651, 0.155967
0.6975, 1.18005, 159.225, 126612, 0.158833, 159.337, 126632, 0.160967
0.7025, 1.18005, 159.225, 126612, 0.158815, 159.203, 126607, 0.165968
0.7075, 1.18005, 159.225, 126612, 0.158786, 158.992, 126569, 0.170969
0.7125, 1.18005, 159.225, 126612, 0.158739, 158.656, 126507, 0.17597
0.7175, 1.18005, 159.225, 126612, 0.158672, 158.174, 126419, 0.180972
0.7225, 1.18005, 159.225, 126612, 0.15859, 157.578, 126310, 0.185974
0.7275, 1.18005, 159.225, 126612, 0.158502, 156.939, 126193, 0.190976
0.7325, 1.18005, 159.225, 126612, 0.158413, 156.3, 126076, 0.195978
0.7375, 1.18005, 159.225, 126612, 0.158313, 155.576, 125944, 0.200981
0.7425, 1.18005, 159.225, 126612, 0.15817, 154.536, 125754, 0.205985
0.7475, 1.18005, 159.225, 126612, 0.15795, 152.93, 125462, 0.210991
0.7525, 1.18005, 159.225, 126612, 0.157652, 150.762, 125068, 0.215999
0.7575, 1.18005, 159.225, 126612, 0.157314, 148.305, 124623, 0.221007
0.7625, 1.18005, 159.225, 126612, 0.156914, 145.375, 124094, 0.22602
0.7675, 1.18005, 159.225, 126612, 0.156206, 140.195, 123162, 0.231051
0.7725, 1.18005, 159.225, 126612, 0.154391, 127.015, 120817, 0.236132
0.7775, 1.18005, 159.225, 126612, 0.150163, 95.4549, 115348, 0.241241
0.7825, 1.18005, 159.225, 126612, 0.145627, 60.7512, 109565, 0.246323
0.7875, 1.18005, 159.225, 126612, 0.142551, 36.7819, 105708, 0.251373
0.7925, 1.18005, 159.225, 126612, 0.140743, 22.5615, 103471, 0.256402
0.7975, 1.18005, 159.225, 126612, 0.139707, 14.3702, 102200, 0.261419
0.8025, 1.18005, 159.225, 126612, 0.139093, 9.49894, 101450, 0.26643
0.8075, 1.18005, 159.225, 126612, 0.138711, 6.45874, 100984, 0.271437
0.8125, 1.18005, 159.225, 126612, 0.138462, 4.47826, 100681, 0.276441
0.8175, 1.18005, 159.225, 126612, 0.138295, 3.1463, 100478, 0.281444
0.8225, 1.18005, 159.225, 126612, 0.13818, 2.2303, 100339, 0.286447
0.8275, 1.18005, 159.225, 126612, 0.138099, 1.59064, 100242, 0.291448
0.8325, 1.18005, 159.225, 126612, 0.138043, 1.1392, 100173, 0.296449
0.8375, 1.18005, 159.225, 126612, 0.138003, 0.818234, 100124, 0.30145
0.8425, 1.18005, 159.225, 126612, 0.137974, 0.588842, 100089, 0.30645
0.8475, 1.18005, 159.225, 126612, 0.137953, 0.424296, 100064, 0.311451
0.8525, 1.18005, 159.225, 126612, 0.137938, 0.30596, 100046, 0.316451
0.8575, 1.18005, 159.225, 126612, 0.137928, 0.220703, 100033, 0.321451
0.8625, 1.18005, 159.225, 126612, 0.13792, 0.159205, 100024, 0.326452
0.8675, 1.18005, 159.225, 126612, 0.137914, 0.114809, 100017, 0.331452
0.8725, 1.18005, 159.225, 126612, 0.13791, 0.0827453, 100013, 0.336452
0.8775, 1.18005, 159.225, 126612, 0.137907, 0.0595839, 100009, 0.341452
0.8825, 1.18005, 159.225, 126612, 0.137905, 0.042854, 100007, 0.346452
0.8875, 1.18005, 159.225, 126612, 0.137904, 0.0307725, 100005, 0.351452
0.8925, 1.18005, 159.225, 126612, 0.137903, 0.0220518, 100003, 0.356452
0.8975, 1.18005, 159.225, 126612, 0.137902, 0.0157608, 100002, 0.361452
0.9025, 1.18005, 159.225, 126612, 0.137901, 0.0112259, 100002, 0.366452
0.9075, 1.18005, 159.225, 126612, 0.137901, 0.00795986, 100001, 0.371452
0.9125, 1.18005, 159.225, 126612, 0.137901, 0.00560966, 100001, 0.376452
0.9175, 1.18005, 159.225, 126612, 0.1379, 0.00391979, 100001, 0.381452
0.9225, 1.18005, 159.225, 126612, 0.1379, 0.00270529, 100000, 0.386452
0.9275, 1.18005, 159.225, 126612, 0.1379, 0.00183241, 100000, 0.391452
0.9325, 1.18005, 159.225, 126612, 0.1379, 0.00120461, 100000, 0.396452
0.9375, 1.18005, 159.225, 126612, 0.1379, 0.000752387, 100000, 0.401452
0.9425, 1.18005, 159.225, 126612, 0.1379, 0.000425894, 100000, 0.406452
0.9475, 1.18005, 159.225, 126612, 0.1379, 0.000189504, 100000, 0.411452
0.9525, 1.18005, 159.225, 126612, 0.1379, 1.78506e-05, 100000, 0.416452
0.9575, 1.18005, 159.225, 126612, 0.1379, -0.000107094, 100000, 0.421452
0.9625, 1.18005, 159.225, 126612, 0.1379, -0.000198148, 100000, 0.426452
0.9675, 1.18005, 159.225, 126612, 0.1379, -0.000264468, 100000, 0.431452
0.9725, 1.18005, 159.225, 126612, 0.1379, -0.000312646, 100000, 0.436452
0.9775, 1.18005, 159.225, 126612, 0.1379, -0.000347482, 99999.9, 0.441452
0.9825, 1.18005, 159.225, 126612, 0.1379, -0.000372505, 99999.9, 0.446452
0.9875, 1.18005, 159.225, 126612, 0.1379, -0.000390321, 99999.9, 0.451452
0.9925, 1.18005, 159.225, 126612, 0.1379, -0.000403057, 99999.9, 0.456452
0.9975, 1.18005, 159.225, 126612, 0.1379, -0.000412417, 99999.9, 0.461452
