0.0025, 1.33281, 111.838, 149973, 0.1379, -0.00023851, 99999.9, -0.4975
0.0075, 1.33283, 111.832, 149976, 0.1379, -0.00023851, 99999.9, -0.492906
0.0125, 1.33285, 111.826, 149979, 0.1379, -0.00023851, 99999.9, -0.487906
0.0175, 1.33286, 111.823, 149981, 0.1379, -0.00023851, 99999.9, -0.482906
0.0225, 1.33287, 111.821, 149982, 0.1379, -0.00023851, 99999.9, -0.477906
0.0275, 1.33289, 111.82, 149982, 0.1379, -0.00023851, 99999.9, -0.472906
0.0325, 1.3329, 111.82, 149982, 0.1379, -0.00023851, 99999.9, -0.467906
0.0375, 1.3329, 111.82, 149982, 0.1379, -0.00023851, 99999.9, -0.462906
0.0425, 1.33291, 111.82, 149982, 0.1379, -0.00023851, 99999.9, -0.457906
0.0475, 1.33291, 111.82, 149982, 0.1379, -0.00023851, 99999.9, -0.452906
0.0525, 1.33291, 111.819, 149983, 0.1379, -0.00023851, 99999.9, -0.447906
0.0575, 1.33291, 111.817, 149984, 0.1379, -0.00023851, 99999.9, -0.442906
0.0625, 1.33291, 111.814, 149986, 0.1379, -0.00023851, 99999.9, -0.437906
0.0675, 1.3329, 111.81, 149988, 0.1379, -0.00023851, 99999.9, -0.432906
0.0725, 1.33285, 111.807, 149990, 0.1379, -0.00023851, 99999.9, -0.427906
0.0775, 1.33268, 111.804, 149992, 0.1379, -0.00023851, 99999.9, -0.422906
0.0825, 1.33224, 111.801, 149992, 0.1379, -0.00023851, 99999.9, -0.417906
0.0875, 1.33154, 111.802, 149991, 0.1379, -0.00023851, 99999.9, -0.412906
0.0925, 1.33081, 111.803, 149991, 0.1379, -0.00023851, 99999.9, -0.407906
0.0975, 1.33026, 111.805, 149990, 0.1379, -0.00023851, 99999.9, -0.402906
0.1025, 1.32991, 111.807, 149989, 0.1379, -0.00023851, 99999.9, -0.397906
0.1075, 1.32974, 111.809, 149988, 0.1379, -0.00023851, 99999.9, -0.392906
0.1125, 1.32969, 111.81, 149988, 0.1379, -0.00023851, 99999.9, -0.387906
0.1175, 1.32972, 111.81, 149988, 0.1379, -0.00023851, 99999.9, -0.382906
0.1225, 1.32996, 111.809, 149988, 0.1379, -0.00023851, 99999.9, -0.377906
0.1275, 1.3306, 111.807, 149989, 0.1379, -0.00023851, 99999.9, -0.372906
0.1325, 1.33147, 111.806, 149991, 0.1379, -0.00023851, 99999.9, -0.367906
0.1375, 1.33222, 111.805, 149991, 0.1379, -0.00023851, 99999.9, -0.362906
0.1425, 1.33277, 111.805, 149991, 0.1379, -0.00023851, 99999.9, -0.357906
0.1475, 1.33313, 111.805, 149990, 0.1379, -0.00023851, 99999.9, -0.352906
0.1525, 1.33335, 111.805, 149990, 0.1379, -0.00023851, 99999.9, -0.347906
0.1575, 1.33347, 111.804, 149990, 0.1379, -0.00023851, 99999.9, -0.342906
0.1625, 1.33352, 111.802, 149990, 0.1379, -0.00023851, 99999.9, -0.337906
0.1675, 1.33354, 111.8, 149991, 0.1379, -0.00023851, 99999.9, -0.332906
0.1725, 1.33353, 111.797, 149994, 0.1379, -0.00023851, 99999.9, -0.327906
0.1775, 1.33343, 111.793, 149996, 0.1379, -0.00023851, 99999.9, -0.322906
0.1825, 1.33316, 111.791, 149998, 0.1379, -0.00023851, 99999.9, -0.317906
0.1875, 1.33279, 111.792, 149999, 0.1379, -0.00023851, 99999.9, -0.312906
0.1925, 1.33252, 111.795, 150000, 0.1379, -0.00023851, 99999.9, -0.307906
0.1975, 1.33239, 111.799, 150000, 0.1379, -0.00023851, 99999.9, -0.302906
0.2025, 1.33237, 111.803, 149998, 0.1379, -0.00023851, 99999.9, -0.297906
0.2075, 1.3325, 111.801, 149994, 0.1379, -0.00023851, 99999.9, -0.292906
0.2125, 1.33273, 111.783, 149977, 0.1379, -0.00023851, 99999.9, -0.287906
0.2175, 1.3329, 111.706, 149933, 0.1379, -0.00023851, 99999.9, -0.282906
0.2225, 1.33251, 111.403, 149781, 0.1379, -0.00023851, 99999.9, -0.277904
0.2275, 1.32942, 110.391, 149251, 0.1379, -0.00023851, 99999.9, -0.272899
0.2325, 1.31436, 106.032, 146968, 0.1379, -0.00023851, 99999.9, -0.267874
0.2375, 1.26368, 90.9741, 139264, 0.1379, -0.00023851, 99999.9, -0.262801
0.2425, 1.17624, 63.0063, 125957, 0.1379, -0.00023851, 99999.9, -0.257694
0.2475, 1.09877, 36.2921, 114332, 0.1379, -0.00023851, 99999.9, -0.252607
0.2525, 1.05016, 18.6596, 107174, 0.1379, -0.00023851, 99999.9, -0.247554
0.2575, 1.02382, 8.90028, 103373, 0.1379, -0.00023851, 99999.9, -0.242525
0.2625, 1.01085, 4.06025, 101528, 0.1379, -0.00023851, 99999.9, -0.237511
0.2675, 1.00482, 1.8022, 100676, 0.1379, -0.00023851, 99999.9, -0.232505
0.2725, 1.0021, 0.784518, 100294, 0.1379, -0.00023851, 99999.9, -0.227502
0.2775, 1.0009, 0.33589, 100126, 0.1379, -0.00023851, 99999.9, -0.222501
0.2825, 1.00038, 0.141506, 100053, 0.1379, -0.00023851, 99999.9, -0.2175
0.2875, 1.00016, 0.0586235, 100022, 0.1379, -0.00023851, 99999.9, -0.2125
0.2925, 1.00006, 0.0238587, 100009, 0.1379, -0.00023851, 99999.9, -0.2075
0.2975, 1.00003, 0.0095283, 100004, 0.1379, -0.00023851, 99999.9, -0.2025
0.3025, 1.00001, 0.00372999, 100001, 0.1379, -0.00023851, 99999.9, -0.1975
0.3075, 1, 0.0014299, 100001, 0.1379, -0.00023851, 99999.9, -0.1925
0.3125, 1, 0.000536499, 100000, 0.1379, -0.00023851, 99999.9, -0.1875
0.3175, 1, 0.000197341, 100000, 0.1379, -0.00023851, 99999.9, -0.1825
0.3225, 1, 7.20042e-05, 100000, 0.1379, -0.00023851, 99999.9, -0.1775
0.3275, 1, 2.73295e-05, 100000, 0.1379, -0.00023851, 99999.9, -0.1725
0.3325, 1, 1.2278e-05, 100000, 0.1379, -0.00023851, 99999.9, -0.1675
0.3375, 1, 7.61332e-06, 100000, 0.1379, -0.00023851, 99999.9, -0.1625
0.3425, 1, 6.36468e-06, 100000, 0.1379, -0.00023851, 99999.9, -0.1575
0.3475, 1, 6.19401e-06, 100000, 0.1379, -0.00023851, 99999.9, -0.1525
0.3525, 1, 6.41955e-06, 100000, 0.1379, -0.00023851, 99999.9, -0.1475
0.3575, 1, 6.68979e-06, 100000, 0.1379, -0.00023851, 99999.9, -0.1425
0.3625, 1, 6.84206e-06, 100000, 0.1379, -0.00023851, 99999.9, -0.1375
0.3675, 1, 6.92179e-06, 100000, 0.1379, -0.00023851, 99999.9, -0.1325
0.3725, 1, 6.95519e-06, 100000, 0.1379, -0.00023851, 99999.9, -0.1275
0.3775, 1, 6.96361e-06, 100000, 0.1379, -0.00023851, 99999.9, -0.1225
0.3825, 1, 6.95988e-06, 100000, 0.1379, -0.00023851, 99999.9, -0.1175
0.3875, 1, 6.93474e-06, 100000, 0.1379, -0.00023851, 99999.9, -0.1125
0.3925, 1, 6.89651e-06, 100000, 0.1379, -0.00023851, 99999.9, -0.1075
0.3975, 1, 6.86585e-06, 100000, 0.1379, -0.00023851, 99999.9, -0.1025
0.4025, 1, 6.84703e-06, 100000, 0.1379, -0.00023851, 99999.9, -0.0975
0.4075, 1, 6.83678e-06, 100000, 0.1379, -0.00023851, 99999.9, -0.0925
0.4125, 1, 6.83215e-06, 100000, 0.1379, -0.00023851, 99999.9, -0.0875
0.4175, 1, 6.83074e-06, 100000, 0.1379, -0.00023851, 99999.9, -0.0825
0.4225, 1, 6.83079e-06, 100000, 0.1379, -0.00023851, 99999.9, -0.0775
0.4275, 1, 6.83266e-06, 100000, 0.1379, -0.00023851, 99999.9, -0.0725
0.4325, 1, 6.83692e-06, 100000, 0.1379, -0.00023851, 99999.9, -0.0675
0.4375, 1, 6.84115e-06, 100000, 0.1379, -0.00023851, 99999.9, -0.0625
0.4425, 1, 6.84374e-06, 100000, 0.1379, -0.00023851, 99999.9, -0.0575
0.4475, 1, 6.84492e-06, 100000, 0.1379, -0.00023851, 99999.9, -0.0525
0.4525, 1, 6.84521e-06, 100000, 0.1379, -0.00023851, 99999.9, -0.0475
0.4575, 1, 6.84508e-06, 100000, 0.1379, -0.00023851, 99999.9, -0.0425
0.4625, 1, 6.84428e-06, 100000, 0.1379, -0.00023851, 99999.9, -0.0375
0.4675, 1, 6.84311e-06, 100000, 0.1379, -0.00023851, 99999.9, -0.0325
0.4725, 1, 6.84173e-06, 100000, 0.1379, -0.00023851, 99999.9, -0.0275
0.4775, 1, 6.83801e-06, 100000, 0.1379, -0.00023851, 99999.9, -0.0225
0.4825, 1, 6.8133e-06, 100000, 0.1379, -0.00023851, 99999.9, -0.0175
0.4875, 1, 6.54139e-06, 100000, 0.1379, -0.00023851, 99999.9, -0.0125
0.4925, 1, 3.67463e-06, 100000, 0.1379, -0.00023851, 99999.9, -0.00749998
0.4975, 1, -4.90122e-05, 100000, 0.1379, -0.00039183, 99999.9, -0.00249998
0.5025, 1, -0.000171773, 99999.9, 0.1379, -0.000428008, 99999.9, 0.00250002
0.5075, 0.999999, -0.000238511, 99999.9, 0.1379, -0.000430157, 99999.9, 0.00750002
0.5125, 0.999999, -0.00023851, 99999.9, 0.1379, -0.000430159, 99999.9, 0.0125
0.5175, 0.999999, -0.00023851, 99999.9, 0.1379, -0.000430159, 99999.9, 0.0175
0.5225, 0.999999, -0.00023851, 99999.9, 0.1379, -0.000430159, 99999.9, 0.0225
0.5275, 0.999999, -0.00023851, 99999.9, 0.1379, -0.000430159, 99999.9, 0.0275
0.5325, 0.999999, -0.00023851, 99999.9, 0.1379, -0.00043016, 99999.9, 0.0325
0.5375, 0.999999, -0.00023851, 99999.9, 0.1379, -0.00043016, 99999.9, 0.0375
0.5425, 0.999999, -0.00023851, 99999.9, 0.1379, -0.00043016, 99999.9, 0.0425
0.5475, 0.999999, -0.00023851, 99999.9, 0.1379, -0.00043016, 99999.9, 0.0475
0.5525, 0.999999, -0.00023851, 99999.9, 0.1379, -0.00043016, 99999.9, 0.0525
0.5575, 0.999999, -0.00023851, 99999.9, 0.1379, -0.00043016, 99999.9, 0.0575
0.5625, 0.999999, -0.00023851, 99999.9, 0.1379, -0.000430161, 99999.9, 0.0625
0.5675, 0.999999, -0.00023851, 99999.9, 0.1379, -0.000430161, 99999.9, 0.0675
0.5725, 0.999999, -0.00023851, 99999.9, 0.1379, -0.000430161, 99999.9, 0.0725
0.5775, 0.999999, -0.00023851, 99999.9, 0.1379, -0.000430162, 99999.9, 0.0775
0.5825, 0.999999, -0.00023851, 99999.9, 0.1379, -0.000430162, 99999.9, 0.0825
0.5875, 0.999999, -0.00023851, 99999.9, 0.1379, -0.000430162, 99999.9, 0.0875
0.5925, 0.999999, -0.00023851, 99999.9, 0.1379, -0.000430162, 99999.9, 0.0925
0.5975, 0.999999, -0.00023851, 99999.9, 0.1379, -0.000430162, 99999.9, 0.0975
0.6025, 0.999999, -0.00023851, 99999.9, 0.1379, -0.000430162, 99999.9, 0.1025
0.6075, 0.999999, -0.00023851, 99999.9, 0.1379, -0.000430162, 99999.9, 0.1075
0.6125, 0.999999, -0.00023851, 99999.9, 0.1379, -0.000430162, 99999.9, 0.1125
0.6175, 0.999999, -0.00023851, 99999.9, 0.1379, -0.000430161, 99999.9, 0.1175
0.6225, 0.999999, -0.00023851, 99999.9, 0.1379, -0.00043016, 99999.9, 0.1225
0.6275, 0.999999, -0.00023851, 99999.9, 0.1379, -0.000430159, 99999.9, 0.1275
0.6325, 0.999999, -0.00023851, 99999.9, 0.1379, -0.000430158, 99999.9, 0.1325
0.6375, 0.999999, -0.00023851, 99999.9, 0.1379, -0.000430157, 99999.9, 0.1375
0.6425, 0.999999, -0.00023851, 99999.9, 0.1379, -0.000430155, 99999.9, 0.1425
0.6475, 0.999999, -0.00023851, 99999.9, 0.1379, -0.000430154, 99999.9, 0.1475
0.6525, 0.999999, -0.00023851, 99999.9, 0.1379, -0.000430153, 99999.9, 0.1525
0.6575, 0.999999, -0.00023851, 99999.9, 0.1379, -0.000430151, 99999.9, 0.1575
0.6625, 0.999999, -0.00023851, 99999.9, 0.1379, -0.00043015, 99999.9, 0.1625
0.6675, 0.999999, -0.00023851, 99999.9, 0.1379, -0.000430149, 99999.9, 0.1675
0.6725, 0.999999, -0.00023851, 99999.9, 0.1379, -0.000430149, 99999.9, 0.1725
0.6775, 0.999999, -0.00023851, 99999.9, 0.1379, -0.000430148, 99999.9, 0.1775
0.6825, 0.999999, -0.00023851, 99999.9, 0.1379, -0.000430148, 99999.9, 0.1825
0.6875, 0.999999, -0.00023851, 99999.9, 0.1379, -0.000430148, 99999.9, 0.1875
0.6925, 0.999999, -0.00023851, 99999.9, 0.1379, -0.000430148, 99999.9, 0.1925
0.6975, 0.999999, -0.00023851, 99999.9, 0.1379, -0.000430148, 99999.9, 0.1975
0.7025, 0.999999, -0.00023851, 99999.9, 0.1379, -0.000430149, 99999.9, 0.2025
0.7075, 0.999999, -0.00023851, 99999.9, 0.1379, -0.00043015, 99999.9, 0.2075
0.7125, 0.999999, -0.00023851, 99999.9, 0.1379, -0.000430151, 99999.9, 0.2125
0.7175, 0.999999, -0.00023851, 99999.9, 0.1379, -0.000430152, 99999.9, 0.2175
0.7225, 0.999999, -0.00023851, 99999.9, 0.1379, -0.000430154, 99999.9, 0.2225
0.7275, 0.999999, -0.00023851, 99999.9, 0.1379, -0.000430156, 99999.9, 0.2275
0.7325, 0.999999, -0.00023851, 99999.9, 0.1379, -0.000430159, 99999.9, 0.2325
0.7375, 0.999999, -0.00023851, 99999.9, 0.1379, -0.000430163, 99999.9, 0.2375
0.7425, 0.999999, -0.00023851, 99999.9, 0.1379, -0.000430168, 99999.9, 0.2425
0.7475, 0.999999, -0.00023851, 99999.9, 0.1379, -0.000430173, 99999.9, 0.2475
0.7525, 0.999999, -0.00023851, 99999.9, 0.1379, -0.000430178, 99999.9, 0.2525
0.7575, 0.999999, -0.00023851, 99999.9, 0.1379, -0.000430182, 99999.9, 0.2575
0.7625, 0.999999, -0.00023851, 99999.9, 0.1379, -0.000430184, 99999.9, 0.2625
0.7675, 0.999999, -0.00023851, 99999.9, 0.1379, -0.000430186, 99999.9, 0.2675
0.7725, 0.999999, -0.00023851, 99999.9, 0.1379, -0.000430187, 99999.9, 0.2725
0.7775, 0.999999, -0.00023851, 99999.9, 0.1379, -0.000430187, 99999.9, 0.2775
0.7825, 0.999999, -0.00023851, 99999.9, 0.1379, -0.000430186, 99999.9, 0.2825
0.7875, 0.999999, -0.00023851, 99999.9, 0.1379, -0.000430184, 99999.9, 0.2875
0.7925, 0.999999, -0.00023851, 99999.9, 0.1379, -0.000430176, 99999.9, 0.2925
0.7975, 0.999999, -0.00023851, 99999.9, 0.1379, -0.000430165, 99999.9, 0.2975
0.8025, 0.999999, -0.00023851, 99999.9, 0.1379, -0.000430151, 99999.9, 0.3025
0.8075, 0.999999, -0.00023851, 99999.9, 0.1379, -0.000430133, 99999.9, 0.3075
0.8125, 0.999999, -0.00023851, 99999.9, 0.1379, -0.000430112, 99999.9, 0.3125
0.8175, 0.999999, -0.00023851, 99999.9, 0.1379, -0.000430088, 99999.9, 0.3175
0.8225, 0.999999, -0.00023851, 99999.9, 0.1379, -0.000430064, 99999.9, 0.3225
0.8275, 0.999999, -0.00023851, 99999.9, 0.1379, -0.000430042, 99999.9, 0.3275
0.8325, 0.999999, -0.00023851, 99999.9, 0.1379, -0.00043002, 99999.9, 0.3325
0.8375, 0.999999, -0.00023851, 99999.9, 0.1379, -0.00043, 99999.9, 0.3375
0.8425, 0.999999, -0.00023851, 99999.9, 0.1379, -0.000429979, 99999.9, 0.3425
0.8475, 0.999999, -0.00023851, 99999.9, 0.1379, -0.000429955, 99999.9, 0.3475
0.8525, 0.999999, -0.00023851, 99999.9, 0.1379, -0.000429926, 99999.9, 0.3525
0.8575, 0.999999, -0.00023851, 99999.9, 0.1379, -0.000429892, 99999.9, 0.3575
0.8625, 0.999999, -0.00023851, 99999.9, 0.1379, -0.00042986, 99999.9, 0.3625
0.8675, 0.999999, -0.00023851, 99999.9, 0.1379, -0.000429833, 99999.9, 0.3675
0.8725, 0.999999, -0.00023851, 99999.9, 0.1379, -0.000429814, 99999.9, 0.3725
0.8775, 0.999999, -0.00023851, 99999.9, 0.1379, -0.000429803, 99999.9, 0.3775
0.8825, 0.999999, -0.00023851, 99999.9, 0.1379, -0.000429799, 99999.9, 0.3825
0.8875, 0.999999, -0.00023851, 99999.9, 0.1379, -0.0004298, 99999.9, 0.3875
0.8925, 0.999999, -0.00023851, 99999.9, 0.1379, -0.000429812, 99999.9, 0.3925
0.8975, 0.999999, -0.00023851, 99999.9, 0.1379, -0.000429864, 99999.9, 0.3975
0.9025, 0.999999, -0.00023851, 99999.9, 0.1379, -0.000429937, 99999.9, 0.4025
0.9075, 0.999999, -0.00023851, 99999.9, 0.1379, -0.000429995, 99999.9, 0.4075
0.9125, 0.999999, -0.00023851, 99999.9, 0.1379, -0.000430034, 99999.9, 0.4125
0.9175, 0.999999, -0.00023851, 99999.9, 0.1379, -0.000430055, 99999.9, 0.4175
0.9225, 0.999999, -0.00023851, 99999.9, 0.1379, -0.000430061, 99999.9, 0.4225
0.9275, 0.999999, -0.00023851, 99999.9, 0.1379, -0.00043006, 99999.9, 0.4275
0.9325, 0.999999, -0.00023851, 99999.9, 0.1379, -0.000430037, 99999.9, 0.4325
0.9375, 0.999999, -0.00023851, 99999.9, 0.1379, -0.000429934, 99999.9, 0.4375
0.9425, 0.999999, -0.00023851, 99999.9, 0.1379, -0.000429579, 99999.9, 0.4425
0.9475, 0.999999, -0.00023851, 99999.9, 0.1379, -0.000428453, 99999.9, 0.4475
0.9525, 0.999999, -0.00023851, 99999.9, 0.1379, -0.000425007, 99999.9, 0.4525
0.9575, 0.999999, -0.00023851, 99999.9, 0.1379, -0.000414114, 99999.9, 0.4575
0.9625, 0.999999, -0.00023851, 99999.9, 0.1379, -0.000378467, 99999.9, 0.4625
0.9675, 0.999999, -0.00023851, 99999.9, 0.1379, -0.000303052, 100000, 0.4675
0.9725, 0.999999, -0.00023851, 99999.9, 0.1379, -0.000218448, 100000, 0.4725
0.9775, 0.999999, -0.00023851, 99999.9, 0.1379, -0.000146607, 100000, 0.4775
0.9825, 0.999999, -0.00023851, 99999.9, 0.1379, -9.17179e-05, 100000, 0.4825
0.9875, 0.999999, -0.00023851, 99999.9, 0.1379, -5.34386e-05, 100000, 0.4875
0.9925, 0.999999, -0.00023851, 99999.9, 0.1379, -2.89303e-05, 100000, 0.4925
0.9975, 0.999999, -0.00023851, 99999.9, 0.1379, -1.42297e-05, 100000, 0.4975
